var battlev = new Float32Array([
10, 0, -7.5, 
7.5, 0, -10, 
7.5, 0, -7.5, 
0, 0, -7.5, 
-2.5, 0, -10, 
-2.5, 0, -7.5, 
0, 0, 2.5, 
-2.5, 0, 0, 
-2.5, 0, 2.5, 
10, 0, 2.5, 
7.5, 0, 0, 
7.5, 0, 2.5, 
5, 0, 2.5, 
2.5, 0, 0, 
2.5, 0, 2.5, 
5, 0, 7.5, 
2.5, 0, 5, 
2.5, 0, 7.5, 
7.5, 0, 7.5, 
10, 0, 5, 
7.5, 0, 5, 
-5, 0, 2.5, 
-7.5, 0, 0, 
-7.5, 0, 2.5, 
-5, 0, 7.5, 
-7.5, 0, 5, 
-7.5, 0, 7.5, 
0, 0, 7.5, 
-2.5, 0, 5, 
-2.5, 0, 7.5, 
-5, 0, -7.5, 
-7.5, 0, -10, 
-7.5, 0, -7.5, 
-5, 0, -2.5, 
-7.5, 0, -5, 
-7.5, 0, -2.5, 
0, 0, -2.5, 
-2.5, 0, -5, 
-2.5, 0, -2.5, 
5, 0, -7.5, 
2.5, 0, -10, 
2.5, 0, -7.5, 
5, 0, -2.5, 
2.5, 0, -5, 
2.5, 0, -2.5, 
10.4133, 0, -3.00755, 
7.5, 0, -5, 
7.5, 0, -2.5, 
7.5, 0, -2.5, 
5, 0, -5, 
5, 0, -2.5, 
7.5, 0, 0, 
5, 0, -2.5, 
5, 0, 0, 
10, 0, 0, 
7.5, 0, -2.5, 
7.5, 0, 0, 
2.5, 0, -2.5, 
0, 0, -5, 
0, 0, -2.5, 
2.5, 0, 0, 
0, 0, -2.5, 
0, 0, 0, 
5, 0, 0, 
2.5, 0, -2.5, 
2.5, 0, 0, 
0, 0, -7.5, 
2.5, 0, -10, 
0.413306, 0, -10.5075, 
2.5, 0, -5, 
0, 0, -7.5, 
0, 0, -5, 
5, 0, -5, 
2.5, 0, -7.5, 
2.5, 0, -5, 
-2.5, 0, -2.5, 
-5, 0, -5, 
-5, 0, -2.5, 
-2.5, 0, 0, 
-5, 0, -2.5, 
-5, 0, 0, 
0, 0, 0, 
-2.5, 0, -2.5, 
-2.5, 0, 0, 
-7.5, 0, -2.5, 
-10, 0, -5, 
-10, 0, -2.5, 
-9.58669, 0, -0.507547, 
-7.5, 0, -2.5, 
-10, 0, -2.5, 
-5, 0, 0, 
-7.5, 0, -2.5, 
-7.5, 0, 0, 
-9.58669, 0, -8.00755, 
-7.5, 0, -10, 
-9.58669, 0, -10.5075, 
-10, 0, -5, 
-7.5, 0, -7.5, 
-9.58669, 0, -8.00755, 
-5, 0, -5, 
-7.5, 0, -7.5, 
-7.5, 0, -5, 
-2.5, 0, 7.5, 
-5, 0, 5, 
-5, 0, 7.5, 
-4.58669, 0, 9.49245, 
-2.5, 0, 7.5, 
-5, 0, 7.5, 
-2.5, 0, 10, 
0, 0, 7.5, 
-2.5, 0, 7.5, 
-9.58669, 0, 6.99245, 
-7.5, 0, 5, 
-10, 0, 5, 
-10, 0, 10, 
-7.5, 0, 7.5, 
-9.58669, 0, 6.99245, 
-7.5, 0, 10, 
-5, 0, 7.5, 
-7.5, 0, 7.5, 
-9.58669, 0, 1.99245, 
-7.5, 0, 0, 
-9.58669, 0, -0.507547, 
-10, 0, 5, 
-7.5, 0, 2.5, 
-9.58669, 0, 1.99245, 
-5, 0, 5, 
-7.5, 0, 2.5, 
-7.5, 0, 5, 
7.5, 0, 7.5, 
5, 0, 5, 
5, 0, 7.5, 
5.41331, 0, 9.49245, 
7.5, 0, 7.5, 
5, 0, 7.5, 
10, 0, 10, 
7.5, 0, 7.5, 
7.5, 0, 10, 
2.5, 0, 7.5, 
0, 0, 5, 
0, 0, 7.5, 
0.413306, 0, 9.49245, 
2.5, 0, 7.5, 
0, 0, 7.5, 
2.5, 0, 10, 
5, 0, 7.5, 
2.5, 0, 7.5, 
2.5, 0, 2.5, 
0, 0, 0, 
0, 0, 2.5, 
2.5, 0, 5, 
0, 0, 2.5, 
0, 0, 5, 
5, 0, 5, 
2.5, 0, 2.5, 
2.5, 0, 5, 
7.5, 0, 2.5, 
5, 0, 0, 
5, 0, 2.5, 
7.5, 0, 5, 
5, 0, 2.5, 
5, 0, 5, 
10, 0, 5, 
7.5, 0, 2.5, 
7.5, 0, 5, 
-2.5, 0, 2.5, 
-5, 0, 0, 
-5, 0, 2.5, 
-2.5, 0, 5, 
-5, 0, 2.5, 
-5, 0, 5, 
0, 0, 5, 
-2.5, 0, 2.5, 
-2.5, 0, 5, 
-5, 0, -7.5, 
-2.5, 0, -10, 
-4.58669, 0, -10.5075, 
-2.5, 0, -5, 
-5, 0, -7.5, 
-5, 0, -5, 
0, 0, -5, 
-2.5, 0, -7.5, 
-2.5, 0, -5, 
7.5, 0, -7.5, 
5, 0, -10, 
5, 0, -7.5, 
7.5, 0, -5, 
5, 0, -7.5, 
5, 0, -5, 
7.5, 0, -5, 
10, 0, -7.5, 
7.5, 0, -7.5, 
10, 0, -7.5, 
10.4133, 0, -10.5075, 
7.5, 0, -10, 
0, 0, -7.5, 
0.413306, 0, -10.5075, 
-2.5, 0, -10, 
0, 0, 2.5, 
0, 0, 0, 
-2.5, 0, 0, 
10, 0, 2.5, 
10, 0, 0, 
7.5, 0, 0, 
5, 0, 2.5, 
5, 0, 0, 
2.5, 0, 0, 
5, 0, 7.5, 
5, 0, 5, 
2.5, 0, 5, 
7.5, 0, 7.5, 
10.4133, 0, 6.99245, 
10, 0, 5, 
-5, 0, 2.5, 
-5, 0, 0, 
-7.5, 0, 0, 
-5, 0, 7.5, 
-5, 0, 5, 
-7.5, 0, 5, 
0, 0, 7.5, 
0, 0, 5, 
-2.5, 0, 5, 
-5, 0, -7.5, 
-4.58669, 0, -10.5075, 
-7.5, 0, -10, 
-5, 0, -2.5, 
-5, 0, -5, 
-7.5, 0, -5, 
0, 0, -2.5, 
0, 0, -5, 
-2.5, 0, -5, 
5, 0, -7.5, 
5, 0, -10, 
2.5, 0, -10, 
5, 0, -2.5, 
5, 0, -5, 
2.5, 0, -5, 
10.4133, 0, -3.00755, 
10.4133, 0, -5.50755, 
7.5, 0, -5, 
7.5, 0, -2.5, 
7.5, 0, -5, 
5, 0, -5, 
7.5, 0, 0, 
7.5, 0, -2.5, 
5, 0, -2.5, 
10, 0, 0, 
10.4133, 0, -3.00755, 
7.5, 0, -2.5, 
2.5, 0, -2.5, 
2.5, 0, -5, 
0, 0, -5, 
2.5, 0, 0, 
2.5, 0, -2.5, 
0, 0, -2.5, 
5, 0, 0, 
5, 0, -2.5, 
2.5, 0, -2.5, 
0, 0, -7.5, 
2.5, 0, -7.5, 
2.5, 0, -10, 
2.5, 0, -5, 
2.5, 0, -7.5, 
0, 0, -7.5, 
5, 0, -5, 
5, 0, -7.5, 
2.5, 0, -7.5, 
-2.5, 0, -2.5, 
-2.5, 0, -5, 
-5, 0, -5, 
-2.5, 0, 0, 
-2.5, 0, -2.5, 
-5, 0, -2.5, 
0, 0, 0, 
0, 0, -2.5, 
-2.5, 0, -2.5, 
-7.5, 0, -2.5, 
-7.5, 0, -5, 
-10, 0, -5, 
-9.58669, 0, -0.507547, 
-7.5, 0, 0, 
-7.5, 0, -2.5, 
-5, 0, 0, 
-5, 0, -2.5, 
-7.5, 0, -2.5, 
-9.58669, 0, -8.00755, 
-7.5, 0, -7.5, 
-7.5, 0, -10, 
-10, 0, -5, 
-7.5, 0, -5, 
-7.5, 0, -7.5, 
-5, 0, -5, 
-5, 0, -7.5, 
-7.5, 0, -7.5, 
-2.5, 0, 7.5, 
-2.5, 0, 5, 
-5, 0, 5, 
-4.58669, 0, 9.49245, 
-2.5, 0, 10, 
-2.5, 0, 7.5, 
-2.5, 0, 10, 
0.413306, 0, 9.49245, 
0, 0, 7.5, 
-9.58669, 0, 6.99245, 
-7.5, 0, 7.5, 
-7.5, 0, 5, 
-10, 0, 10, 
-7.5, 0, 10, 
-7.5, 0, 7.5, 
-7.5, 0, 10, 
-4.58669, 0, 9.49245, 
-5, 0, 7.5, 
-9.58669, 0, 1.99245, 
-7.5, 0, 2.5, 
-7.5, 0, 0, 
-10, 0, 5, 
-7.5, 0, 5, 
-7.5, 0, 2.5, 
-5, 0, 5, 
-5, 0, 2.5, 
-7.5, 0, 2.5, 
7.5, 0, 7.5, 
7.5, 0, 5, 
5, 0, 5, 
5.41331, 0, 9.49245, 
7.5, 0, 10, 
7.5, 0, 7.5, 
10, 0, 10, 
10.4133, 0, 6.99245, 
7.5, 0, 7.5, 
2.5, 0, 7.5, 
2.5, 0, 5, 
0, 0, 5, 
0.413306, 0, 9.49245, 
2.5, 0, 10, 
2.5, 0, 7.5, 
2.5, 0, 10, 
5.41331, 0, 9.49245, 
5, 0, 7.5, 
2.5, 0, 2.5, 
2.5, 0, 0, 
0, 0, 0, 
2.5, 0, 5, 
2.5, 0, 2.5, 
0, 0, 2.5, 
5, 0, 5, 
5, 0, 2.5, 
2.5, 0, 2.5, 
7.5, 0, 2.5, 
7.5, 0, 0, 
5, 0, 0, 
7.5, 0, 5, 
7.5, 0, 2.5, 
5, 0, 2.5, 
10, 0, 5, 
10, 0, 2.5, 
7.5, 0, 2.5, 
-2.5, 0, 2.5, 
-2.5, 0, 0, 
-5, 0, 0, 
-2.5, 0, 5, 
-2.5, 0, 2.5, 
-5, 0, 2.5, 
0, 0, 5, 
0, 0, 2.5, 
-2.5, 0, 2.5, 
-5, 0, -7.5, 
-2.5, 0, -7.5, 
-2.5, 0, -10, 
-2.5, 0, -5, 
-2.5, 0, -7.5, 
-5, 0, -7.5, 
0, 0, -5, 
0, 0, -7.5, 
-2.5, 0, -7.5, 
7.5, 0, -7.5, 
7.5, 0, -10, 
5, 0, -10, 
7.5, 0, -5, 
7.5, 0, -7.5, 
5, 0, -7.5, 
7.5, 0, -5, 
10.4133, 0, -5.50755, 
10, 0, -7.5, 
0, 0, 0, 
0, 0, 0, 
0, 0, 0, 
0, 0, 0, 
0, 0, 0, 
0, 0, 0, 
0, 0, 0, 
0, 0, 0, 
0, 0, 0, 
0, 0, 0, 
0, 0, 0, 
0, 0, 0, 
0, 0, 0, 
0, 0, 0, 
0, 0, 0, 
0, 0, 0, 
0, 0, 0, 
0, 0, 0, 
0, 0, 0, 
0, 0, 0, 
0, 0, 0, 
0, 0, 0, 
0, 0, 0, 
0, 0, 0, 
0, 0, 0, 
0, 0, 0, 
0, 0, 0, 
0, 0, 0, 
0, 0, 0, 
0, 0, 0, 
0, 0, 0, 
0, 0, 0, 
0, 0, 0, 
0, 0, 0, 
0, 0, 0, 
0, 0, 0, 
0, 0, 0, 
0, 0, 0, 
0, 0, 0, 
0, 0, 0, 
0, 0, 0, 
0, 0, 0, 
0, 0, 0, 
0, 0, 0, 
0, 0, 0, 
0, 0, 0, 
0, 0, 0, 
0, 0, 0, 
0, 0, 0, 
0, 0, 0, 
0, 0, 0, 
0, 0, 0, 
0, 0, 0, 
0, 0, 0, 
0, 0, 0, 
0, 0, 0, 
0, 0, 0, 
0, 0, 0, 
0, 0, 0, 
0, 0, 0, 
0, 0, 0, 
0, 0, 0, 
0, 0, 0, 
0, 0, 0, 
0, 0, 0, 
0, 0, 0, 
0, 0, 0, 
0, 0, 0, 
0, 0, 0, 
0, 0, 0, 
0, 0, 0, 
0, 0, 0, 
0, 0, 0, 
0, 0, 0, 
0, 0, 0, 
0, 0, 0, 
0, 0, 0, 
0, 0, 0, 
0, 0, 0, 
0, 0, 0, 
0, 0, 0, 
0, 0, 0, 
0, 0, 0, 
0, 0, 0, 
0, 0, 0, 
0, 0, 0, 
0, 0, 0, 
0, 0, 0, 
0, 0, 0, 
0, 0, 0, 
0, 0, 0, 
0, 0, 0, 
0, 0, 0, 
0, 0, 0, 
0, 0, 0, 
0, 0, 0, 
0, 0, 0, 
0, 0, 0, 
0, 0, 0, 
0, 0, 0, 
0, 0, 0, 
0, 0, 0, 
0, 0, 0, 
0, 0, 0, 
0, 0, 0, 
0, 0, 0, 
0, 0, 0, 
0, 0, 0, 
0, 0, 0, 
0, 0, 0, 
0, 0, 0, 
0, 0, 0, 
0, 0, 0, 
0, 0, 0, 
0, 0, 0, 
0, 0, 0, 
0, 0, 0, 
0, 0, 0, 
0, 0, 0, 
0, 0, 0, 
0, 0, 0, 
0, 0, 0, 
0, 0, 0, 
0, 0, 0, 
0, 0, 0, 
0, 0, 0, 
0, 0, 0, 
0, 0, 0, 
0, 0, 0, 
0, 0, 0, 
0, 0, 0, 
0, 0, 0, 
0, 0, 0, 
0, 0, 0, 
0, 0, 0, 
0, 0, 0, 
0, 0, 0, 
0, 0, 0, 
0, 0, 0, 
0, 0, 0, 
0, 0, 0, 
0, 0, 0, 
0, 0, 0, 
0, 0, 0, 
0, 0, 0, 
0, 0, 0, 
0, 0, 0, 
0, 0, 0, 
0, 0, 0, 
0, 0, 0, 
0, 0, 0, 
0, 0, 0, 
0, 0, 0, 
0, 0, 0, 
0, 0, 0, 
0, 0, 0, 
0, 0, 0, 
0, 0, 0, 
0, 0, 0, 
0, 0, 0, 
0, 0, 0, 
0, 0, 0, 
0, 0, 0, 
0, 0, 0, 
0, 0, 0, 
0, 0, 0, 
0, 0, 0, 
0, 0, 0, 
0, 0, 0, 
0, 0, 0, 
0, 0, 0, 
0, 0, 0, 
0, 0, 0, 
0, 0, 0, 
0, 0, 0, 
0, 0, 0, 
0, 0, 0, 
0, 0, 0, 
0, 0, 0, 
0, 0, 0, 
0, 0, 0, 
0, 0, 0, 
0, 0, 0, 
0, 0, 0, 
0, 0, 0, 
0, 0, 0, 
0, 0, 0, 
0, 0, 0, 
0, 0, 0, 
0, 0, 0, 
0, 0, 0, 
0, 0, 0, 
0, 0, 0, 
0, 0, 0, 
0, 0, 0, 
0, 0, 0, 
0, 0, 0, 
0, 0, 0, 
0, 0, 0, 
0, 0, 0, 
0, 0, 0, 
0, 0, 0, 
0, 0, 0, 
0, 0, 0, 
0, 0, 0, 
0, 0, 0, 
0, 0, 0, 
0, 0, 0, 
0, 0, 0, 
0, 0, 0, 
0, 0, 0, 
0, 0, 0, 
0, 0, 0, 
0, 0, 0, 
0, 0, 0, 
0, 0, 0, 
0, 0, 0, 
0, 0, 0, 
0, 0, 0, 
0, 0, 0, 
0, 0, 0, 
0, 0, 0, 
0, 0, 0, 
0, 0, 0, 
0, 0, 0, 
0, 0, 0, 
0, 0, 0, 
0, 0, 0, 
0, 0, 0, 
0, 0, 0, 
0, 0, 0, 
0, 0, 0, 
0, 0, 0, 
0, 0, 0, 
0, 0, 0, 
0, 0, 0, 
0, 0, 0, 
0, 0, 0, 
0, 0, 0, 
0, 0, 0, 
0, 0, 0, 
0, 0, 0, 
0, 0, 0, 
0, 0, 0, 
0, 0, 0, 
0, 0, 0, 
0, 0, 0, 
0, 0, 0, 
0, 0, 0, 
0, 0, 0, 
0, 0, 0, 
0, 0, 0, 
0, 0, 0, 
0, 0, 0, 
0, 0, 0, 
0, 0, 0, 
0, 0, 0, 
0, 0, 0, 
0, 0, 0, 
0, 0, 0, 
0, 0, 0, 
0, 0, 0, 
0, 0, 0, 
0, 0, 0, 
0, 0, 0, 
0, 0, 0, 
0, 0, 0, 
0, 0, 0, 
0, 0, 0, 
0, 0, 0, 
0, 0, 0, 
0, 0, 0, 
0, 0, 0, 
0, 0, 0, 
0, 0, 0, 
0, 0, 0, 
0, 0, 0, 
0, 0, 0, 
0, 0, 0, 
0, 0, 0, 
0, 0, 0, 
0, 0, 0, 
0, 0, 0, 
0, 0, 0, 
0, 0, 0, 
0, 0, 0, 
0, 0, 0, 
0, 0, 0, 
0, 0, 0, 
0, 0, 0, 
0, 0, 0, 
0, 0, 0, 
0, 0, 0, 
0, 0, 0, 
0, 0, 0, 
0, 0, 0, 
0, 0, 0, 
0, 0, 0, 
0, 0, 0, 
0, 0, 0, 
0, 0, 0, 
0, 0, 0, 
0, 0, 0, 
0, 0, 0, 
0, 0, 0, 
0, 0, 0, 
0, 0, 0, 
0, 0, 0, 
0, 0, 0, 
0, 0, 0, 
0, 0, 0, 
0, 0, 0, 
0, 0, 0, 
0, 0, 0, 
0, 0, 0, 
0, 0, 0, 
0, 0, 0, 
0, 0, 0, 
0, 0, 0, 
0, 0, 0, 
0, 0, 0, 
0, 0, 0, 
0, 0, 0, 
0, 0, 0, 
0, 0, 0, 
0, 0, 0, 
0, 0, 0, 
0, 0, 0, 
0, 0, 0, 
0, 0, 0, 
0, 0, 0, 
0, 0, 0, 
0, 0, 0, 
0, 0, 0, 
0, 0, 0, 
0, 0, 0, 
0, 0, 0, 
0, 0, 0, 
0, 0, 0, 
0, 0, 0, 
0, 0, 0, 
0, 0, 0, 
0, 0, 0, 
0, 0, 0, 
0, 0, 0, 
0, 0, 0, 
0, 0, 0, 
0, 0, 0, 
0, 0, 0, 
0, 0, 0, 
0, 0, 0, 
0, 0, 0, 
0, 0, 0, 
0, 0, 0, 
0, 0, 0, 
0, 0, 0, 
0, 0, 0, 
0, 0, 0, 
0, 0, 0, 
0, 0, 0, 
0, 0, 0, 
0, 0, 0, 
0, 0, 0, 
0, 0, 0, 
0, 0, 0, 
0, 0, 0, 
0, 0, 0, 
0, 0, 0, 
0, 0, 0, 
0, 0, 0, 
0, 0, 0, 
0, 0, 0, 
0, 0, 0, 
0, 0, 0, 
0, 0, 0, 
0, 0, 0, 
0, 0, 0, 
0, 0, 0, 
0, 0, 0, 
0, 0, 0, 
0, 0, 0, 
0, 0, 0, 
0, 0, 0, 
0, 0, 0, 
0, 0, 0, 
0, 0, 0, 
0, 0, 0, 
0, 0, 0, 
0, 0, 0, 
0, 0, 0, 
0, 0, 0, 
0, 0, 0, 
0, 0, 0, 
0, 0, 0, 
0, 0, 0, 
0, 0, 0, 
0, 0, 0, 
0, 0, 0, 
0, 0, 0, 
0, 0, 0, 
0, 0, 0, 
0, 0, 0, 
0, 0, 0, 
0, 0, 0, 
0, 0, 0, 
0, 0, 0, 
0, 0, 0, 
0, 0, 0, 
0, 0, 0, 
0, 0, 0, 
0, 0, 0, 
0, 0, 0, 
0, 0, 0, 
0, 0, 0, 
0, 0, 0, 
0, 0, 0, 
0, 0, 0, 
0, 0, 0, 
0, 0, 0, 
0, 0, 0, 
0, 0, 0, 
0, 0, 0, 
0, 0, 0, 
0, 0, 0, 
0, 0, 0, 
0, 0, 0, 
0, 0, 0, 
0, 0, 0, 
0, 0, 0, 
0, 0, 0, 
0, 0, 0, 
0, 0, 0, 
0, 0, 0, 
0, 0, 0, 
0, 0, 0, 
0, 0, 0, 
0, 0, 0, 
0, 0, 0, 
0, 0, 0, 
0, 0, 0, 
0, 0, 0, 
0, 0, 0, 
0, 0, 0, 
0, 0, 0, 
0, 0, 0, 
0, 0, 0, 
0, 0, 0, 
0, 0, 0, 
0, 0, 0, 
0, 0, 0, 
0, 0, 0, 
0, 0, 0, 
0, 0, 0, 
0, 0, 0, 
0, 0, 0, 
0, 0, 0, 
0, 0, 0, 
0, 0, 0, 
0, 0, 0, 
0, 0, 0, 
0, 0, 0, 
0, 0, 0, 
0, 0, 0, 
0, 0, 0, 
0, 0, 0, 
0, 0, 0, 
0, 0, 0, 
0, 0, 0, 
0, 0, 0, 
0, 0, 0, 
0, 0, 0, 
0, 0, 0, 
0, 0, 0, 
0, 0, 0, 
0, 0, 0, 
0, 0, 0, 
0, 0, 0, 
0, 0, 0, 
0, 0, 0, 
0, 0, 0, 
0, 0, 0, 
0, 0, 0, 
0, 0, 0, 
0, 0, 0, 
0, 0, 0, 
0, 0, 0, 
0, 0, 0, 
0, 0, 0, 
0, 0, 0, 
0, 0, 0, 
0, 0, 0, 
0, 0, 0, 
0, 0, 0, 
0, 0, 0, 
0, 0, 0, 
0, 0, 0, 
0, 0, 0, 
0, 0, 0, 
0, 0, 0, 
0, 0, 0, 
0, 0, 0, 
0, 0, 0, 
0, 0, 0, 
0, 0, 0, 
0, 0, 0, 
0, 0, 0, 
0, 0, 0, 
0, 0, 0, 
0, 0, 0, 
0, 0, 0, 
0, 0, 0, 
0, 0, 0, 
0, 0, 0, 
0, 0, 0, 
0, 0, 0, 
0, 0, 0, 
0, 0, 0, 
0, 0, 0, 
0, 0, 0, 
0, 0, 0, 
0, 0, 0, 
0, 0, 0, 
0, 0, 0, 
0, 0, 0, 
0, 0, 0, 
0, 0, 0, 
0, 0, 0, 
0, 0, 0, 
0, 0, 0, 
0, 0, 0, 
0, 0, 0, 
0, 0, 0, 
0, 0, 0, 
0, 0, 0, 
0, 0, 0, 
0, 0, 0, 
0, 0, 0, 
0, 0, 0, 
0, 0, 0, 
0, 0, 0, 
0, 0, 0, 
0, 0, 0, 
0, 0, 0, 
0, 0, 0, 
0, 0, 0, 
0, 0, 0, 
0, 0, 0, 
0, 0, 0, 
0, 0, 0, 
0, 0, 0, 
0, 0, 0, 
0, 0, 0, 
0, 0, 0, 
0, 0, 0, 
0, 0, 0, 
0, 0, 0, 
0, 0, 0, 
0, 0, 0, 
0, 0, 0, 
0, 0, 0, 
0, 0, 0, 
0, 0, 0, 
0, 0, 0, 
0, 0, 0, 
0, 0, 0, 
0, 0, 0, 
0, 0, 0, 
0, 0, 0, 
0, 0, 0, 
0, 0, 0, 
0, 0, 0, 
0, 0, 0, 
0, 0, 0, 
0, 0, 0, 
0, 0, 0, 
0, 0, 0, 
0, 0, 0, 
0, 0, 0, 
0, 0, 0, 
0, 0, 0, 
0, 0, 0, 
0, 0, 0, 
0, 0, 0, 
0, 0, 0, 
0, 0, 0, 
0, 0, 0, 
0, 0, 0, 
0, 0, 0, 
0, 0, 0, 
0, 0, 0, 
0, 0, 0, 
0, 0, 0, 
0, 0, 0, 
0, 0, 0, 
0, 0, 0, 
0, 0, 0, 
0, 0, 0, 
0, 0, 0, 
0, 0, 0, 
0, 0, 0, 
0, 0, 0, 
0, 0, 0, 
0, 0, 0, 
0, 0, 0, 
0, 0, 0, 
0, 0, 0, 
0, 0, 0, 
0, 0, 0, 
0, 0, 0, 
0, 0, 0, 
0, 0, 0, 
0, 0, 0, 
0, 0, 0, 
0, 0, 0, 
0, 0, 0, 
0, 0, 0, 
0, 0, 0, 
0, 0, 0, 
0, 0, 0, 
0, 0, 0, 
0, 0, 0, 
0, 0, 0, 
0, 0, 0, 
0, 0, 0, 
0, 0, 0, 
0, 0, 0, 
0, 0, 0, 
0, 0, 0, 
0, 0, 0, 
0, 0, 0, 
0, 0, 0, 
0, 0, 0, 
0, 0, 0, 
0, 0, 0, 
0, 0, 0, 
0, 0, 0, 
0, 0, 0, 
0, 0, 0, 
0, 0, 0, 
0, 0, 0, 
0, 0, 0, 
0, 0, 0, 
0, 0, 0, 
0, 0, 0, 
0, 0, 0, 
0, 0, 0, 
0, 0, 0, 
0, 0, 0, 
0, 0, 0, 
0, 0, 0, 
0, 0, 0, 
0, 0, 0, 
0, 0, 0, 
0, 0, 0, 
0, 0, 0, 
0, 0, 0, 
0, 0, 0, 
0, 0, 0, 
0, 0, 0, 
0, 0, 0, 
0, 0, 0, 
0, 0, 0, 
0, 0, 0, 
0, 0, 0, 
0, 0, 0, 
0, 0, 0, 
0, 0, 0, 
0, 0, 0, 
0, 0, 0, 
0, 0, 0, 
0, 0, 0, 
0, 0, 0, 
0, 0, 0, 
0, 0, 0, 
0, 0, 0, 
0, 0, 0, 
0, 0, 0, 
0, 0, 0, 
0, 0, 0, 
0, 0, 0, 
0, 0, 0, 
0, 0, 0, 
0, 0, 0, 
0, 0, 0, 
0, 0, 0, 
0, 0, 0, 
0, 0, 0, 
0, 0, 0, 
0, 0, 0, 
0, 0, 0, 
0, 0, 0, 
0, 0, 0, 
0, 0, 0, 
0, 0, 0, 
0, 0, 0, 
0, 0, 0, 
0, 0, 0, 
0, 0, 0, 
0, 0, 0, 
0, 0, 0, 
0, 0, 0, 
0, 0, 0, 
0, 0, 0, 
0, 0, 0, 
0, 0, 0, 
0, 0, 0, 
0, 0, 0, 
0, 0, 0, 
0, 0, 0, 
0, 0, 0, 
0, 0, 0, 
0, 0, 0, 
0, 0, 0, 
0, 0, 0, 
0, 0, 0, 
0, 0, 0, 
0, 0, 0, 
0, 0, 0, 
0, 0, 0, 
0, 0, 0, 
0, 0, 0, 
0, 0, 0, 
0, 0, 0, 
0, 0, 0, 
0, 0, 0, 
0, 0, 0, 
0, 0, 0, 
0, 0, 0, 
0, 0, 0, 
0, 0, 0, 
0, 0, 0, 
0, 0, 0, 
0, 0, 0, 
0, 0, 0, 
0, 0, 0, 
0, 0, 0, 
0, 0, 0, 
0, 0, 0, 
0, 0, 0, 
0, 0, 0, 
0, 0, 0, 
0, 0, 0, 
0, 0, 0, 
0, 0, 0, 
0, 0, 0, 
0, 0, 0, 
0, 0, 0, 
0, 0, 0, 
0, 0, 0, 
0, 0, 0, 
0, 0, 0, 
0, 0, 0, 
0, 0, 0, 
0, 0, 0, 
0, 0, 0, 
0, 0, 0, 
0, 0, 0, 
0, 0, 0, 
0, 0, 0, 
0, 0, 0, 
0, 0, 0, 
0, 0, 0, 
0, 0, 0, 
0, 0, 0, 
0, 0, 0, 
0, 0, 0, 
0, 0, 0, 
0, 0, 0, 
]);
var battlen = new Float32Array([
0, 1, 0, 
0, 1, 0, 
0, 1, 0, 
0, 1, 0, 
0, 1, 0, 
0, 1, 0, 
0, 1, 0, 
0, 1, 0, 
0, 1, 0, 
0, 1, 0, 
0, 1, 0, 
0, 1, 0, 
0, 1, 0, 
0, 1, 0, 
0, 1, 0, 
0, 1, 0, 
0, 1, 0, 
0, 1, 0, 
0, 1, 0, 
0, 1, 0, 
0, 1, 0, 
0, 1, 0, 
0, 1, 0, 
0, 1, 0, 
0, 1, 0, 
0, 1, 0, 
0, 1, 0, 
0, 1, 0, 
0, 1, 0, 
0, 1, 0, 
0, 1, 0, 
0, 1, 0, 
0, 1, 0, 
0, 1, 0, 
0, 1, 0, 
0, 1, 0, 
0, 1, 0, 
0, 1, 0, 
0, 1, 0, 
0, 1, 0, 
0, 1, 0, 
0, 1, 0, 
0, 1, 0, 
0, 1, 0, 
0, 1, 0, 
0, 1, 0, 
0, 1, 0, 
0, 1, 0, 
0, 1, 0, 
0, 1, 0, 
0, 1, 0, 
0, 1, 0, 
0, 1, 0, 
0, 1, 0, 
0, 1, 0, 
0, 1, 0, 
0, 1, 0, 
0, 1, 0, 
0, 1, 0, 
0, 1, 0, 
0, 1, 0, 
0, 1, 0, 
0, 1, 0, 
0, 1, 0, 
0, 1, 0, 
0, 1, 0, 
0, 1, 0, 
0, 1, 0, 
0, 1, 0, 
0, 1, 0, 
0, 1, 0, 
0, 1, 0, 
0, 1, 0, 
0, 1, 0, 
0, 1, 0, 
0, 1, 0, 
0, 1, 0, 
0, 1, 0, 
0, 1, 0, 
0, 1, 0, 
0, 1, 0, 
0, 1, 0, 
0, 1, 0, 
0, 1, 0, 
0, 1, 0, 
0, 1, 0, 
0, 1, 0, 
0, 1, 0, 
0, 1, 0, 
0, 1, 0, 
0, 1, 0, 
0, 1, 0, 
0, 1, 0, 
0, 1, 0, 
0, 1, 0, 
0, 1, 0, 
0, 1, 0, 
0, 1, 0, 
0, 1, 0, 
0, 1, 0, 
0, 1, 0, 
0, 1, 0, 
0, 1, 0, 
0, 1, 0, 
0, 1, 0, 
0, 1, 0, 
0, 1, 0, 
0, 1, 0, 
0, 1, 0, 
0, 1, 0, 
0, 1, 0, 
0, 1, 0, 
0, 1, 0, 
0, 1, 0, 
0, 1, 0, 
0, 1, 0, 
0, 1, 0, 
0, 1, 0, 
0, 1, 0, 
0, 1, 0, 
0, 1, 0, 
0, 1, 0, 
0, 1, 0, 
0, 1, 0, 
0, 1, 0, 
0, 1, 0, 
0, 1, 0, 
0, 1, 0, 
0, 1, 0, 
0, 1, 0, 
0, 1, 0, 
0, 1, 0, 
0, 1, 0, 
0, 1, 0, 
0, 1, 0, 
0, 1, 0, 
0, 1, 0, 
0, 1, 0, 
0, 1, 0, 
0, 1, 0, 
0, 1, 0, 
0, 1, 0, 
0, 1, 0, 
0, 1, 0, 
0, 1, 0, 
0, 1, 0, 
0, 1, 0, 
0, 1, 0, 
0, 1, 0, 
0, 1, 0, 
0, 1, 0, 
0, 1, 0, 
0, 1, 0, 
0, 1, 0, 
0, 1, 0, 
0, 1, 0, 
0, 1, 0, 
0, 1, 0, 
0, 1, 0, 
0, 1, 0, 
0, 1, 0, 
0, 1, 0, 
0, 1, 0, 
0, 1, 0, 
0, 1, 0, 
0, 1, 0, 
0, 1, 0, 
0, 1, 0, 
0, 1, 0, 
0, 1, 0, 
0, 1, 0, 
0, 1, 0, 
0, 1, 0, 
0, 1, 0, 
0, 1, 0, 
0, 1, 0, 
0, 1, 0, 
0, 1, 0, 
0, 1, 0, 
0, 1, 0, 
0, 1, 0, 
0, 1, 0, 
0, 1, 0, 
0, 1, 0, 
0, 1, 0, 
0, 1, 0, 
0, 1, 0, 
0, 1, 0, 
0, 1, 0, 
0, 1, 0, 
0, 1, 0, 
0, 1, 0, 
0, 1, 0, 
0, 1, 0, 
0, 1, 0, 
0, 1, 0, 
0, 1, 0, 
0, 1, 0, 
0, 1, 0, 
0, 1, 0, 
0, 1, 0, 
0, 1, 0, 
0, 1, 0, 
0, 1, 0, 
0, 1, 0, 
0, 1, 0, 
0, 1, 0, 
0, 1, 0, 
0, 1, 0, 
0, 1, 0, 
0, 1, 0, 
0, 1, 0, 
0, 1, 0, 
0, 1, 0, 
0, 1, 0, 
0, 1, 0, 
0, 1, 0, 
0, 1, 0, 
0, 1, 0, 
0, 1, 0, 
0, 1, 0, 
0, 1, 0, 
0, 1, 0, 
0, 1, 0, 
0, 1, 0, 
0, 1, 0, 
0, 1, 0, 
0, 1, 0, 
0, 1, 0, 
0, 1, 0, 
0, 1, 0, 
0, 1, 0, 
0, 1, 0, 
0, 1, 0, 
0, 1, 0, 
0, 1, 0, 
0, 1, 0, 
0, 1, 0, 
0, 1, 0, 
0, 1, 0, 
0, 1, 0, 
0, 1, 0, 
0, 1, 0, 
0, 1, 0, 
0, 1, 0, 
0, 1, 0, 
0, 1, 0, 
0, 1, 0, 
0, 1, 0, 
0, 1, 0, 
0, 1, 0, 
0, 1, 0, 
0, 1, 0, 
0, 1, 0, 
0, 1, 0, 
0, 1, 0, 
0, 1, 0, 
0, 1, 0, 
0, 1, 0, 
0, 1, 0, 
0, 1, 0, 
0, 1, 0, 
0, 1, 0, 
0, 1, 0, 
0, 1, 0, 
0, 1, 0, 
0, 1, 0, 
0, 1, 0, 
0, 1, 0, 
0, 1, 0, 
0, 1, 0, 
0, 1, 0, 
0, 1, 0, 
0, 1, 0, 
0, 1, 0, 
0, 1, 0, 
0, 1, 0, 
0, 1, 0, 
0, 1, 0, 
0, 1, 0, 
0, 1, 0, 
0, 1, 0, 
0, 1, 0, 
0, 1, 0, 
0, 1, 0, 
0, 1, 0, 
0, 1, 0, 
0, 1, 0, 
0, 1, 0, 
0, 1, 0, 
0, 1, 0, 
0, 1, 0, 
0, 1, 0, 
0, 1, 0, 
0, 1, 0, 
0, 1, 0, 
0, 1, 0, 
0, 1, 0, 
0, 1, 0, 
0, 1, 0, 
0, 1, 0, 
0, 1, 0, 
0, 1, 0, 
0, 1, 0, 
0, 1, 0, 
0, 1, 0, 
0, 1, 0, 
0, 1, 0, 
0, 1, 0, 
0, 1, 0, 
0, 1, 0, 
0, 1, 0, 
0, 1, 0, 
0, 1, 0, 
0, 1, 0, 
0, 1, 0, 
0, 1, 0, 
0, 1, 0, 
0, 1, 0, 
0, 1, 0, 
0, 1, 0, 
0, 1, 0, 
0, 1, 0, 
0, 1, 0, 
0, 1, 0, 
0, 1, 0, 
0, 1, 0, 
0, 1, 0, 
0, 1, 0, 
0, 1, 0, 
0, 1, 0, 
0, 1, 0, 
0, 1, 0, 
0, 1, 0, 
0, 1, 0, 
0, 1, 0, 
0, 1, 0, 
0, 1, 0, 
0, 1, 0, 
0, 1, 0, 
0, 1, 0, 
0, 1, 0, 
0, 1, 0, 
0, 1, 0, 
0, 1, 0, 
0, 1, 0, 
0, 1, 0, 
0, 1, 0, 
0, 1, 0, 
0, 1, 0, 
0, 1, 0, 
0, 1, 0, 
0, 1, 0, 
0, 1, 0, 
0, 1, 0, 
0, 1, 0, 
0, 1, 0, 
0, 1, 0, 
0, 1, 0, 
0, 1, 0, 
0, 1, 0, 
0, 1, 0, 
0, 1, 0, 
0, 1, 0, 
0, 1, 0, 
0, 1, 0, 
0, 1, 0, 
0, 1, 0, 
0, 1, 0, 
0, 1, 0, 
0, 1, 0, 
0, 1, 0, 
0, 1, 0, 
0, 1, 0, 
0, 1, 0, 
0, 1, 0, 
0, 1, 0, 
0, 1, 0, 
0, 1, 0, 
0, 1, 0, 
0, 1, 0, 
0, 1, 0, 
0, 1, 0, 
0, 1, 0, 
0, 0, 0, 
0, 0, 0, 
0, 0, 0, 
0, 0, 0, 
0, 0, 0, 
0, 0, 0, 
0, 0, 0, 
0, 0, 0, 
0, 0, 0, 
0, 0, 0, 
0, 0, 0, 
0, 0, 0, 
0, 0, 0, 
0, 0, 0, 
0, 0, 0, 
0, 0, 0, 
0, 0, 0, 
0, 0, 0, 
0, 0, 0, 
0, 0, 0, 
0, 0, 0, 
0, 0, 0, 
0, 0, 0, 
0, 0, 0, 
0, 0, 0, 
0, 0, 0, 
0, 0, 0, 
0, 0, 0, 
0, 0, 0, 
0, 0, 0, 
0, 0, 0, 
0, 0, 0, 
0, 0, 0, 
0, 0, 0, 
0, 0, 0, 
0, 0, 0, 
0, 0, 0, 
0, 0, 0, 
0, 0, 0, 
0, 0, 0, 
0, 0, 0, 
0, 0, 0, 
0, 0, 0, 
0, 0, 0, 
0, 0, 0, 
0, 0, 0, 
0, 0, 0, 
0, 0, 0, 
0, 0, 0, 
0, 0, 0, 
0, 0, 0, 
0, 0, 0, 
0, 0, 0, 
0, 0, 0, 
0, 0, 0, 
0, 0, 0, 
0, 0, 0, 
0, 0, 0, 
0, 0, 0, 
0, 0, 0, 
0, 0, 0, 
0, 0, 0, 
0, 0, 0, 
0, 0, 0, 
0, 0, 0, 
0, 0, 0, 
0, 0, 0, 
0, 0, 0, 
0, 0, 0, 
0, 0, 0, 
0, 0, 0, 
0, 0, 0, 
0, 0, 0, 
0, 0, 0, 
0, 0, 0, 
0, 0, 0, 
0, 0, 0, 
0, 0, 0, 
0, 0, 0, 
0, 0, 0, 
0, 0, 0, 
0, 0, 0, 
0, 0, 0, 
0, 0, 0, 
0, 0, 0, 
0, 0, 0, 
0, 0, 0, 
0, 0, 0, 
0, 0, 0, 
0, 0, 0, 
0, 0, 0, 
0, 0, 0, 
0, 0, 0, 
0, 0, 0, 
0, 0, 0, 
0, 0, 0, 
0, 0, 0, 
0, 0, 0, 
0, 0, 0, 
0, 0, 0, 
0, 0, 0, 
0, 0, 0, 
0, 0, 0, 
0, 0, 0, 
0, 0, 0, 
0, 0, 0, 
0, 0, 0, 
0, 0, 0, 
0, 0, 0, 
0, 0, 0, 
0, 0, 0, 
0, 0, 0, 
0, 0, 0, 
0, 0, 0, 
0, 0, 0, 
0, 0, 0, 
0, 0, 0, 
0, 0, 0, 
0, 0, 0, 
0, 0, 0, 
0, 0, 0, 
0, 0, 0, 
0, 0, 0, 
0, 0, 0, 
0, 0, 0, 
0, 0, 0, 
0, 0, 0, 
0, 0, 0, 
0, 0, 0, 
0, 0, 0, 
0, 0, 0, 
0, 0, 0, 
0, 0, 0, 
0, 0, 0, 
0, 0, 0, 
0, 0, 0, 
0, 0, 0, 
0, 0, 0, 
0, 0, 0, 
0, 0, 0, 
0, 0, 0, 
0, 0, 0, 
0, 0, 0, 
0, 0, 0, 
0, 0, 0, 
0, 0, 0, 
0, 0, 0, 
0, 0, 0, 
0, 0, 0, 
0, 0, 0, 
0, 0, 0, 
0, 0, 0, 
0, 0, 0, 
0, 0, 0, 
0, 0, 0, 
0, 0, 0, 
0, 0, 0, 
0, 0, 0, 
0, 0, 0, 
0, 0, 0, 
0, 0, 0, 
0, 0, 0, 
0, 0, 0, 
0, 0, 0, 
0, 0, 0, 
0, 0, 0, 
0, 0, 0, 
0, 0, 0, 
0, 0, 0, 
0, 0, 0, 
0, 0, 0, 
0, 0, 0, 
0, 0, 0, 
0, 0, 0, 
0, 0, 0, 
0, 0, 0, 
0, 0, 0, 
0, 0, 0, 
0, 0, 0, 
0, 0, 0, 
0, 0, 0, 
0, 0, 0, 
0, 0, 0, 
0, 0, 0, 
0, 0, 0, 
0, 0, 0, 
0, 0, 0, 
0, 0, 0, 
0, 0, 0, 
0, 0, 0, 
0, 0, 0, 
0, 0, 0, 
0, 0, 0, 
0, 0, 0, 
0, 0, 0, 
0, 0, 0, 
0, 0, 0, 
0, 0, 0, 
0, 0, 0, 
0, 0, 0, 
0, 0, 0, 
0, 0, 0, 
0, 0, 0, 
0, 0, 0, 
0, 0, 0, 
0, 0, 0, 
0, 0, 0, 
0, 0, 0, 
0, 0, 0, 
0, 0, 0, 
0, 0, 0, 
0, 0, 0, 
0, 0, 0, 
0, 0, 0, 
0, 0, 0, 
0, 0, 0, 
0, 0, 0, 
0, 0, 0, 
0, 0, 0, 
0, 0, 0, 
0, 0, 0, 
0, 0, 0, 
0, 0, 0, 
0, 0, 0, 
0, 0, 0, 
0, 0, 0, 
0, 0, 0, 
0, 0, 0, 
0, 0, 0, 
0, 0, 0, 
0, 0, 0, 
0, 0, 0, 
0, 0, 0, 
0, 0, 0, 
0, 0, 0, 
0, 0, 0, 
0, 0, 0, 
0, 0, 0, 
0, 0, 0, 
0, 0, 0, 
0, 0, 0, 
0, 0, 0, 
0, 0, 0, 
0, 0, 0, 
0, 0, 0, 
0, 0, 0, 
0, 0, 0, 
0, 0, 0, 
0, 0, 0, 
0, 0, 0, 
0, 0, 0, 
0, 0, 0, 
0, 0, 0, 
0, 0, 0, 
0, 0, 0, 
0, 0, 0, 
0, 0, 0, 
0, 0, 0, 
0, 0, 0, 
0, 0, 0, 
0, 0, 0, 
0, 0, 0, 
0, 0, 0, 
0, 0, 0, 
0, 0, 0, 
0, 0, 0, 
0, 0, 0, 
0, 0, 0, 
0, 0, 0, 
0, 0, 0, 
0, 0, 0, 
0, 0, 0, 
0, 0, 0, 
0, 0, 0, 
0, 0, 0, 
0, 0, 0, 
0, 0, 0, 
0, 0, 0, 
0, 0, 0, 
0, 0, 0, 
0, 0, 0, 
0, 0, 0, 
0, 0, 0, 
0, 0, 0, 
0, 0, 0, 
0, 0, 0, 
0, 0, 0, 
0, 0, 0, 
0, 0, 0, 
0, 0, 0, 
0, 0, 0, 
0, 0, 0, 
0, 0, 0, 
0, 0, 0, 
0, 0, 0, 
0, 0, 0, 
0, 0, 0, 
0, 0, 0, 
0, 0, 0, 
0, 0, 0, 
0, 0, 0, 
0, 0, 0, 
0, 0, 0, 
0, 0, 0, 
0, 0, 0, 
0, 0, 0, 
0, 0, 0, 
0, 0, 0, 
0, 0, 0, 
0, 0, 0, 
0, 0, 0, 
0, 0, 0, 
0, 0, 0, 
0, 0, 0, 
0, 0, 0, 
0, 0, 0, 
0, 0, 0, 
0, 0, 0, 
0, 0, 0, 
0, 0, 0, 
0, 0, 0, 
0, 0, 0, 
0, 0, 0, 
0, 0, 0, 
0, 0, 0, 
0, 0, 0, 
0, 0, 0, 
0, 0, 0, 
0, 0, 0, 
0, 0, 0, 
0, 0, 0, 
0, 0, 0, 
0, 0, 0, 
0, 0, 0, 
0, 0, 0, 
0, 0, 0, 
0, 0, 0, 
0, 0, 0, 
0, 0, 0, 
0, 0, 0, 
0, 0, 0, 
0, 0, 0, 
0, 0, 0, 
0, 0, 0, 
0, 0, 0, 
0, 0, 0, 
0, 0, 0, 
0, 0, 0, 
0, 0, 0, 
0, 0, 0, 
0, 0, 0, 
0, 0, 0, 
0, 0, 0, 
0, 0, 0, 
0, 0, 0, 
0, 0, 0, 
0, 0, 0, 
0, 0, 0, 
0, 0, 0, 
0, 0, 0, 
0, 0, 0, 
0, 0, 0, 
0, 0, 0, 
0, 0, 0, 
0, 0, 0, 
0, 0, 0, 
0, 0, 0, 
0, 0, 0, 
0, 0, 0, 
0, 0, 0, 
0, 0, 0, 
0, 0, 0, 
0, 0, 0, 
0, 0, 0, 
0, 0, 0, 
0, 0, 0, 
0, 0, 0, 
0, 0, 0, 
0, 0, 0, 
0, 0, 0, 
0, 0, 0, 
0, 0, 0, 
0, 0, 0, 
0, 0, 0, 
0, 0, 0, 
0, 0, 0, 
0, 0, 0, 
0, 0, 0, 
0, 0, 0, 
0, 0, 0, 
0, 0, 0, 
0, 0, 0, 
0, 0, 0, 
0, 0, 0, 
0, 0, 0, 
0, 0, 0, 
0, 0, 0, 
0, 0, 0, 
0, 0, 0, 
0, 0, 0, 
0, 0, 0, 
0, 0, 0, 
0, 0, 0, 
0, 0, 0, 
0, 0, 0, 
0, 0, 0, 
0, 0, 0, 
0, 0, 0, 
0, 0, 0, 
0, 0, 0, 
0, 0, 0, 
0, 0, 0, 
0, 0, 0, 
0, 0, 0, 
0, 0, 0, 
0, 0, 0, 
0, 0, 0, 
0, 0, 0, 
0, 0, 0, 
0, 0, 0, 
0, 0, 0, 
0, 0, 0, 
0, 0, 0, 
0, 0, 0, 
0, 0, 0, 
0, 0, 0, 
0, 0, 0, 
0, 0, 0, 
0, 0, 0, 
0, 0, 0, 
0, 0, 0, 
0, 0, 0, 
0, 0, 0, 
0, 0, 0, 
0, 0, 0, 
0, 0, 0, 
0, 0, 0, 
0, 0, 0, 
0, 0, 0, 
0, 0, 0, 
0, 0, 0, 
0, 0, 0, 
0, 0, 0, 
0, 0, 0, 
0, 0, 0, 
0, 0, 0, 
0, 0, 0, 
0, 0, 0, 
0, 0, 0, 
0, 0, 0, 
0, 0, 0, 
0, 0, 0, 
0, 0, 0, 
0, 0, 0, 
0, 0, 0, 
0, 0, 0, 
0, 0, 0, 
0, 0, 0, 
0, 0, 0, 
0, 0, 0, 
0, 0, 0, 
0, 0, 0, 
0, 0, 0, 
0, 0, 0, 
0, 0, 0, 
0, 0, 0, 
0, 0, 0, 
0, 0, 0, 
0, 0, 0, 
0, 0, 0, 
0, 0, 0, 
0, 0, 0, 
0, 0, 0, 
0, 0, 0, 
0, 0, 0, 
0, 0, 0, 
0, 0, 0, 
0, 0, 0, 
0, 0, 0, 
0, 0, 0, 
0, 0, 0, 
0, 0, 0, 
0, 0, 0, 
0, 0, 0, 
0, 0, 0, 
0, 0, 0, 
0, 0, 0, 
0, 0, 0, 
0, 0, 0, 
0, 0, 0, 
0, 0, 0, 
0, 0, 0, 
0, 0, 0, 
0, 0, 0, 
0, 0, 0, 
0, 0, 0, 
0, 0, 0, 
0, 0, 0, 
0, 0, 0, 
0, 0, 0, 
0, 0, 0, 
0, 0, 0, 
0, 0, 0, 
0, 0, 0, 
0, 0, 0, 
0, 0, 0, 
0, 0, 0, 
0, 0, 0, 
0, 0, 0, 
0, 0, 0, 
0, 0, 0, 
0, 0, 0, 
0, 0, 0, 
0, 0, 0, 
0, 0, 0, 
0, 0, 0, 
0, 0, 0, 
0, 0, 0, 
0, 0, 0, 
0, 0, 0, 
0, 0, 0, 
0, 0, 0, 
0, 0, 0, 
0, 0, 0, 
0, 0, 0, 
0, 0, 0, 
0, 0, 0, 
0, 0, 0, 
0, 0, 0, 
0, 0, 0, 
0, 0, 0, 
0, 0, 0, 
0, 0, 0, 
0, 0, 0, 
0, 0, 0, 
0, 0, 0, 
0, 0, 0, 
0, 0, 0, 
0, 0, 0, 
0, 0, 0, 
0, 0, 0, 
0, 0, 0, 
0, 0, 0, 
0, 0, 0, 
0, 0, 0, 
0, 0, 0, 
0, 0, 0, 
0, 0, 0, 
0, 0, 0, 
0, 0, 0, 
0, 0, 0, 
0, 0, 0, 
0, 0, 0, 
0, 0, 0, 
0, 0, 0, 
0, 0, 0, 
0, 0, 0, 
0, 0, 0, 
0, 0, 0, 
0, 0, 0, 
0, 0, 0, 
0, 0, 0, 
0, 0, 0, 
0, 0, 0, 
0, 0, 0, 
0, 0, 0, 
0, 0, 0, 
0, 0, 0, 
0, 0, 0, 
0, 0, 0, 
0, 0, 0, 
0, 0, 0, 
0, 0, 0, 
0, 0, 0, 
0, 0, 0, 
0, 0, 0, 
0, 0, 0, 
0, 0, 0, 
0, 0, 0, 
0, 0, 0, 
0, 0, 0, 
0, 0, 0, 
0, 0, 0, 
0, 0, 0, 
0, 0, 0, 
0, 0, 0, 
0, 0, 0, 
0, 0, 0, 
0, 0, 0, 
0, 0, 0, 
0, 0, 0, 
0, 0, 0, 
0, 0, 0, 
0, 0, 0, 
0, 0, 0, 
0, 0, 0, 
0, 0, 0, 
0, 0, 0, 
0, 0, 0, 
0, 0, 0, 
0, 0, 0, 
0, 0, 0, 
0, 0, 0, 
0, 0, 0, 
0, 0, 0, 
0, 0, 0, 
0, 0, 0, 
0, 0, 0, 
0, 0, 0, 
0, 0, 0, 
0, 0, 0, 
0, 0, 0, 
0, 0, 0, 
0, 0, 0, 
0, 0, 0, 
0, 0, 0, 
0, 0, 0, 
0, 0, 0, 
0, 0, 0, 
0, 0, 0, 
0, 0, 0, 
0, 0, 0, 
0, 0, 0, 
0, 0, 0, 
0, 0, 0, 
0, 0, 0, 
0, 0, 0, 
0, 0, 0, 
0, 0, 0, 
0, 0, 0, 
0, 0, 0, 
0, 0, 0, 
0, 0, 0, 
0, 0, 0, 
0, 0, 0, 
0, 0, 0, 
0, 0, 0, 
0, 0, 0, 
0, 0, 0, 
0, 0, 0, 
0, 0, 0, 
0, 0, 0, 
0, 0, 0, 
0, 0, 0, 
0, 0, 0, 
0, 0, 0, 
0, 0, 0, 
0, 0, 0, 
0, 0, 0, 
0, 0, 0, 
0, 0, 0, 
0, 0, 0, 
0, 0, 0, 
0, 0, 0, 
0, 0, 0, 
0, 0, 0, 
0, 0, 0, 
0, 0, 0, 
0, 0, 0, 
0, 0, 0, 
0, 0, 0, 
0, 0, 0, 
0, 0, 0, 
0, 0, 0, 
0, 0, 0, 
0, 0, 0, 
0, 0, 0, 
0, 0, 0, 
0, 0, 0, 
0, 0, 0, 
0, 0, 0, 
0, 0, 0, 
0, 0, 0, 
0, 0, 0, 
0, 0, 0, 
0, 0, 0, 
0, 0, 0, 
0, 0, 0, 
0, 0, 0, 
0, 0, 0, 
0, 0, 0, 
0, 0, 0, 
0, 0, 0, 
0, 0, 0, 
0, 0, 0, 
0, 0, 0, 
0, 0, 0, 
0, 0, 0, 
0, 0, 0, 
0, 0, 0, 
0, 0, 0, 
0, 0, 0, 
0, 0, 0, 
0, 0, 0, 
0, 0, 0, 
0, 0, 0, 
0, 0, 0, 
0, 0, 0, 
0, 0, 0, 
0, 0, 0, 
0, 0, 0, 
0, 0, 0, 
0, 0, 0, 
0, 0, 0, 
0, 0, 0, 
0, 0, 0, 
0, 0, 0, 
0, 0, 0, 
0, 0, 0, 
0, 0, 0, 
0, 0, 0, 
0, 0, 0, 
0, 0, 0, 
0, 0, 0, 
0, 0, 0, 
0, 0, 0, 
0, 0, 0, 
0, 0, 0, 
0, 0, 0, 
0, 0, 0, 
0, 0, 0, 
0, 0, 0, 
0, 0, 0, 
0, 0, 0, 
0, 0, 0, 
0, 0, 0, 
0, 0, 0, 
0, 0, 0, 
0, 0, 0, 
0, 0, 0, 
0, 0, 0, 
0, 0, 0, 
0, 0, 0, 
0, 0, 0, 
0, 0, 0, 
0, 0, 0, 
0, 0, 0, 
0, 0, 0, 
0, 0, 0, 
0, 0, 0, 
0, 0, 0, 
0, 0, 0, 
0, 0, 0, 
0, 0, 0, 
0, 0, 0, 
0, 0, 0, 
0, 0, 0, 
0, 0, 0, 
0, 0, 0, 
0, 0, 0, 
0, 0, 0, 
0, 0, 0, 
0, 0, 0, 
0, 0, 0, 
0, 0, 0, 
0, 0, 0, 
0, 0, 0, 
0, 0, 0, 
0, 0, 0, 
0, 0, 0, 
0, 0, 0, 
0, 0, 0, 
0, 0, 0, 
0, 0, 0, 
0, 0, 0, 
0, 0, 0, 
0, 0, 0, 
0, 0, 0, 
]);
var battleu = new Float32Array([
0.864664, 0.663993, 
0.84117, 0.687488, 
0.84117, 0.663993, 
0.770686, 0.663993, 
0.747191, 0.687488, 
0.747191, 0.663993, 
0.770686, 0.570015, 
0.747191, 0.59351, 
0.747191, 0.570015, 
0.864664, 0.570015, 
0.84117, 0.59351, 
0.84117, 0.570015, 
0.817675, 0.570015, 
0.794181, 0.59351, 
0.794181, 0.570015, 
0.817675, 0.523026, 
0.794181, 0.546521, 
0.794181, 0.523026, 
0.84117, 0.523026, 
0.864664, 0.546521, 
0.84117, 0.546521, 
0.723697, 0.570015, 
0.700202, 0.59351, 
0.700202, 0.570015, 
0.723697, 0.523026, 
0.700202, 0.546521, 
0.700202, 0.523026, 
0.770686, 0.523026, 
0.747191, 0.546521, 
0.747191, 0.523026, 
0.723697, 0.663993, 
0.700202, 0.687488, 
0.700202, 0.663993, 
0.723697, 0.617004, 
0.700202, 0.640499, 
0.700202, 0.617004, 
0.770686, 0.617004, 
0.747191, 0.640499, 
0.747191, 0.617004, 
0.817675, 0.663993, 
0.794181, 0.687488, 
0.794181, 0.663993, 
0.817675, 0.617004, 
0.794181, 0.640499, 
0.794181, 0.617004, 
0.864664, 0.617004, 
0.84117, 0.640499, 
0.84117, 0.617004, 
0.84117, 0.617004, 
0.817675, 0.640499, 
0.817675, 0.617004, 
0.84117, 0.59351, 
0.817675, 0.617004, 
0.817675, 0.59351, 
0.864664, 0.59351, 
0.84117, 0.617004, 
0.84117, 0.59351, 
0.794181, 0.617004, 
0.770686, 0.640499, 
0.770686, 0.617004, 
0.794181, 0.59351, 
0.770686, 0.617004, 
0.770686, 0.59351, 
0.817675, 0.59351, 
0.794181, 0.617004, 
0.794181, 0.59351, 
0.770686, 0.663993, 
0.794181, 0.687488, 
0.770686, 0.687488, 
0.794181, 0.640499, 
0.770686, 0.663993, 
0.770686, 0.640499, 
0.817675, 0.640499, 
0.794181, 0.663993, 
0.794181, 0.640499, 
0.747191, 0.617004, 
0.723697, 0.640499, 
0.723697, 0.617004, 
0.747191, 0.59351, 
0.723697, 0.617004, 
0.723697, 0.59351, 
0.770686, 0.59351, 
0.747191, 0.617004, 
0.747191, 0.59351, 
0.700202, 0.617004, 
0.676708, 0.640499, 
0.676708, 0.617004, 
0.676708, 0.59351, 
0.700202, 0.617004, 
0.676708, 0.617004, 
0.723697, 0.59351, 
0.700202, 0.617004, 
0.700202, 0.59351, 
0.676708, 0.663993, 
0.700202, 0.687488, 
0.676708, 0.687488, 
0.676708, 0.640499, 
0.700202, 0.663993, 
0.676708, 0.663993, 
0.723697, 0.640499, 
0.700202, 0.663993, 
0.700202, 0.640499, 
0.747191, 0.523026, 
0.723697, 0.546521, 
0.723697, 0.523026, 
0.723697, 0.499531, 
0.747191, 0.523026, 
0.723697, 0.523026, 
0.747191, 0.499531, 
0.770686, 0.523026, 
0.747191, 0.523026, 
0.676708, 0.523026, 
0.700202, 0.546521, 
0.676708, 0.546521, 
0.676708, 0.499531, 
0.700202, 0.523026, 
0.676708, 0.523026, 
0.700202, 0.499531, 
0.723697, 0.523026, 
0.700202, 0.523026, 
0.676708, 0.570015, 
0.700202, 0.59351, 
0.676708, 0.59351, 
0.676708, 0.546521, 
0.700202, 0.570015, 
0.676708, 0.570015, 
0.723697, 0.546521, 
0.700202, 0.570015, 
0.700202, 0.546521, 
0.84117, 0.523026, 
0.817675, 0.546521, 
0.817675, 0.523026, 
0.817675, 0.499531, 
0.84117, 0.523026, 
0.817675, 0.523026, 
0.864664, 0.499531, 
0.84117, 0.523026, 
0.84117, 0.499531, 
0.794181, 0.523026, 
0.770686, 0.546521, 
0.770686, 0.523026, 
0.770686, 0.499531, 
0.794181, 0.523026, 
0.770686, 0.523026, 
0.794181, 0.499531, 
0.817675, 0.523026, 
0.794181, 0.523026, 
0.794181, 0.570015, 
0.770686, 0.59351, 
0.770686, 0.570015, 
0.794181, 0.546521, 
0.770686, 0.570015, 
0.770686, 0.546521, 
0.817675, 0.546521, 
0.794181, 0.570015, 
0.794181, 0.546521, 
0.84117, 0.570015, 
0.817675, 0.59351, 
0.817675, 0.570015, 
0.84117, 0.546521, 
0.817675, 0.570015, 
0.817675, 0.546521, 
0.864664, 0.546521, 
0.84117, 0.570015, 
0.84117, 0.546521, 
0.747191, 0.570015, 
0.723697, 0.59351, 
0.723697, 0.570015, 
0.747191, 0.546521, 
0.723697, 0.570015, 
0.723697, 0.546521, 
0.770686, 0.546521, 
0.747191, 0.570015, 
0.747191, 0.546521, 
0.723697, 0.663993, 
0.747191, 0.687488, 
0.723697, 0.687488, 
0.747191, 0.640499, 
0.723697, 0.663993, 
0.723697, 0.640499, 
0.770686, 0.640499, 
0.747191, 0.663993, 
0.747191, 0.640499, 
0.84117, 0.663993, 
0.817675, 0.687488, 
0.817675, 0.663993, 
0.84117, 0.640499, 
0.817675, 0.663993, 
0.817675, 0.640499, 
0.84117, 0.640499, 
0.864664, 0.663993, 
0.84117, 0.663993, 
0.864664, 0.663993, 
0.864664, 0.687488, 
0.84117, 0.687488, 
0.770686, 0.663993, 
0.770686, 0.687488, 
0.747191, 0.687488, 
0.770686, 0.570015, 
0.770686, 0.59351, 
0.747191, 0.59351, 
0.864664, 0.570015, 
0.864664, 0.59351, 
0.84117, 0.59351, 
0.817675, 0.570015, 
0.817675, 0.59351, 
0.794181, 0.59351, 
0.817675, 0.523026, 
0.817675, 0.546521, 
0.794181, 0.546521, 
0.84117, 0.523026, 
0.864664, 0.523026, 
0.864664, 0.546521, 
0.723697, 0.570015, 
0.723697, 0.59351, 
0.700202, 0.59351, 
0.723697, 0.523026, 
0.723697, 0.546521, 
0.700202, 0.546521, 
0.770686, 0.523026, 
0.770686, 0.546521, 
0.747191, 0.546521, 
0.723697, 0.663993, 
0.723697, 0.687488, 
0.700202, 0.687488, 
0.723697, 0.617004, 
0.723697, 0.640499, 
0.700202, 0.640499, 
0.770686, 0.617004, 
0.770686, 0.640499, 
0.747191, 0.640499, 
0.817675, 0.663993, 
0.817675, 0.687488, 
0.794181, 0.687488, 
0.817675, 0.617004, 
0.817675, 0.640499, 
0.794181, 0.640499, 
0.864664, 0.617004, 
0.864664, 0.640499, 
0.84117, 0.640499, 
0.84117, 0.617004, 
0.84117, 0.640499, 
0.817675, 0.640499, 
0.84117, 0.59351, 
0.84117, 0.617004, 
0.817675, 0.617004, 
0.864664, 0.59351, 
0.864664, 0.617004, 
0.84117, 0.617004, 
0.794181, 0.617004, 
0.794181, 0.640499, 
0.770686, 0.640499, 
0.794181, 0.59351, 
0.794181, 0.617004, 
0.770686, 0.617004, 
0.817675, 0.59351, 
0.817675, 0.617004, 
0.794181, 0.617004, 
0.770686, 0.663993, 
0.794181, 0.663993, 
0.794181, 0.687488, 
0.794181, 0.640499, 
0.794181, 0.663993, 
0.770686, 0.663993, 
0.817675, 0.640499, 
0.817675, 0.663993, 
0.794181, 0.663993, 
0.747191, 0.617004, 
0.747191, 0.640499, 
0.723697, 0.640499, 
0.747191, 0.59351, 
0.747191, 0.617004, 
0.723697, 0.617004, 
0.770686, 0.59351, 
0.770686, 0.617004, 
0.747191, 0.617004, 
0.700202, 0.617004, 
0.700202, 0.640499, 
0.676708, 0.640499, 
0.676708, 0.59351, 
0.700202, 0.59351, 
0.700202, 0.617004, 
0.723697, 0.59351, 
0.723697, 0.617004, 
0.700202, 0.617004, 
0.676708, 0.663993, 
0.700202, 0.663993, 
0.700202, 0.687488, 
0.676708, 0.640499, 
0.700202, 0.640499, 
0.700202, 0.663993, 
0.723697, 0.640499, 
0.723697, 0.663993, 
0.700202, 0.663993, 
0.747191, 0.523026, 
0.747191, 0.546521, 
0.723697, 0.546521, 
0.723697, 0.499531, 
0.747191, 0.499531, 
0.747191, 0.523026, 
0.747191, 0.499531, 
0.770686, 0.499531, 
0.770686, 0.523026, 
0.676708, 0.523026, 
0.700202, 0.523026, 
0.700202, 0.546521, 
0.676708, 0.499531, 
0.700202, 0.499531, 
0.700202, 0.523026, 
0.700202, 0.499531, 
0.723697, 0.499531, 
0.723697, 0.523026, 
0.676708, 0.570015, 
0.700202, 0.570015, 
0.700202, 0.59351, 
0.676708, 0.546521, 
0.700202, 0.546521, 
0.700202, 0.570015, 
0.723697, 0.546521, 
0.723697, 0.570015, 
0.700202, 0.570015, 
0.84117, 0.523026, 
0.84117, 0.546521, 
0.817675, 0.546521, 
0.817675, 0.499531, 
0.84117, 0.499531, 
0.84117, 0.523026, 
0.864664, 0.499531, 
0.864664, 0.523026, 
0.84117, 0.523026, 
0.794181, 0.523026, 
0.794181, 0.546521, 
0.770686, 0.546521, 
0.770686, 0.499531, 
0.794181, 0.499531, 
0.794181, 0.523026, 
0.794181, 0.499531, 
0.817675, 0.499531, 
0.817675, 0.523026, 
0.794181, 0.570015, 
0.794181, 0.59351, 
0.770686, 0.59351, 
0.794181, 0.546521, 
0.794181, 0.570015, 
0.770686, 0.570015, 
0.817675, 0.546521, 
0.817675, 0.570015, 
0.794181, 0.570015, 
0.84117, 0.570015, 
0.84117, 0.59351, 
0.817675, 0.59351, 
0.84117, 0.546521, 
0.84117, 0.570015, 
0.817675, 0.570015, 
0.864664, 0.546521, 
0.864664, 0.570015, 
0.84117, 0.570015, 
0.747191, 0.570015, 
0.747191, 0.59351, 
0.723697, 0.59351, 
0.747191, 0.546521, 
0.747191, 0.570015, 
0.723697, 0.570015, 
0.770686, 0.546521, 
0.770686, 0.570015, 
0.747191, 0.570015, 
0.723697, 0.663993, 
0.747191, 0.663993, 
0.747191, 0.687488, 
0.747191, 0.640499, 
0.747191, 0.663993, 
0.723697, 0.663993, 
0.770686, 0.640499, 
0.770686, 0.663993, 
0.747191, 0.663993, 
0.84117, 0.663993, 
0.84117, 0.687488, 
0.817675, 0.687488, 
0.84117, 0.640499, 
0.84117, 0.663993, 
0.817675, 0.663993, 
0.84117, 0.640499, 
0.864664, 0.640499, 
0.864664, 0.663993, 
0, 0, 
0, 0, 
0, 0, 
0, 0, 
0, 0, 
0, 0, 
0, 0, 
0, 0, 
0, 0, 
0, 0, 
0, 0, 
0, 0, 
0, 0, 
0, 0, 
0, 0, 
0, 0, 
0, 0, 
0, 0, 
0, 0, 
0, 0, 
0, 0, 
0, 0, 
0, 0, 
0, 0, 
0, 0, 
0, 0, 
0, 0, 
0, 0, 
0, 0, 
0, 0, 
0, 0, 
0, 0, 
0, 0, 
0, 0, 
0, 0, 
0, 0, 
0, 0, 
0, 0, 
0, 0, 
0, 0, 
0, 0, 
0, 0, 
0, 0, 
0, 0, 
0, 0, 
0, 0, 
0, 0, 
0, 0, 
0, 0, 
0, 0, 
0, 0, 
0, 0, 
0, 0, 
0, 0, 
0, 0, 
0, 0, 
0, 0, 
0, 0, 
0, 0, 
0, 0, 
0, 0, 
0, 0, 
0, 0, 
0, 0, 
0, 0, 
0, 0, 
0, 0, 
0, 0, 
0, 0, 
0, 0, 
0, 0, 
0, 0, 
0, 0, 
0, 0, 
0, 0, 
0, 0, 
0, 0, 
0, 0, 
0, 0, 
0, 0, 
0, 0, 
0, 0, 
0, 0, 
0, 0, 
0, 0, 
0, 0, 
0, 0, 
0, 0, 
0, 0, 
0, 0, 
0, 0, 
0, 0, 
0, 0, 
0, 0, 
0, 0, 
0, 0, 
0, 0, 
0, 0, 
0, 0, 
0, 0, 
0, 0, 
0, 0, 
0, 0, 
0, 0, 
0, 0, 
0, 0, 
0, 0, 
0, 0, 
0, 0, 
0, 0, 
0, 0, 
0, 0, 
0, 0, 
0, 0, 
0, 0, 
0, 0, 
0, 0, 
0, 0, 
0, 0, 
0, 0, 
0, 0, 
0, 0, 
0, 0, 
0, 0, 
0, 0, 
0, 0, 
0, 0, 
0, 0, 
0, 0, 
0, 0, 
0, 0, 
0, 0, 
0, 0, 
0, 0, 
0, 0, 
0, 0, 
0, 0, 
0, 0, 
0, 0, 
0, 0, 
0, 0, 
0, 0, 
0, 0, 
0, 0, 
0, 0, 
0, 0, 
0, 0, 
0, 0, 
0, 0, 
0, 0, 
0, 0, 
0, 0, 
0, 0, 
0, 0, 
0, 0, 
0, 0, 
0, 0, 
0, 0, 
0, 0, 
0, 0, 
0, 0, 
0, 0, 
0, 0, 
0, 0, 
0, 0, 
0, 0, 
0, 0, 
0, 0, 
0, 0, 
0, 0, 
0, 0, 
0, 0, 
0, 0, 
0, 0, 
0, 0, 
0, 0, 
0, 0, 
0, 0, 
0, 0, 
0, 0, 
0, 0, 
0, 0, 
0, 0, 
0, 0, 
0, 0, 
0, 0, 
0, 0, 
0, 0, 
0, 0, 
0, 0, 
0, 0, 
0, 0, 
0, 0, 
0, 0, 
0, 0, 
0, 0, 
0, 0, 
0, 0, 
0, 0, 
0, 0, 
0, 0, 
0, 0, 
0, 0, 
0, 0, 
0, 0, 
0, 0, 
0, 0, 
0, 0, 
0, 0, 
0, 0, 
0, 0, 
0, 0, 
0, 0, 
0, 0, 
0, 0, 
0, 0, 
0, 0, 
0, 0, 
0, 0, 
0, 0, 
0, 0, 
0, 0, 
0, 0, 
0, 0, 
0, 0, 
0, 0, 
0, 0, 
0, 0, 
0, 0, 
0, 0, 
0, 0, 
0, 0, 
0, 0, 
0, 0, 
0, 0, 
0, 0, 
0, 0, 
0, 0, 
0, 0, 
0, 0, 
0, 0, 
0, 0, 
0, 0, 
0, 0, 
0, 0, 
0, 0, 
0, 0, 
0, 0, 
0, 0, 
0, 0, 
0, 0, 
0, 0, 
0, 0, 
0, 0, 
0, 0, 
0, 0, 
0, 0, 
0, 0, 
0, 0, 
0, 0, 
0, 0, 
0, 0, 
0, 0, 
0, 0, 
0, 0, 
0, 0, 
0, 0, 
0, 0, 
0, 0, 
0, 0, 
0, 0, 
0, 0, 
0, 0, 
0, 0, 
0, 0, 
0, 0, 
0, 0, 
0, 0, 
0, 0, 
0, 0, 
0, 0, 
0, 0, 
0, 0, 
0, 0, 
0, 0, 
0, 0, 
0, 0, 
0, 0, 
0, 0, 
0, 0, 
0, 0, 
0, 0, 
0, 0, 
0, 0, 
0, 0, 
0, 0, 
0, 0, 
0, 0, 
0, 0, 
0, 0, 
0, 0, 
0, 0, 
0, 0, 
0, 0, 
0, 0, 
0, 0, 
0, 0, 
0, 0, 
0, 0, 
0, 0, 
0, 0, 
0, 0, 
0, 0, 
0, 0, 
0, 0, 
0, 0, 
0, 0, 
0, 0, 
0, 0, 
0, 0, 
0, 0, 
0, 0, 
0, 0, 
0, 0, 
0, 0, 
0, 0, 
0, 0, 
0, 0, 
0, 0, 
0, 0, 
0, 0, 
0, 0, 
0, 0, 
0, 0, 
0, 0, 
0, 0, 
0, 0, 
0, 0, 
0, 0, 
0, 0, 
0, 0, 
0, 0, 
0, 0, 
0, 0, 
0, 0, 
0, 0, 
0, 0, 
0, 0, 
0, 0, 
0, 0, 
0, 0, 
0, 0, 
0, 0, 
0, 0, 
0, 0, 
0, 0, 
0, 0, 
0, 0, 
0, 0, 
0, 0, 
0, 0, 
0, 0, 
0, 0, 
0, 0, 
0, 0, 
0, 0, 
0, 0, 
0, 0, 
0, 0, 
0, 0, 
0, 0, 
0, 0, 
0, 0, 
0, 0, 
0, 0, 
0, 0, 
0, 0, 
0, 0, 
0, 0, 
0, 0, 
0, 0, 
0, 0, 
0, 0, 
0, 0, 
0, 0, 
0, 0, 
0, 0, 
0, 0, 
0, 0, 
0, 0, 
0, 0, 
0, 0, 
0, 0, 
0, 0, 
0, 0, 
0, 0, 
0, 0, 
0, 0, 
0, 0, 
0, 0, 
0, 0, 
0, 0, 
0, 0, 
0, 0, 
0, 0, 
0, 0, 
0, 0, 
0, 0, 
0, 0, 
0, 0, 
0, 0, 
0, 0, 
0, 0, 
0, 0, 
0, 0, 
0, 0, 
0, 0, 
0, 0, 
0, 0, 
0, 0, 
0, 0, 
0, 0, 
0, 0, 
0, 0, 
0, 0, 
0, 0, 
0, 0, 
0, 0, 
0, 0, 
0, 0, 
0, 0, 
0, 0, 
0, 0, 
0, 0, 
0, 0, 
0, 0, 
0, 0, 
0, 0, 
0, 0, 
0, 0, 
0, 0, 
0, 0, 
0, 0, 
0, 0, 
0, 0, 
0, 0, 
0, 0, 
0, 0, 
0, 0, 
0, 0, 
0, 0, 
0, 0, 
0, 0, 
0, 0, 
0, 0, 
0, 0, 
0, 0, 
0, 0, 
0, 0, 
0, 0, 
0, 0, 
0, 0, 
0, 0, 
0, 0, 
0, 0, 
0, 0, 
0, 0, 
0, 0, 
0, 0, 
0, 0, 
0, 0, 
0, 0, 
0, 0, 
0, 0, 
0, 0, 
0, 0, 
0, 0, 
0, 0, 
0, 0, 
0, 0, 
0, 0, 
0, 0, 
0, 0, 
0, 0, 
0, 0, 
0, 0, 
0, 0, 
0, 0, 
0, 0, 
0, 0, 
0, 0, 
0, 0, 
0, 0, 
0, 0, 
0, 0, 
0, 0, 
0, 0, 
0, 0, 
0, 0, 
0, 0, 
0, 0, 
0, 0, 
0, 0, 
0, 0, 
0, 0, 
0, 0, 
0, 0, 
0, 0, 
0, 0, 
0, 0, 
0, 0, 
0, 0, 
0, 0, 
0, 0, 
0, 0, 
0, 0, 
0, 0, 
0, 0, 
0, 0, 
0, 0, 
0, 0, 
0, 0, 
0, 0, 
0, 0, 
0, 0, 
0, 0, 
0, 0, 
0, 0, 
0, 0, 
0, 0, 
0, 0, 
0, 0, 
0, 0, 
0, 0, 
0, 0, 
0, 0, 
0, 0, 
0, 0, 
0, 0, 
0, 0, 
0, 0, 
0, 0, 
0, 0, 
0, 0, 
0, 0, 
0, 0, 
0, 0, 
0, 0, 
0, 0, 
0, 0, 
0, 0, 
0, 0, 
0, 0, 
0, 0, 
0, 0, 
0, 0, 
0, 0, 
0, 0, 
0, 0, 
0, 0, 
0, 0, 
0, 0, 
0, 0, 
0, 0, 
0, 0, 
0, 0, 
0, 0, 
0, 0, 
0, 0, 
0, 0, 
0, 0, 
0, 0, 
0, 0, 
0, 0, 
0, 0, 
0, 0, 
0, 0, 
0, 0, 
0, 0, 
0, 0, 
0, 0, 
0, 0, 
0, 0, 
0, 0, 
0, 0, 
0, 0, 
0, 0, 
0, 0, 
0, 0, 
0, 0, 
0, 0, 
0, 0, 
0, 0, 
0, 0, 
0, 0, 
0, 0, 
0, 0, 
0, 0, 
0, 0, 
0, 0, 
0, 0, 
0, 0, 
0, 0, 
0, 0, 
0, 0, 
0, 0, 
0, 0, 
0, 0, 
0, 0, 
0, 0, 
0, 0, 
0, 0, 
0, 0, 
0, 0, 
0, 0, 
0, 0, 
0, 0, 
0, 0, 
0, 0, 
0, 0, 
0, 0, 
0, 0, 
0, 0, 
0, 0, 
0, 0, 
0, 0, 
0, 0, 
0, 0, 
0, 0, 
0, 0, 
0, 0, 
0, 0, 
0, 0, 
0, 0, 
0, 0, 
0, 0, 
0, 0, 
0, 0, 
0, 0, 
0, 0, 
0, 0, 
0, 0, 
0, 0, 
0, 0, 
0, 0, 
0, 0, 
0, 0, 
0, 0, 
0, 0, 
0, 0, 
0, 0, 
0, 0, 
0, 0, 
0, 0, 
0, 0, 
0, 0, 
0, 0, 
0, 0, 
0, 0, 
0, 0, 
0, 0, 
0, 0, 
0, 0, 
0, 0, 
0, 0, 
0, 0, 
0, 0, 
0, 0, 
0, 0, 
0, 0, 
0, 0, 
0, 0, 
0, 0, 
0, 0, 
0, 0, 
0, 0, 
0, 0, 
0, 0, 
0, 0, 
0, 0, 
0, 0, 
0, 0, 
0, 0, 
0, 0, 
0, 0, 
0, 0, 
0, 0, 
0, 0, 
0, 0, 
0, 0, 
0, 0, 
0, 0, 
0, 0, 
0, 0, 
0, 0, 
0, 0, 
0, 0, 
0, 0, 
0, 0, 
0, 0, 
0, 0, 
0, 0, 
0, 0, 
0, 0, 
0, 0, 
0, 0, 
0, 0, 
0, 0, 
0, 0, 
0, 0, 
0, 0, 
0, 0, 
0, 0, 
0, 0, 
0, 0, 
0, 0, 
0, 0, 
0, 0, 
0, 0, 
0, 0, 
0, 0, 
0, 0, 
0, 0, 
0, 0, 
0, 0, 
0, 0, 
0, 0, 
0, 0, 
0, 0, 
0, 0, 
0, 0, 
0, 0, 
0, 0, 
0, 0, 
0, 0, 
0, 0, 
0, 0, 
0, 0, 
0, 0, 
0, 0, 
0, 0, 
0, 0, 
0, 0, 
0, 0, 
0, 0, 
0, 0, 
0, 0, 
0, 0, 
0, 0, 
0, 0, 
0, 0, 
0, 0, 
0, 0, 
0, 0, 
0, 0, 
0, 0, 
0, 0, 
0, 0, 
0, 0, 
0, 0, 
0, 0, 
0, 0, 
0, 0, 
0, 0, 
0, 0, 
0, 0, 
0, 0, 
0, 0, 
]);
