var flagpv = new Float32Array([
-0.1, 2, 0.05, 
-0.05, 2, 0.1, 
-0.05, 2, 0.05, 
-0.05, 2, 0.1, 
-0.1, 1, 0.1, 
-0.05, 1, 0.1, 
-0.1, 2, -0.05, 
-0.1, 1, -0.1, 
-0.1, 1, -0.05, 
0.1, -2, 0.05, 
0.05, -2, 0.1, 
0.05, -2, 0.05, 
0.1, 2, 0.05, 
0.1, 1, 0.1, 
0.1, 1, 0.05, 
0.05, 2, -0.1, 
0.1, 1, -0.1, 
0.05, 1, -0.1, 
0.05, 0, -0.1, 
0.1, -1, -0.1, 
0.05, -1, -0.1, 
-0.05, 0, -0.1, 
0, -1, -0.1, 
-0.05, -1, -0.1, 
0.05, 2, -0.1, 
0, 2, -3.10493, 
0, 2, -0.1, 
0.1, 0, 0.05, 
0.1, -1, 0.1, 
0.1, -1, 0.05, 
0.1, 0, -0.05, 
0.1, -1, 0, 
0.1, -1, -0.05, 
0.1, 2, -0.05, 
0.1, 1, 0, 
0.1, 1, -0.05, 
0, -2, 0.05, 
-0.05, -2, 0.1, 
-0.05, -2, 0.05, 
0, -2, -0.05, 
-0.05, -2, 0, 
-0.05, -2, -0.05, 
0.1, -2, -0.05, 
0.05, -2, 0, 
0.05, -2, -0.05, 
-0.1, 0, -0.05, 
-0.1, -1, -0.1, 
-0.1, -1, -0.05, 
-0.1, 0, 0.05, 
-0.1, -1, 0, 
-0.1, -1, 0.05, 
-0.1, 2, 0.05, 
-0.1, 1, 0, 
-0.1, 1, 0.05, 
-0.05, 0, 0.1, 
-0.1, -1, 0.1, 
-0.05, -1, 0.1, 
0.05, 0, 0.1, 
0, -1, 0.1, 
0.05, -1, 0.1, 
0.05, 2, 0.1, 
0, 1, 0.1, 
0.05, 1, 0.1, 
0, 2, 0.05, 
0.05, 2, 0.1, 
0.05, 2, 0.05, 
0, 2, -0.05, 
0.05, 2, 0, 
0.05, 2, -0.05, 
-0.1, 2, -0.05, 
-0.05, 2, 0, 
-0.05, 2, -0.05, 
-0.05, 2, -0.05, 
0, 2, 0, 
0, 2, -0.05, 
-0.05, 2, -0.1, 
0, 2, -0.05, 
0, 2, -0.1, 
-0.1, 2, -0.1, 
-0.05, 2, -0.05, 
-0.05, 2, -0.1, 
0.05, 2, -0.05, 
0.1, 2, 0, 
0.1, 2, -0.05, 
0.05, 2, -0.1, 
0.1, 2, -0.05, 
0.1, 2, -0.1, 
0, 2, -0.1, 
0.05, 2, -0.05, 
0.05, 2, -0.1, 
0.05, 2, 0.05, 
0.1, 2, 0.1, 
0.1, 2, 0.05, 
0.05, 2, 0, 
0.1, 2, 0.05, 
0.1, 2, 0, 
0, 2, 0, 
0.05, 2, 0.05, 
0.05, 2, 0, 
0.05, 1, 0.1, 
0, 0, 0.1, 
0.05, 0, 0.1, 
0.1, 1, 0.1, 
0.05, 0, 0.1, 
0.1, 0, 0.1, 
0.1, 2, 0.1, 
0.05, 1, 0.1, 
0.1, 1, 0.1, 
0.05, -1, 0.1, 
0, -2, 0.1, 
0.05, -2, 0.1, 
0.1, -1, 0.1, 
0.05, -2, 0.1, 
0.1, -2, 0.1, 
0.1, 0, 0.1, 
0.05, -1, 0.1, 
0.1, -1, 0.1, 
-0.05, -1, 0.1, 
-0.1, -2, 0.1, 
-0.05, -2, 0.1, 
0, -1, 0.1, 
-0.05, -2, 0.1, 
0, -2, 0.1, 
0, 0, 0.1, 
-0.05, -1, 0.1, 
0, -1, 0.1, 
-0.1, 1, 0.05, 
-0.1, 0, 0, 
-0.1, 0, 0.05, 
-0.1, 1, 0.1, 
-0.1, 0, 0.05, 
-0.1, 0, 0.1, 
-0.1, 2, 0.1, 
-0.1, 1, 0.05, 
-0.1, 1, 0.1, 
-0.1, -1, 0.05, 
-0.1, -2, 0, 
-0.1, -2, 0.05, 
-0.1, -1, 0.1, 
-0.1, -2, 0.05, 
-0.1, -2, 0.1, 
-0.1, 0, 0.1, 
-0.1, -1, 0.05, 
-0.1, -1, 0.1, 
-0.1, -1, -0.05, 
-0.1, -2, -0.1, 
-0.1, -2, -0.05, 
-0.1, -1, 0, 
-0.1, -2, -0.05, 
-0.1, -2, 0, 
-0.1, 0, 0, 
-0.1, -1, -0.05, 
-0.1, -1, 0, 
0.05, -2, -0.05, 
0, -2, 0, 
0, -2, -0.05, 
0.05, -2, -0.1, 
0, -2, -0.05, 
0, -2, -0.1, 
0.1, -2, -0.1, 
0.05, -2, -0.05, 
0.05, -2, -0.1, 
-0.05, -2, -0.05, 
-0.1, -2, 0, 
-0.1, -2, -0.05, 
-0.05, -2, -0.1, 
-0.1, -2, -0.05, 
-0.1, -2, -0.1, 
0, -2, -0.1, 
-0.05, -2, -0.05, 
-0.05, -2, -0.1, 
-0.05, -2, 0.05, 
-0.1, -2, 0.1, 
-0.1, -2, 0.05, 
-0.05, -2, 0, 
-0.1, -2, 0.05, 
-0.1, -2, 0, 
0, -2, 0, 
-0.05, -2, 0.05, 
-0.05, -2, 0, 
0.1, 1, -0.05, 
0.1, 0, 0, 
0.1, 0, -0.05, 
0.1, 1, -0.1, 
0.1, 0, -0.05, 
0.1, 0, -0.1, 
0.1, 2, -0.1, 
0.1, 1, -0.05, 
0.1, 1, -0.1, 
0.1, -1, -0.05, 
0.1, -2, 0, 
0.1, -2, -0.05, 
0.1, -1, -0.1, 
0.1, -2, -0.05, 
0.1, -2, -0.1, 
0.1, 0, -0.1, 
0.1, -1, -0.05, 
0.1, -1, -0.1, 
0.1, -1, 0.05, 
0.1, -2, 0.1, 
0.1, -2, 0.05, 
0.1, -1, 0, 
0.1, -2, 0.05, 
0.1, -2, 0, 
0.1, 0, 0, 
0.1, -1, 0.05, 
0.1, -1, 0, 
-0.05, 0, -0.1, 
0, 0, -3.10493, 
0, 0, -0.1, 
-0.1, 1, -0.1, 
-0.05, 0, -0.1, 
-0.1, 0, -0.1, 
-0.1, 2, -0.1, 
-0.05, 1, -0.1, 
-0.1, 1, -0.1, 
-0.05, -1, -0.1, 
0, -2, -0.1, 
-0.05, -2, -0.1, 
-0.1, -1, -0.1, 
-0.05, -2, -0.1, 
-0.1, -2, -0.1, 
-0.1, 0, -0.1, 
-0.05, -1, -0.1, 
-0.1, -1, -0.1, 
0.05, -1, -0.1, 
0.1, -2, -0.1, 
0.05, -2, -0.1, 
0, -1, -0.1, 
0.05, -2, -0.1, 
0, -2, -0.1, 
0, 0, -0.1, 
0.05, -1, -0.1, 
0, -1, -0.1, 
0.05, 1, -0.1, 
0.1, 0, -0.1, 
0.05, 0, -0.1, 
-0.05, 2, -0.1, 
-0.05, 1, -3.10493, 
-0.05, 1, -0.1, 
0.05, 0, -0.1, 
0.05, 1, -3.10493, 
0.05, 1, -0.1, 
0.1, 1, 0.05, 
0.1, 0, 0.1, 
0.1, 0, 0.05, 
0.1, 1, 0, 
0.1, 0, 0.05, 
0.1, 0, 0, 
0.1, 2, 0, 
0.1, 1, 0.05, 
0.1, 1, 0, 
0.05, -2, 0.05, 
0, -2, 0.1, 
0, -2, 0.05, 
0.05, -2, 0, 
0, -2, 0.05, 
0, -2, 0, 
0.1, -2, 0, 
0.05, -2, 0.05, 
0.05, -2, 0, 
-0.1, 1, -0.05, 
-0.1, 0, -0.1, 
-0.1, 0, -0.05, 
-0.1, 1, 0, 
-0.1, 0, -0.05, 
-0.1, 0, 0, 
-0.1, 2, 0, 
-0.1, 1, -0.05, 
-0.1, 1, 0, 
-0.05, 1, 0.1, 
-0.1, 0, 0.1, 
-0.05, 0, 0.1, 
0, 1, 0.1, 
-0.05, 0, 0.1, 
0, 0, 0.1, 
0, 2, 0.1, 
-0.05, 1, 0.1, 
0, 1, 0.1, 
-0.05, 2, 0.05, 
0, 2, 0.1, 
0, 2, 0.05, 
-0.05, 2, 0, 
0, 2, 0.05, 
0, 2, 0, 
-0.1, 2, 0, 
-0.05, 2, 0.05, 
-0.05, 2, 0, 
-0.05, 2, -3.10493, 
0, 1, -3.10493, 
-0.05, 1, -3.10493, 
-0.05, 1, -3.10493, 
0, 0, -3.10493, 
-0.05, 0, -3.10493, 
0, 1, -3.10493, 
0.05, 0, -3.10493, 
0, 0, -3.10493, 
0, 2, -3.10493, 
0.05, 1, -3.10493, 
0, 1, -3.10493, 
0.05, 1, -0.1, 
0.05, 2, -3.10493, 
0.05, 2, -0.1, 
0, 0, -0.1, 
0.05, 0, -3.10493, 
0.05, 0, -0.1, 
-0.05, 1, -0.1, 
-0.05, 0, -3.10493, 
-0.05, 0, -0.1, 
0, 2, -0.1, 
-0.05, 2, -3.10493, 
-0.05, 2, -0.1, 
-0.1, 2, 0.05, 
-0.1, 2, 0.1, 
-0.05, 2, 0.1, 
-0.05, 2, 0.1, 
-0.1, 2, 0.1, 
-0.1, 1, 0.1, 
-0.1, 2, -0.05, 
-0.1, 2, -0.1, 
-0.1, 1, -0.1, 
0.1, -2, 0.05, 
0.1, -2, 0.1, 
0.05, -2, 0.1, 
0.1, 2, 0.05, 
0.1, 2, 0.1, 
0.1, 1, 0.1, 
0.05, 2, -0.1, 
0.1, 2, -0.1, 
0.1, 1, -0.1, 
0.05, 0, -0.1, 
0.1, 0, -0.1, 
0.1, -1, -0.1, 
-0.05, 0, -0.1, 
0, 0, -0.1, 
0, -1, -0.1, 
0.05, 2, -0.1, 
0.05, 2, -3.10493, 
0, 2, -3.10493, 
0.1, 0, 0.05, 
0.1, 0, 0.1, 
0.1, -1, 0.1, 
0.1, 0, -0.05, 
0.1, 0, 0, 
0.1, -1, 0, 
0.1, 2, -0.05, 
0.1, 2, 0, 
0.1, 1, 0, 
0, -2, 0.05, 
0, -2, 0.1, 
-0.05, -2, 0.1, 
0, -2, -0.05, 
0, -2, 0, 
-0.05, -2, 0, 
0.1, -2, -0.05, 
0.1, -2, 0, 
0.05, -2, 0, 
-0.1, 0, -0.05, 
-0.1, 0, -0.1, 
-0.1, -1, -0.1, 
-0.1, 0, 0.05, 
-0.1, 0, 0, 
-0.1, -1, 0, 
-0.1, 2, 0.05, 
-0.1, 2, 0, 
-0.1, 1, 0, 
-0.05, 0, 0.1, 
-0.1, 0, 0.1, 
-0.1, -1, 0.1, 
0.05, 0, 0.1, 
0, 0, 0.1, 
0, -1, 0.1, 
0.05, 2, 0.1, 
0, 2, 0.1, 
0, 1, 0.1, 
0, 2, 0.05, 
0, 2, 0.1, 
0.05, 2, 0.1, 
0, 2, -0.05, 
0, 2, 0, 
0.05, 2, 0, 
-0.1, 2, -0.05, 
-0.1, 2, 0, 
-0.05, 2, 0, 
-0.05, 2, -0.05, 
-0.05, 2, 0, 
0, 2, 0, 
-0.05, 2, -0.1, 
-0.05, 2, -0.05, 
0, 2, -0.05, 
-0.1, 2, -0.1, 
-0.1, 2, -0.05, 
-0.05, 2, -0.05, 
0.05, 2, -0.05, 
0.05, 2, 0, 
0.1, 2, 0, 
0.05, 2, -0.1, 
0.05, 2, -0.05, 
0.1, 2, -0.05, 
0, 2, -0.1, 
0, 2, -0.05, 
0.05, 2, -0.05, 
0.05, 2, 0.05, 
0.05, 2, 0.1, 
0.1, 2, 0.1, 
0.05, 2, 0, 
0.05, 2, 0.05, 
0.1, 2, 0.05, 
0, 2, 0, 
0, 2, 0.05, 
0.05, 2, 0.05, 
0.05, 1, 0.1, 
0, 1, 0.1, 
0, 0, 0.1, 
0.1, 1, 0.1, 
0.05, 1, 0.1, 
0.05, 0, 0.1, 
0.1, 2, 0.1, 
0.05, 2, 0.1, 
0.05, 1, 0.1, 
0.05, -1, 0.1, 
0, -1, 0.1, 
0, -2, 0.1, 
0.1, -1, 0.1, 
0.05, -1, 0.1, 
0.05, -2, 0.1, 
0.1, 0, 0.1, 
0.05, 0, 0.1, 
0.05, -1, 0.1, 
-0.05, -1, 0.1, 
-0.1, -1, 0.1, 
-0.1, -2, 0.1, 
0, -1, 0.1, 
-0.05, -1, 0.1, 
-0.05, -2, 0.1, 
0, 0, 0.1, 
-0.05, 0, 0.1, 
-0.05, -1, 0.1, 
-0.1, 1, 0.05, 
-0.1, 1, 0, 
-0.1, 0, 0, 
-0.1, 1, 0.1, 
-0.1, 1, 0.05, 
-0.1, 0, 0.05, 
-0.1, 2, 0.1, 
-0.1, 2, 0.05, 
-0.1, 1, 0.05, 
-0.1, -1, 0.05, 
-0.1, -1, 0, 
-0.1, -2, 0, 
-0.1, -1, 0.1, 
-0.1, -1, 0.05, 
-0.1, -2, 0.05, 
-0.1, 0, 0.1, 
-0.1, 0, 0.05, 
-0.1, -1, 0.05, 
-0.1, -1, -0.05, 
-0.1, -1, -0.1, 
-0.1, -2, -0.1, 
-0.1, -1, 0, 
-0.1, -1, -0.05, 
-0.1, -2, -0.05, 
-0.1, 0, 0, 
-0.1, 0, -0.05, 
-0.1, -1, -0.05, 
0.05, -2, -0.05, 
0.05, -2, 0, 
0, -2, 0, 
0.05, -2, -0.1, 
0.05, -2, -0.05, 
0, -2, -0.05, 
0.1, -2, -0.1, 
0.1, -2, -0.05, 
0.05, -2, -0.05, 
-0.05, -2, -0.05, 
-0.05, -2, 0, 
-0.1, -2, 0, 
-0.05, -2, -0.1, 
-0.05, -2, -0.05, 
-0.1, -2, -0.05, 
0, -2, -0.1, 
0, -2, -0.05, 
-0.05, -2, -0.05, 
-0.05, -2, 0.05, 
-0.05, -2, 0.1, 
-0.1, -2, 0.1, 
-0.05, -2, 0, 
-0.05, -2, 0.05, 
-0.1, -2, 0.05, 
0, -2, 0, 
0, -2, 0.05, 
-0.05, -2, 0.05, 
0.1, 1, -0.05, 
0.1, 1, 0, 
0.1, 0, 0, 
0.1, 1, -0.1, 
0.1, 1, -0.05, 
0.1, 0, -0.05, 
0.1, 2, -0.1, 
0.1, 2, -0.05, 
0.1, 1, -0.05, 
0.1, -1, -0.05, 
0.1, -1, 0, 
0.1, -2, 0, 
0.1, -1, -0.1, 
0.1, -1, -0.05, 
0.1, -2, -0.05, 
0.1, 0, -0.1, 
0.1, 0, -0.05, 
0.1, -1, -0.05, 
0.1, -1, 0.05, 
0.1, -1, 0.1, 
0.1, -2, 0.1, 
0.1, -1, 0, 
0.1, -1, 0.05, 
0.1, -2, 0.05, 
0.1, 0, 0, 
0.1, 0, 0.05, 
0.1, -1, 0.05, 
-0.05, 0, -0.1, 
-0.05, 0, -3.10493, 
0, 0, -3.10493, 
-0.1, 1, -0.1, 
-0.05, 1, -0.1, 
-0.05, 0, -0.1, 
-0.1, 2, -0.1, 
-0.05, 2, -0.1, 
-0.05, 1, -0.1, 
-0.05, -1, -0.1, 
0, -1, -0.1, 
0, -2, -0.1, 
-0.1, -1, -0.1, 
-0.05, -1, -0.1, 
-0.05, -2, -0.1, 
-0.1, 0, -0.1, 
-0.05, 0, -0.1, 
-0.05, -1, -0.1, 
0.05, -1, -0.1, 
0.1, -1, -0.1, 
0.1, -2, -0.1, 
0, -1, -0.1, 
0.05, -1, -0.1, 
0.05, -2, -0.1, 
0, 0, -0.1, 
0.05, 0, -0.1, 
0.05, -1, -0.1, 
0.05, 1, -0.1, 
0.1, 1, -0.1, 
0.1, 0, -0.1, 
-0.05, 2, -0.1, 
-0.05, 2, -3.10493, 
-0.05, 1, -3.10493, 
0.05, 0, -0.1, 
0.05, 0, -3.10493, 
0.05, 1, -3.10493, 
0.1, 1, 0.05, 
0.1, 1, 0.1, 
0.1, 0, 0.1, 
0.1, 1, 0, 
0.1, 1, 0.05, 
0.1, 0, 0.05, 
0.1, 2, 0, 
0.1, 2, 0.05, 
0.1, 1, 0.05, 
0.05, -2, 0.05, 
0.05, -2, 0.1, 
0, -2, 0.1, 
0.05, -2, 0, 
0.05, -2, 0.05, 
0, -2, 0.05, 
0.1, -2, 0, 
0.1, -2, 0.05, 
0.05, -2, 0.05, 
-0.1, 1, -0.05, 
-0.1, 1, -0.1, 
-0.1, 0, -0.1, 
-0.1, 1, 0, 
-0.1, 1, -0.05, 
-0.1, 0, -0.05, 
-0.1, 2, 0, 
-0.1, 2, -0.05, 
-0.1, 1, -0.05, 
-0.05, 1, 0.1, 
-0.1, 1, 0.1, 
-0.1, 0, 0.1, 
0, 1, 0.1, 
-0.05, 1, 0.1, 
-0.05, 0, 0.1, 
0, 2, 0.1, 
-0.05, 2, 0.1, 
-0.05, 1, 0.1, 
-0.05, 2, 0.05, 
-0.05, 2, 0.1, 
0, 2, 0.1, 
-0.05, 2, 0, 
-0.05, 2, 0.05, 
0, 2, 0.05, 
-0.1, 2, 0, 
-0.1, 2, 0.05, 
-0.05, 2, 0.05, 
-0.05, 2, -3.10493, 
0, 2, -3.10493, 
0, 1, -3.10493, 
-0.05, 1, -3.10493, 
0, 1, -3.10493, 
0, 0, -3.10493, 
0, 1, -3.10493, 
0.05, 1, -3.10493, 
0.05, 0, -3.10493, 
0, 2, -3.10493, 
0.05, 2, -3.10493, 
0.05, 1, -3.10493, 
0.05, 1, -0.1, 
0.05, 1, -3.10493, 
0.05, 2, -3.10493, 
0, 0, -0.1, 
0, 0, -3.10493, 
0.05, 0, -3.10493, 
-0.05, 1, -0.1, 
-0.05, 1, -3.10493, 
-0.05, 0, -3.10493, 
0, 2, -0.1, 
0, 2, -3.10493, 
-0.05, 2, -3.10493, 
0, 0, 0, 
0, 0, 0, 
0, 0, 0, 
0, 0, 0, 
0, 0, 0, 
0, 0, 0, 
0, 0, 0, 
0, 0, 0, 
0, 0, 0, 
0, 0, 0, 
0, 0, 0, 
0, 0, 0, 
0, 0, 0, 
0, 0, 0, 
0, 0, 0, 
0, 0, 0, 
0, 0, 0, 
0, 0, 0, 
0, 0, 0, 
0, 0, 0, 
0, 0, 0, 
0, 0, 0, 
0, 0, 0, 
0, 0, 0, 
0, 0, 0, 
0, 0, 0, 
0, 0, 0, 
0, 0, 0, 
0, 0, 0, 
0, 0, 0, 
0, 0, 0, 
0, 0, 0, 
0, 0, 0, 
0, 0, 0, 
0, 0, 0, 
0, 0, 0, 
0, 0, 0, 
0, 0, 0, 
0, 0, 0, 
0, 0, 0, 
0, 0, 0, 
0, 0, 0, 
0, 0, 0, 
0, 0, 0, 
0, 0, 0, 
0, 0, 0, 
0, 0, 0, 
0, 0, 0, 
0, 0, 0, 
0, 0, 0, 
0, 0, 0, 
0, 0, 0, 
0, 0, 0, 
0, 0, 0, 
0, 0, 0, 
0, 0, 0, 
0, 0, 0, 
0, 0, 0, 
0, 0, 0, 
0, 0, 0, 
0, 0, 0, 
0, 0, 0, 
0, 0, 0, 
0, 0, 0, 
0, 0, 0, 
0, 0, 0, 
0, 0, 0, 
0, 0, 0, 
0, 0, 0, 
0, 0, 0, 
0, 0, 0, 
0, 0, 0, 
0, 0, 0, 
0, 0, 0, 
0, 0, 0, 
0, 0, 0, 
0, 0, 0, 
0, 0, 0, 
0, 0, 0, 
0, 0, 0, 
0, 0, 0, 
0, 0, 0, 
0, 0, 0, 
0, 0, 0, 
0, 0, 0, 
0, 0, 0, 
0, 0, 0, 
0, 0, 0, 
0, 0, 0, 
0, 0, 0, 
0, 0, 0, 
0, 0, 0, 
0, 0, 0, 
0, 0, 0, 
0, 0, 0, 
0, 0, 0, 
0, 0, 0, 
0, 0, 0, 
0, 0, 0, 
0, 0, 0, 
0, 0, 0, 
0, 0, 0, 
0, 0, 0, 
0, 0, 0, 
0, 0, 0, 
0, 0, 0, 
0, 0, 0, 
0, 0, 0, 
0, 0, 0, 
0, 0, 0, 
0, 0, 0, 
0, 0, 0, 
0, 0, 0, 
0, 0, 0, 
0, 0, 0, 
0, 0, 0, 
0, 0, 0, 
0, 0, 0, 
0, 0, 0, 
0, 0, 0, 
0, 0, 0, 
0, 0, 0, 
0, 0, 0, 
0, 0, 0, 
0, 0, 0, 
0, 0, 0, 
0, 0, 0, 
0, 0, 0, 
0, 0, 0, 
0, 0, 0, 
0, 0, 0, 
0, 0, 0, 
0, 0, 0, 
0, 0, 0, 
0, 0, 0, 
0, 0, 0, 
0, 0, 0, 
0, 0, 0, 
0, 0, 0, 
0, 0, 0, 
0, 0, 0, 
0, 0, 0, 
0, 0, 0, 
0, 0, 0, 
0, 0, 0, 
0, 0, 0, 
0, 0, 0, 
0, 0, 0, 
0, 0, 0, 
0, 0, 0, 
0, 0, 0, 
0, 0, 0, 
0, 0, 0, 
0, 0, 0, 
0, 0, 0, 
0, 0, 0, 
0, 0, 0, 
0, 0, 0, 
0, 0, 0, 
0, 0, 0, 
0, 0, 0, 
0, 0, 0, 
0, 0, 0, 
0, 0, 0, 
0, 0, 0, 
0, 0, 0, 
0, 0, 0, 
0, 0, 0, 
0, 0, 0, 
0, 0, 0, 
0, 0, 0, 
0, 0, 0, 
0, 0, 0, 
0, 0, 0, 
0, 0, 0, 
0, 0, 0, 
0, 0, 0, 
0, 0, 0, 
0, 0, 0, 
0, 0, 0, 
0, 0, 0, 
0, 0, 0, 
0, 0, 0, 
0, 0, 0, 
0, 0, 0, 
0, 0, 0, 
0, 0, 0, 
0, 0, 0, 
0, 0, 0, 
0, 0, 0, 
0, 0, 0, 
0, 0, 0, 
0, 0, 0, 
0, 0, 0, 
0, 0, 0, 
0, 0, 0, 
0, 0, 0, 
0, 0, 0, 
0, 0, 0, 
0, 0, 0, 
0, 0, 0, 
0, 0, 0, 
0, 0, 0, 
0, 0, 0, 
0, 0, 0, 
0, 0, 0, 
0, 0, 0, 
0, 0, 0, 
0, 0, 0, 
0, 0, 0, 
0, 0, 0, 
0, 0, 0, 
0, 0, 0, 
0, 0, 0, 
0, 0, 0, 
0, 0, 0, 
0, 0, 0, 
0, 0, 0, 
0, 0, 0, 
0, 0, 0, 
0, 0, 0, 
0, 0, 0, 
0, 0, 0, 
0, 0, 0, 
0, 0, 0, 
0, 0, 0, 
0, 0, 0, 
0, 0, 0, 
0, 0, 0, 
0, 0, 0, 
0, 0, 0, 
0, 0, 0, 
0, 0, 0, 
0, 0, 0, 
0, 0, 0, 
0, 0, 0, 
0, 0, 0, 
0, 0, 0, 
0, 0, 0, 
0, 0, 0, 
0, 0, 0, 
0, 0, 0, 
0, 0, 0, 
0, 0, 0, 
0, 0, 0, 
0, 0, 0, 
0, 0, 0, 
0, 0, 0, 
0, 0, 0, 
0, 0, 0, 
0, 0, 0, 
0, 0, 0, 
0, 0, 0, 
0, 0, 0, 
0, 0, 0, 
0, 0, 0, 
0, 0, 0, 
0, 0, 0, 
0, 0, 0, 
0, 0, 0, 
0, 0, 0, 
0, 0, 0, 
0, 0, 0, 
0, 0, 0, 
0, 0, 0, 
0, 0, 0, 
0, 0, 0, 
0, 0, 0, 
0, 0, 0, 
0, 0, 0, 
0, 0, 0, 
0, 0, 0, 
0, 0, 0, 
0, 0, 0, 
0, 0, 0, 
0, 0, 0, 
0, 0, 0, 
0, 0, 0, 
0, 0, 0, 
0, 0, 0, 
0, 0, 0, 
0, 0, 0, 
0, 0, 0, 
0, 0, 0, 
0, 0, 0, 
0, 0, 0, 
0, 0, 0, 
0, 0, 0, 
0, 0, 0, 
0, 0, 0, 
0, 0, 0, 
0, 0, 0, 
0, 0, 0, 
0, 0, 0, 
0, 0, 0, 
0, 0, 0, 
0, 0, 0, 
0, 0, 0, 
0, 0, 0, 
0, 0, 0, 
0, 0, 0, 
0, 0, 0, 
0, 0, 0, 
0, 0, 0, 
0, 0, 0, 
0, 0, 0, 
0, 0, 0, 
0, 0, 0, 
0, 0, 0, 
0, 0, 0, 
0, 0, 0, 
0, 0, 0, 
0, 0, 0, 
0, 0, 0, 
0, 0, 0, 
0, 0, 0, 
0, 0, 0, 
0, 0, 0, 
0, 0, 0, 
0, 0, 0, 
0, 0, 0, 
0, 0, 0, 
0, 0, 0, 
0, 0, 0, 
0, 0, 0, 
0, 0, 0, 
0, 0, 0, 
0, 0, 0, 
0, 0, 0, 
0, 0, 0, 
0, 0, 0, 
0, 0, 0, 
0, 0, 0, 
0, 0, 0, 
0, 0, 0, 
0, 0, 0, 
0, 0, 0, 
0, 0, 0, 
0, 0, 0, 
0, 0, 0, 
0, 0, 0, 
0, 0, 0, 
0, 0, 0, 
0, 0, 0, 
0, 0, 0, 
0, 0, 0, 
0, 0, 0, 
0, 0, 0, 
0, 0, 0, 
0, 0, 0, 
0, 0, 0, 
0, 0, 0, 
0, 0, 0, 
0, 0, 0, 
0, 0, 0, 
0, 0, 0, 
0, 0, 0, 
0, 0, 0, 
0, 0, 0, 
0, 0, 0, 
0, 0, 0, 
0, 0, 0, 
0, 0, 0, 
0, 0, 0, 
0, 0, 0, 
0, 0, 0, 
0, 0, 0, 
0, 0, 0, 
0, 0, 0, 
0, 0, 0, 
0, 0, 0, 
0, 0, 0, 
0, 0, 0, 
0, 0, 0, 
0, 0, 0, 
0, 0, 0, 
0, 0, 0, 
0, 0, 0, 
0, 0, 0, 
0, 0, 0, 
0, 0, 0, 
0, 0, 0, 
0, 0, 0, 
0, 0, 0, 
0, 0, 0, 
0, 0, 0, 
0, 0, 0, 
0, 0, 0, 
0, 0, 0, 
0, 0, 0, 
0, 0, 0, 
0, 0, 0, 
0, 0, 0, 
0, 0, 0, 
0, 0, 0, 
0, 0, 0, 
0, 0, 0, 
0, 0, 0, 
0, 0, 0, 
0, 0, 0, 
0, 0, 0, 
0, 0, 0, 
0, 0, 0, 
0, 0, 0, 
0, 0, 0, 
0, 0, 0, 
0, 0, 0, 
0, 0, 0, 
0, 0, 0, 
0, 0, 0, 
0, 0, 0, 
0, 0, 0, 
0, 0, 0, 
0, 0, 0, 
0, 0, 0, 
0, 0, 0, 
0, 0, 0, 
0, 0, 0, 
0, 0, 0, 
0, 0, 0, 
0, 0, 0, 
0, 0, 0, 
0, 0, 0, 
0, 0, 0, 
0, 0, 0, 
0, 0, 0, 
0, 0, 0, 
0, 0, 0, 
0, 0, 0, 
0, 0, 0, 
0, 0, 0, 
0, 0, 0, 
0, 0, 0, 
0, 0, 0, 
0, 0, 0, 
0, 0, 0, 
0, 0, 0, 
0, 0, 0, 
0, 0, 0, 
0, 0, 0, 
0, 0, 0, 
0, 0, 0, 
0, 0, 0, 
0, 0, 0, 
0, 0, 0, 
0, 0, 0, 
0, 0, 0, 
0, 0, 0, 
0, 0, 0, 
0, 0, 0, 
0, 0, 0, 
0, 0, 0, 
0, 0, 0, 
0, 0, 0, 
0, 0, 0, 
0, 0, 0, 
0, 0, 0, 
0, 0, 0, 
0, 0, 0, 
0, 0, 0, 
0, 0, 0, 
0, 0, 0, 
0, 0, 0, 
0, 0, 0, 
0, 0, 0, 
0, 0, 0, 
0, 0, 0, 
0, 0, 0, 
0, 0, 0, 
0, 0, 0, 
0, 0, 0, 
0, 0, 0, 
0, 0, 0, 
0, 0, 0, 
0, 0, 0, 
0, 0, 0, 
0, 0, 0, 
0, 0, 0, 
0, 0, 0, 
0, 0, 0, 
0, 0, 0, 
0, 0, 0, 
0, 0, 0, 
0, 0, 0, 
0, 0, 0, 
0, 0, 0, 
0, 0, 0, 
0, 0, 0, 
0, 0, 0, 
0, 0, 0, 
0, 0, 0, 
0, 0, 0, 
0, 0, 0, 
0, 0, 0, 
0, 0, 0, 
0, 0, 0, 
0, 0, 0, 
0, 0, 0, 
0, 0, 0, 
0, 0, 0, 
0, 0, 0, 
0, 0, 0, 
0, 0, 0, 
0, 0, 0, 
0, 0, 0, 
0, 0, 0, 
0, 0, 0, 
0, 0, 0, 
0, 0, 0, 
0, 0, 0, 
0, 0, 0, 
0, 0, 0, 
0, 0, 0, 
0, 0, 0, 
0, 0, 0, 
0, 0, 0, 
0, 0, 0, 
0, 0, 0, 
0, 0, 0, 
0, 0, 0, 
0, 0, 0, 
0, 0, 0, 
0, 0, 0, 
0, 0, 0, 
0, 0, 0, 
0, 0, 0, 
0, 0, 0, 
0, 0, 0, 
0, 0, 0, 
0, 0, 0, 
0, 0, 0, 
0, 0, 0, 
0, 0, 0, 
0, 0, 0, 
0, 0, 0, 
0, 0, 0, 
0, 0, 0, 
0, 0, 0, 
0, 0, 0, 
0, 0, 0, 
0, 0, 0, 
0, 0, 0, 
0, 0, 0, 
0, 0, 0, 
0, 0, 0, 
0, 0, 0, 
0, 0, 0, 
0, 0, 0, 
0, 0, 0, 
0, 0, 0, 
0, 0, 0, 
0, 0, 0, 
0, 0, 0, 
0, 0, 0, 
0, 0, 0, 
0, 0, 0, 
0, 0, 0, 
0, 0, 0, 
0, 0, 0, 
0, 0, 0, 
0, 0, 0, 
0, 0, 0, 
0, 0, 0, 
0, 0, 0, 
0, 0, 0, 
0, 0, 0, 
0, 0, 0, 
0, 0, 0, 
0, 0, 0, 
0, 0, 0, 
0, 0, 0, 
0, 0, 0, 
0, 0, 0, 
0, 0, 0, 
0, 0, 0, 
0, 0, 0, 
0, 0, 0, 
0, 0, 0, 
0, 0, 0, 
0, 0, 0, 
0, 0, 0, 
0, 0, 0, 
0, 0, 0, 
0, 0, 0, 
0, 0, 0, 
0, 0, 0, 
0, 0, 0, 
0, 0, 0, 
0, 0, 0, 
0, 0, 0, 
0, 0, 0, 
0, 0, 0, 
0, 0, 0, 
0, 0, 0, 
0, 0, 0, 
0, 0, 0, 
0, 0, 0, 
0, 0, 0, 
0, 0, 0, 
0, 0, 0, 
0, 0, 0, 
0, 0, 0, 
0, 0, 0, 
0, 0, 0, 
0, 0, 0, 
0, 0, 0, 
0, 0, 0, 
0, 0, 0, 
0, 0, 0, 
0, 0, 0, 
0, 0, 0, 
0, 0, 0, 
0, 0, 0, 
0, 0, 0, 
0, 0, 0, 
0, 0, 0, 
0, 0, 0, 
0, 0, 0, 
0, 0, 0, 
0, 0, 0, 
0, 0, 0, 
0, 0, 0, 
0, 0, 0, 
0, 0, 0, 
0, 0, 0, 
0, 0, 0, 
0, 0, 0, 
0, 0, 0, 
0, 0, 0, 
0, 0, 0, 
0, 0, 0, 
0, 0, 0, 
0, 0, 0, 
0, 0, 0, 
0, 0, 0, 
0, 0, 0, 
0, 0, 0, 
0, 0, 0, 
0, 0, 0, 
0, 0, 0, 
0, 0, 0, 
0, 0, 0, 
0, 0, 0, 
0, 0, 0, 
0, 0, 0, 
0, 0, 0, 
0, 0, 0, 
0, 0, 0, 
0, 0, 0, 
0, 0, 0, 
0, 0, 0, 
0, 0, 0, 
0, 0, 0, 
0, 0, 0, 
0, 0, 0, 
0, 0, 0, 
0, 0, 0, 
0, 0, 0, 
0, 0, 0, 
0, 0, 0, 
0, 0, 0, 
0, 0, 0, 
0, 0, 0, 
0, 0, 0, 
0, 0, 0, 
0, 0, 0, 
0, 0, 0, 
0, 0, 0, 
0, 0, 0, 
0, 0, 0, 
0, 0, 0, 
0, 0, 0, 
0, 0, 0, 
0, 0, 0, 
0, 0, 0, 
0, 0, 0, 
0, 0, 0, 
0, 0, 0, 
0, 0, 0, 
0, 0, 0, 
0, 0, 0, 
0, 0, 0, 
0, 0, 0, 
0, 0, 0, 
0, 0, 0, 
0, 0, 0, 
0, 0, 0, 
0, 0, 0, 
0, 0, 0, 
0, 0, 0, 
0, 0, 0, 
0, 0, 0, 
0, 0, 0, 
0, 0, 0, 
0, 0, 0, 
0, 0, 0, 
0, 0, 0, 
0, 0, 0, 
0, 0, 0, 
0, 0, 0, 
0, 0, 0, 
0, 0, 0, 
0, 0, 0, 
0, 0, 0, 
0, 0, 0, 
0, 0, 0, 
0, 0, 0, 
0, 0, 0, 
0, 0, 0, 
0, 0, 0, 
0, 0, 0, 
0, 0, 0, 
0, 0, 0, 
0, 0, 0, 
0, 0, 0, 
0, 0, 0, 
0, 0, 0, 
0, 0, 0, 
0, 0, 0, 
0, 0, 0, 
0, 0, 0, 
0, 0, 0, 
0, 0, 0, 
0, 0, 0, 
0, 0, 0, 
0, 0, 0, 
0, 0, 0, 
0, 0, 0, 
0, 0, 0, 
0, 0, 0, 
0, 0, 0, 
0, 0, 0, 
0, 0, 0, 
0, 0, 0, 
0, 0, 0, 
0, 0, 0, 
0, 0, 0, 
0, 0, 0, 
0, 0, 0, 
0, 0, 0, 
0, 0, 0, 
0, 0, 0, 
0, 0, 0, 
0, 0, 0, 
0, 0, 0, 
0, 0, 0, 
0, 0, 0, 
0, 0, 0, 
0, 0, 0, 
0, 0, 0, 
0, 0, 0, 
0, 0, 0, 
0, 0, 0, 
0, 0, 0, 
0, 0, 0, 
0, 0, 0, 
0, 0, 0, 
0, 0, 0, 
0, 0, 0, 
0, 0, 0, 
0, 0, 0, 
0, 0, 0, 
0, 0, 0, 
0, 0, 0, 
0, 0, 0, 
0, 0, 0, 
0, 0, 0, 
0, 0, 0, 
0, 0, 0, 
0, 0, 0, 
0, 0, 0, 
0, 0, 0, 
0, 0, 0, 
0, 0, 0, 
0, 0, 0, 
0, 0, 0, 
0, 0, 0, 
0, 0, 0, 
0, 0, 0, 
0, 0, 0, 
0, 0, 0, 
0, 0, 0, 
0, 0, 0, 
0, 0, 0, 
0, 0, 0, 
0, 0, 0, 
0, 0, 0, 
0, 0, 0, 
0, 0, 0, 
0, 0, 0, 
0, 0, 0, 
0, 0, 0, 
0, 0, 0, 
0, 0, 0, 
0, 0, 0, 
0, 0, 0, 
0, 0, 0, 
0, 0, 0, 
0, 0, 0, 
0, 0, 0, 
0, 0, 0, 
0, 0, 0, 
0, 0, 0, 
0, 0, 0, 
0, 0, 0, 
0, 0, 0, 
0, 0, 0, 
0, 0, 0, 
0, 0, 0, 
0, 0, 0, 
0, 0, 0, 
0, 0, 0, 
0, 0, 0, 
0, 0, 0, 
0, 0, 0, 
0, 0, 0, 
0, 0, 0, 
0, 0, 0, 
0, 0, 0, 
0, 0, 0, 
0, 0, 0, 
0, 0, 0, 
0, 0, 0, 
0, 0, 0, 
0, 0, 0, 
0, 0, 0, 
0, 0, 0, 
0, 0, 0, 
0, 0, 0, 
0, 0, 0, 
0, 0, 0, 
0, 0, 0, 
0, 0, 0, 
0, 0, 0, 
0, 0, 0, 
0, 0, 0, 
0, 0, 0, 
0, 0, 0, 
0, 0, 0, 
0, 0, 0, 
0, 0, 0, 
0, 0, 0, 
0, 0, 0, 
0, 0, 0, 
0, 0, 0, 
0, 0, 0, 
0, 0, 0, 
0, 0, 0, 
0, 0, 0, 
0, 0, 0, 
0, 0, 0, 
0, 0, 0, 
0, 0, 0, 
0, 0, 0, 
0, 0, 0, 
0, 0, 0, 
0, 0, 0, 
0, 0, 0, 
0, 0, 0, 
0, 0, 0, 
0, 0, 0, 
0, 0, 0, 
0, 0, 0, 
0, 0, 0, 
0, 0, 0, 
0, 0, 0, 
0, 0, 0, 
0, 0, 0, 
0, 0, 0, 
0, 0, 0, 
0, 0, 0, 
0, 0, 0, 
0, 0, 0, 
0, 0, 0, 
0, 0, 0, 
0, 0, 0, 
0, 0, 0, 
0, 0, 0, 
0, 0, 0, 
0, 0, 0, 
0, 0, 0, 
0, 0, 0, 
0, 0, 0, 
0, 0, 0, 
0, 0, 0, 
0, 0, 0, 
0, 0, 0, 
0, 0, 0, 
0, 0, 0, 
0, 0, 0, 
0, 0, 0, 
0, 0, 0, 
0, 0, 0, 
0, 0, 0, 
0, 0, 0, 
0, 0, 0, 
0, 0, 0, 
0, 0, 0, 
0, 0, 0, 
0, 0, 0, 
0, 0, 0, 
0, 0, 0, 
0, 0, 0, 
0, 0, 0, 
0, 0, 0, 
0, 0, 0, 
0, 0, 0, 
0, 0, 0, 
0, 0, 0, 
0, 0, 0, 
0, 0, 0, 
0, 0, 0, 
0, 0, 0, 
0, 0, 0, 
0, 0, 0, 
0, 0, 0, 
0, 0, 0, 
0, 0, 0, 
0, 0, 0, 
0, 0, 0, 
0, 0, 0, 
0, 0, 0, 
0, 0, 0, 
0, 0, 0, 
0, 0, 0, 
0, 0, 0, 
0, 0, 0, 
0, 0, 0, 
0, 0, 0, 
0, 0, 0, 
0, 0, 0, 
0, 0, 0, 
0, 0, 0, 
0, 0, 0, 
0, 0, 0, 
0, 0, 0, 
0, 0, 0, 
0, 0, 0, 
0, 0, 0, 
0, 0, 0, 
0, 0, 0, 
0, 0, 0, 
0, 0, 0, 
0, 0, 0, 
0, 0, 0, 
0, 0, 0, 
0, 0, 0, 
0, 0, 0, 
0, 0, 0, 
0, 0, 0, 
0, 0, 0, 
0, 0, 0, 
0, 0, 0, 
0, 0, 0, 
0, 0, 0, 
0, 0, 0, 
0, 0, 0, 
0, 0, 0, 
0, 0, 0, 
0, 0, 0, 
0, 0, 0, 
0, 0, 0, 
0, 0, 0, 
0, 0, 0, 
0, 0, 0, 
0, 0, 0, 
0, 0, 0, 
0, 0, 0, 
0, 0, 0, 
0, 0, 0, 
0, 0, 0, 
0, 0, 0, 
0, 0, 0, 
0, 0, 0, 
0, 0, 0, 
0, 0, 0, 
0, 0, 0, 
0, 0, 0, 
0, 0, 0, 
0, 0, 0, 
0, 0, 0, 
0, 0, 0, 
0, 0, 0, 
0, 0, 0, 
0, 0, 0, 
0, 0, 0, 
0, 0, 0, 
0, 0, 0, 
0, 0, 0, 
0, 0, 0, 
0, 0, 0, 
0, 0, 0, 
0, 0, 0, 
0, 0, 0, 
0, 0, 0, 
0, 0, 0, 
0, 0, 0, 
0, 0, 0, 
0, 0, 0, 
0, 0, 0, 
0, 0, 0, 
0, 0, 0, 
0, 0, 0, 
0, 0, 0, 
0, 0, 0, 
0, 0, 0, 
0, 0, 0, 
0, 0, 0, 
0, 0, 0, 
0, 0, 0, 
0, 0, 0, 
0, 0, 0, 
0, 0, 0, 
0, 0, 0, 
0, 0, 0, 
0, 0, 0, 
0, 0, 0, 
0, 0, 0, 
0, 0, 0, 
0, 0, 0, 
0, 0, 0, 
0, 0, 0, 
0, 0, 0, 
0, 0, 0, 
0, 0, 0, 
0, 0, 0, 
0, 0, 0, 
0, 0, 0, 
0, 0, 0, 
0, 0, 0, 
0, 0, 0, 
0, 0, 0, 
0, 0, 0, 
0, 0, 0, 
0, 0, 0, 
0, 0, 0, 
0, 0, 0, 
0, 0, 0, 
0, 0, 0, 
0, 0, 0, 
0, 0, 0, 
0, 0, 0, 
0, 0, 0, 
0, 0, 0, 
0, 0, 0, 
0, 0, 0, 
0, 0, 0, 
0, 0, 0, 
0, 0, 0, 
0, 0, 0, 
0, 0, 0, 
0, 0, 0, 
0, 0, 0, 
0, 0, 0, 
0, 0, 0, 
0, 0, 0, 
0, 0, 0, 
0, 0, 0, 
0, 0, 0, 
0, 0, 0, 
0, 0, 0, 
0, 0, 0, 
0, 0, 0, 
0, 0, 0, 
0, 0, 0, 
0, 0, 0, 
0, 0, 0, 
0, 0, 0, 
0, 0, 0, 
0, 0, 0, 
0, 0, 0, 
0, 0, 0, 
0, 0, 0, 
0, 0, 0, 
0, 0, 0, 
0, 0, 0, 
0, 0, 0, 
0, 0, 0, 
0, 0, 0, 
0, 0, 0, 
0, 0, 0, 
0, 0, 0, 
0, 0, 0, 
0, 0, 0, 
0, 0, 0, 
0, 0, 0, 
0, 0, 0, 
0, 0, 0, 
0, 0, 0, 
0, 0, 0, 
0, 0, 0, 
0, 0, 0, 
0, 0, 0, 
0, 0, 0, 
0, 0, 0, 
0, 0, 0, 
0, 0, 0, 
0, 0, 0, 
0, 0, 0, 
0, 0, 0, 
0, 0, 0, 
0, 0, 0, 
0, 0, 0, 
0, 0, 0, 
0, 0, 0, 
0, 0, 0, 
0, 0, 0, 
0, 0, 0, 
0, 0, 0, 
0, 0, 0, 
0, 0, 0, 
0, 0, 0, 
0, 0, 0, 
0, 0, 0, 
0, 0, 0, 
0, 0, 0, 
0, 0, 0, 
0, 0, 0, 
0, 0, 0, 
0, 0, 0, 
0, 0, 0, 
0, 0, 0, 
0, 0, 0, 
0, 0, 0, 
0, 0, 0, 
0, 0, 0, 
0, 0, 0, 
0, 0, 0, 
0, 0, 0, 
0, 0, 0, 
0, 0, 0, 
0, 0, 0, 
0, 0, 0, 
0, 0, 0, 
0, 0, 0, 
0, 0, 0, 
0, 0, 0, 
0, 0, 0, 
0, 0, 0, 
0, 0, 0, 
0, 0, 0, 
0, 0, 0, 
0, 0, 0, 
0, 0, 0, 
0, 0, 0, 
0, 0, 0, 
0, 0, 0, 
0, 0, 0, 
0, 0, 0, 
0, 0, 0, 
0, 0, 0, 
0, 0, 0, 
0, 0, 0, 
0, 0, 0, 
0, 0, 0, 
0, 0, 0, 
0, 0, 0, 
0, 0, 0, 
0, 0, 0, 
0, 0, 0, 
0, 0, 0, 
0, 0, 0, 
0, 0, 0, 
0, 0, 0, 
0, 0, 0, 
0, 0, 0, 
0, 0, 0, 
0, 0, 0, 
0, 0, 0, 
0, 0, 0, 
0, 0, 0, 
0, 0, 0, 
0, 0, 0, 
0, 0, 0, 
0, 0, 0, 
0, 0, 0, 
0, 0, 0, 
0, 0, 0, 
0, 0, 0, 
0, 0, 0, 
0, 0, 0, 
0, 0, 0, 
0, 0, 0, 
0, 0, 0, 
0, 0, 0, 
0, 0, 0, 
0, 0, 0, 
0, 0, 0, 
0, 0, 0, 
0, 0, 0, 
0, 0, 0, 
0, 0, 0, 
0, 0, 0, 
0, 0, 0, 
0, 0, 0, 
0, 0, 0, 
0, 0, 0, 
0, 0, 0, 
0, 0, 0, 
0, 0, 0, 
0, 0, 0, 
0, 0, 0, 
0, 0, 0, 
0, 0, 0, 
0, 0, 0, 
0, 0, 0, 
0, 0, 0, 
0, 0, 0, 
0, 0, 0, 
0, 0, 0, 
0, 0, 0, 
0, 0, 0, 
0, 0, 0, 
0, 0, 0, 
0, 0, 0, 
0, 0, 0, 
0, 0, 0, 
0, 0, 0, 
0, 0, 0, 
0, 0, 0, 
0, 0, 0, 
0, 0, 0, 
0, 0, 0, 
0, 0, 0, 
0, 0, 0, 
0, 0, 0, 
0, 0, 0, 
0, 0, 0, 
0, 0, 0, 
0, 0, 0, 
0, 0, 0, 
0, 0, 0, 
0, 0, 0, 
0, 0, 0, 
0, 0, 0, 
0, 0, 0, 
0, 0, 0, 
0, 0, 0, 
0, 0, 0, 
0, 0, 0, 
0, 0, 0, 
0, 0, 0, 
0, 0, 0, 
0, 0, 0, 
0, 0, 0, 
0, 0, 0, 
0, 0, 0, 
0, 0, 0, 
]);
var flagpn = new Float32Array([
0, 1, 0, 
0, 1, 0, 
0, 1, 0, 
0, 0, 1, 
0, 0, 1, 
0, 0, 1, 
-1, 0, 0, 
-1, 0, 0, 
-1, 0, 0, 
0, -1, 0, 
0, -1, 0, 
0, -1, 0, 
1, 0, 0, 
1, 0, 0, 
1, 0, 0, 
0, 0, -1, 
0, 0, -1, 
0, 0, -1, 
0, 0, -1, 
0, 0, -1, 
0, 0, -1, 
0, 0, -1, 
0, 0, -1, 
0, 0, -1, 
0, 1, 0, 
0, 1, 0, 
0, 1, 0, 
1, 0, 0, 
1, 0, 0, 
1, 0, 0, 
1, 0, 0, 
1, 0, 0, 
1, 0, 0, 
1, 0, 0, 
1, 0, 0, 
1, 0, 0, 
0, -1, 0, 
0, -1, 0, 
0, -1, 0, 
0, -1, 0, 
0, -1, 0, 
0, -1, 0, 
0, -1, 0, 
0, -1, 0, 
0, -1, 0, 
-1, 0, 0, 
-1, 0, 0, 
-1, 0, 0, 
-1, 0, 0, 
-1, 0, 0, 
-1, 0, 0, 
-1, 0, 0, 
-1, 0, 0, 
-1, 0, 0, 
0, 0, 1, 
0, 0, 1, 
0, 0, 1, 
0, 0, 1, 
0, 0, 1, 
0, 0, 1, 
0, 0, 1, 
0, 0, 1, 
0, 0, 1, 
0, 1, 0, 
0, 1, 0, 
0, 1, 0, 
0, 1, 0, 
0, 1, 0, 
0, 1, 0, 
0, 1, 0, 
0, 1, 0, 
0, 1, 0, 
0, 1, 0, 
0, 1, 0, 
0, 1, 0, 
0, 1, 0, 
0, 1, 0, 
0, 1, 0, 
0, 1, 0, 
0, 1, 0, 
0, 1, 0, 
0, 1, 0, 
0, 1, 0, 
0, 1, 0, 
0, 1, 0, 
0, 1, 0, 
0, 1, 0, 
0, 1, 0, 
0, 1, 0, 
0, 1, 0, 
0, 1, 0, 
0, 1, 0, 
0, 1, 0, 
0, 1, 0, 
0, 1, 0, 
0, 1, 0, 
0, 1, 0, 
0, 1, 0, 
0, 1, 0, 
0, 0, 1, 
0, 0, 1, 
0, 0, 1, 
0, 0, 1, 
0, 0, 1, 
0, 0, 1, 
0, 0, 1, 
0, 0, 1, 
0, 0, 1, 
0, 0, 1, 
0, 0, 1, 
0, 0, 1, 
0, 0, 1, 
0, 0, 1, 
0, 0, 1, 
0, 0, 1, 
0, 0, 1, 
0, 0, 1, 
0, 0, 1, 
0, 0, 1, 
0, 0, 1, 
0, 0, 1, 
0, 0, 1, 
0, 0, 1, 
0, 0, 1, 
0, 0, 1, 
0, 0, 1, 
-1, 0, 0, 
-1, 0, 0, 
-1, 0, 0, 
-1, 0, 0, 
-1, 0, 0, 
-1, 0, 0, 
-1, 0, 0, 
-1, 0, 0, 
-1, 0, 0, 
-1, 0, 0, 
-1, 0, 0, 
-1, 0, 0, 
-1, 0, 0, 
-1, 0, 0, 
-1, 0, 0, 
-1, 0, 0, 
-1, 0, 0, 
-1, 0, 0, 
-1, 0, 0, 
-1, 0, 0, 
-1, 0, 0, 
-1, 0, 0, 
-1, 0, 0, 
-1, 0, 0, 
-1, 0, 0, 
-1, 0, 0, 
-1, 0, 0, 
0, -1, 0, 
0, -1, 0, 
0, -1, 0, 
0, -1, 0, 
0, -1, 0, 
0, -1, 0, 
0, -1, 0, 
0, -1, 0, 
0, -1, 0, 
0, -1, 0, 
0, -1, 0, 
0, -1, 0, 
0, -1, 0, 
0, -1, 0, 
0, -1, 0, 
0, -1, 0, 
0, -1, 0, 
0, -1, 0, 
0, -1, 0, 
0, -1, 0, 
0, -1, 0, 
0, -1, 0, 
0, -1, 0, 
0, -1, 0, 
0, -1, 0, 
0, -1, 0, 
0, -1, 0, 
1, 0, 0, 
1, 0, 0, 
1, 0, 0, 
1, 0, 0, 
1, 0, 0, 
1, 0, 0, 
1, 0, 0, 
1, 0, 0, 
1, 0, 0, 
1, 0, 0, 
1, 0, 0, 
1, 0, 0, 
1, 0, 0, 
1, 0, 0, 
1, 0, 0, 
1, 0, 0, 
1, 0, 0, 
1, 0, 0, 
1, 0, 0, 
1, 0, 0, 
1, 0, 0, 
1, 0, 0, 
1, 0, 0, 
1, 0, 0, 
1, 0, 0, 
1, 0, 0, 
1, 0, 0, 
0, -1, 0, 
0, -1, 0, 
0, -1, 0, 
0, 0, -1, 
0, 0, -1, 
0, 0, -1, 
0, 0, -1, 
0, 0, -1, 
0, 0, -1, 
0, 0, -1, 
0, 0, -1, 
0, 0, -1, 
0, 0, -1, 
0, 0, -1, 
0, 0, -1, 
0, 0, -1, 
0, 0, -1, 
0, 0, -1, 
0, 0, -1, 
0, 0, -1, 
0, 0, -1, 
0, 0, -1, 
0, 0, -1, 
0, 0, -1, 
0, 0, -1, 
0, 0, -1, 
0, 0, -1, 
0, 0, -1, 
0, 0, -1, 
0, 0, -1, 
-1, 0, 0, 
-1, 0, 0, 
-1, 0, 0, 
1, 0, 0, 
1, 0, 0, 
1, 0, 0, 
1, 0, 0, 
1, 0, 0, 
1, 0, 0, 
1, 0, 0, 
1, 0, 0, 
1, 0, 0, 
1, 0, 0, 
1, 0, 0, 
1, 0, 0, 
0, -1, 0, 
0, -1, 0, 
0, -1, 0, 
0, -1, 0, 
0, -1, 0, 
0, -1, 0, 
0, -1, 0, 
0, -1, 0, 
0, -1, 0, 
-1, 0, 0, 
-1, 0, 0, 
-1, 0, 0, 
-1, 0, 0, 
-1, 0, 0, 
-1, 0, 0, 
-1, 0, 0, 
-1, 0, 0, 
-1, 0, 0, 
0, 0, 1, 
0, 0, 1, 
0, 0, 1, 
0, 0, 1, 
0, 0, 1, 
0, 0, 1, 
0, 0, 1, 
0, 0, 1, 
0, 0, 1, 
0, 1, 0, 
0, 1, 0, 
0, 1, 0, 
0, 1, 0, 
0, 1, 0, 
0, 1, 0, 
0, 1, 0, 
0, 1, 0, 
0, 1, 0, 
0, 0, -1, 
0, 0, -1, 
0, 0, -1, 
0, 0, -1, 
0, 0, -1, 
0, 0, -1, 
0, 0, -1, 
0, 0, -1, 
0, 0, -1, 
0, 0, -1, 
0, 0, -1, 
0, 0, -1, 
1, 0, 0, 
1, 0, 0, 
1, 0, 0, 
0, -1, 0, 
0, -1, 0, 
0, -1, 0, 
-1, 0, 0, 
-1, 0, 0, 
-1, 0, 0, 
0, 1, 0, 
0, 1, 0, 
0, 1, 0, 
0, 1, 0, 
0, 1, 0, 
0, 1, 0, 
0, 0, 1, 
0, 0, 1, 
0, 0, 1, 
-1, 0, 0, 
-1, 0, 0, 
-1, 0, 0, 
0, -1, 0, 
0, -1, 0, 
0, -1, 0, 
1, 0, 0, 
1, 0, 0, 
1, 0, 0, 
0, 0, -1, 
0, 0, -1, 
0, 0, -1, 
0, 0, -1, 
0, 0, -1, 
0, 0, -1, 
0, 0, -1, 
0, 0, -1, 
0, 0, -1, 
0, 1, 0, 
0, 1, 0, 
0, 1, 0, 
1, 0, 0, 
1, 0, 0, 
1, 0, 0, 
1, 0, 0, 
1, 0, 0, 
1, 0, 0, 
1, 0, 0, 
1, 0, 0, 
1, 0, 0, 
0, -1, 0, 
0, -1, 0, 
0, -1, 0, 
0, -1, 0, 
0, -1, 0, 
0, -1, 0, 
0, -1, 0, 
0, -1, 0, 
0, -1, 0, 
-1, 0, 0, 
-1, 0, 0, 
-1, 0, 0, 
-1, 0, 0, 
-1, 0, 0, 
-1, 0, 0, 
-1, 0, 0, 
-1, 0, 0, 
-1, 0, 0, 
0, 0, 1, 
0, 0, 1, 
0, 0, 1, 
0, 0, 1, 
0, 0, 1, 
0, 0, 1, 
0, 0, 1, 
0, 0, 1, 
0, 0, 1, 
0, 1, 0, 
0, 1, 0, 
0, 1, 0, 
0, 1, 0, 
0, 1, 0, 
0, 1, 0, 
0, 1, 0, 
0, 1, 0, 
0, 1, 0, 
0, 1, 0, 
0, 1, 0, 
0, 1, 0, 
0, 1, 0, 
0, 1, 0, 
0, 1, 0, 
0, 1, 0, 
0, 1, 0, 
0, 1, 0, 
0, 1, 0, 
0, 1, 0, 
0, 1, 0, 
0, 1, 0, 
0, 1, 0, 
0, 1, 0, 
0, 1, 0, 
0, 1, 0, 
0, 1, 0, 
0, 1, 0, 
0, 1, 0, 
0, 1, 0, 
0, 1, 0, 
0, 1, 0, 
0, 1, 0, 
0, 1, 0, 
0, 1, 0, 
0, 1, 0, 
0, 0, 1, 
0, 0, 1, 
0, 0, 1, 
0, 0, 1, 
0, 0, 1, 
0, 0, 1, 
0, 0, 1, 
0, 0, 1, 
0, 0, 1, 
0, 0, 1, 
0, 0, 1, 
0, 0, 1, 
0, 0, 1, 
0, 0, 1, 
0, 0, 1, 
0, 0, 1, 
0, 0, 1, 
0, 0, 1, 
0, 0, 1, 
0, 0, 1, 
0, 0, 1, 
0, 0, 1, 
0, 0, 1, 
0, 0, 1, 
0, 0, 1, 
0, 0, 1, 
0, 0, 1, 
-1, 0, 0, 
-1, 0, 0, 
-1, 0, 0, 
-1, 0, 0, 
-1, 0, 0, 
-1, 0, 0, 
-1, 0, 0, 
-1, 0, 0, 
-1, 0, 0, 
-1, 0, 0, 
-1, 0, 0, 
-1, 0, 0, 
-1, 0, 0, 
-1, 0, 0, 
-1, 0, 0, 
-1, 0, 0, 
-1, 0, 0, 
-1, 0, 0, 
-1, 0, 0, 
-1, 0, 0, 
-1, 0, 0, 
-1, 0, 0, 
-1, 0, 0, 
-1, 0, 0, 
-1, 0, 0, 
-1, 0, 0, 
-1, 0, 0, 
0, -1, 0, 
0, -1, 0, 
0, -1, 0, 
0, -1, 0, 
0, -1, 0, 
0, -1, 0, 
0, -1, 0, 
0, -1, 0, 
0, -1, 0, 
0, -1, 0, 
0, -1, 0, 
0, -1, 0, 
0, -1, 0, 
0, -1, 0, 
0, -1, 0, 
0, -1, 0, 
0, -1, 0, 
0, -1, 0, 
0, -1, 0, 
0, -1, 0, 
0, -1, 0, 
0, -1, 0, 
0, -1, 0, 
0, -1, 0, 
0, -1, 0, 
0, -1, 0, 
0, -1, 0, 
1, 0, 0, 
1, 0, 0, 
1, 0, 0, 
1, 0, 0, 
1, 0, 0, 
1, 0, 0, 
1, 0, 0, 
1, 0, 0, 
1, 0, 0, 
1, 0, 0, 
1, 0, 0, 
1, 0, 0, 
1, 0, 0, 
1, 0, 0, 
1, 0, 0, 
1, 0, 0, 
1, 0, 0, 
1, 0, 0, 
1, 0, 0, 
1, 0, 0, 
1, 0, 0, 
1, 0, 0, 
1, 0, 0, 
1, 0, 0, 
1, 0, 0, 
1, 0, 0, 
1, 0, 0, 
0, -1, 0, 
0, -1, 0, 
0, -1, 0, 
0, 0, -1, 
0, 0, -1, 
0, 0, -1, 
0, 0, -1, 
0, 0, -1, 
0, 0, -1, 
0, 0, -1, 
0, 0, -1, 
0, 0, -1, 
0, 0, -1, 
0, 0, -1, 
0, 0, -1, 
0, 0, -1, 
0, 0, -1, 
0, 0, -1, 
0, 0, -1, 
0, 0, -1, 
0, 0, -1, 
0, 0, -1, 
0, 0, -1, 
0, 0, -1, 
0, 0, -1, 
0, 0, -1, 
0, 0, -1, 
0, 0, -1, 
0, 0, -1, 
0, 0, -1, 
-1, 0, 0, 
-1, 0, 0, 
-1, 0, 0, 
1, 0, 0, 
1, 0, 0, 
1, 0, 0, 
1, 0, 0, 
1, 0, 0, 
1, 0, 0, 
1, 0, 0, 
1, 0, 0, 
1, 0, 0, 
1, 0, 0, 
1, 0, 0, 
1, 0, 0, 
0, -1, 0, 
0, -1, 0, 
0, -1, 0, 
0, -1, 0, 
0, -1, 0, 
0, -1, 0, 
0, -1, 0, 
0, -1, 0, 
0, -1, 0, 
-1, 0, 0, 
-1, 0, 0, 
-1, 0, 0, 
-1, 0, 0, 
-1, 0, 0, 
-1, 0, 0, 
-1, 0, 0, 
-1, 0, 0, 
-1, 0, 0, 
0, 0, 1, 
0, 0, 1, 
0, 0, 1, 
0, 0, 1, 
0, 0, 1, 
0, 0, 1, 
0, 0, 1, 
0, 0, 1, 
0, 0, 1, 
0, 1, 0, 
0, 1, 0, 
0, 1, 0, 
0, 1, 0, 
0, 1, 0, 
0, 1, 0, 
0, 1, 0, 
0, 1, 0, 
0, 1, 0, 
0, 0, -1, 
0, 0, -1, 
0, 0, -1, 
0, 0, -1, 
0, 0, -1, 
0, 0, -1, 
0, 0, -1, 
0, 0, -1, 
0, 0, -1, 
0, 0, -1, 
0, 0, -1, 
0, 0, -1, 
1, 0, 0, 
1, 0, 0, 
1, 0, 0, 
0, -1, 0, 
0, -1, 0, 
0, -1, 0, 
-1, 0, 0, 
-1, 0, 0, 
-1, 0, 0, 
0, 1, 0, 
0, 1, 0, 
0, 1, 0, 
0, 0, 0, 
0, 0, 0, 
0, 0, 0, 
0, 0, 0, 
0, 0, 0, 
0, 0, 0, 
0, 0, 0, 
0, 0, 0, 
0, 0, 0, 
0, 0, 0, 
0, 0, 0, 
0, 0, 0, 
0, 0, 0, 
0, 0, 0, 
0, 0, 0, 
0, 0, 0, 
0, 0, 0, 
0, 0, 0, 
0, 0, 0, 
0, 0, 0, 
0, 0, 0, 
0, 0, 0, 
0, 0, 0, 
0, 0, 0, 
0, 0, 0, 
0, 0, 0, 
0, 0, 0, 
0, 0, 0, 
0, 0, 0, 
0, 0, 0, 
0, 0, 0, 
0, 0, 0, 
0, 0, 0, 
0, 0, 0, 
0, 0, 0, 
0, 0, 0, 
0, 0, 0, 
0, 0, 0, 
0, 0, 0, 
0, 0, 0, 
0, 0, 0, 
0, 0, 0, 
0, 0, 0, 
0, 0, 0, 
0, 0, 0, 
0, 0, 0, 
0, 0, 0, 
0, 0, 0, 
0, 0, 0, 
0, 0, 0, 
0, 0, 0, 
0, 0, 0, 
0, 0, 0, 
0, 0, 0, 
0, 0, 0, 
0, 0, 0, 
0, 0, 0, 
0, 0, 0, 
0, 0, 0, 
0, 0, 0, 
0, 0, 0, 
0, 0, 0, 
0, 0, 0, 
0, 0, 0, 
0, 0, 0, 
0, 0, 0, 
0, 0, 0, 
0, 0, 0, 
0, 0, 0, 
0, 0, 0, 
0, 0, 0, 
0, 0, 0, 
0, 0, 0, 
0, 0, 0, 
0, 0, 0, 
0, 0, 0, 
0, 0, 0, 
0, 0, 0, 
0, 0, 0, 
0, 0, 0, 
0, 0, 0, 
0, 0, 0, 
0, 0, 0, 
0, 0, 0, 
0, 0, 0, 
0, 0, 0, 
0, 0, 0, 
0, 0, 0, 
0, 0, 0, 
0, 0, 0, 
0, 0, 0, 
0, 0, 0, 
0, 0, 0, 
0, 0, 0, 
0, 0, 0, 
0, 0, 0, 
0, 0, 0, 
0, 0, 0, 
0, 0, 0, 
0, 0, 0, 
0, 0, 0, 
0, 0, 0, 
0, 0, 0, 
0, 0, 0, 
0, 0, 0, 
0, 0, 0, 
0, 0, 0, 
0, 0, 0, 
0, 0, 0, 
0, 0, 0, 
0, 0, 0, 
0, 0, 0, 
0, 0, 0, 
0, 0, 0, 
0, 0, 0, 
0, 0, 0, 
0, 0, 0, 
0, 0, 0, 
0, 0, 0, 
0, 0, 0, 
0, 0, 0, 
0, 0, 0, 
0, 0, 0, 
0, 0, 0, 
0, 0, 0, 
0, 0, 0, 
0, 0, 0, 
0, 0, 0, 
0, 0, 0, 
0, 0, 0, 
0, 0, 0, 
0, 0, 0, 
0, 0, 0, 
0, 0, 0, 
0, 0, 0, 
0, 0, 0, 
0, 0, 0, 
0, 0, 0, 
0, 0, 0, 
0, 0, 0, 
0, 0, 0, 
0, 0, 0, 
0, 0, 0, 
0, 0, 0, 
0, 0, 0, 
0, 0, 0, 
0, 0, 0, 
0, 0, 0, 
0, 0, 0, 
0, 0, 0, 
0, 0, 0, 
0, 0, 0, 
0, 0, 0, 
0, 0, 0, 
0, 0, 0, 
0, 0, 0, 
0, 0, 0, 
0, 0, 0, 
0, 0, 0, 
0, 0, 0, 
0, 0, 0, 
0, 0, 0, 
0, 0, 0, 
0, 0, 0, 
0, 0, 0, 
0, 0, 0, 
0, 0, 0, 
0, 0, 0, 
0, 0, 0, 
0, 0, 0, 
0, 0, 0, 
0, 0, 0, 
0, 0, 0, 
0, 0, 0, 
0, 0, 0, 
0, 0, 0, 
0, 0, 0, 
0, 0, 0, 
0, 0, 0, 
0, 0, 0, 
0, 0, 0, 
0, 0, 0, 
0, 0, 0, 
0, 0, 0, 
0, 0, 0, 
0, 0, 0, 
0, 0, 0, 
0, 0, 0, 
0, 0, 0, 
0, 0, 0, 
0, 0, 0, 
0, 0, 0, 
0, 0, 0, 
0, 0, 0, 
0, 0, 0, 
0, 0, 0, 
0, 0, 0, 
0, 0, 0, 
0, 0, 0, 
0, 0, 0, 
0, 0, 0, 
0, 0, 0, 
0, 0, 0, 
0, 0, 0, 
0, 0, 0, 
0, 0, 0, 
0, 0, 0, 
0, 0, 0, 
0, 0, 0, 
0, 0, 0, 
0, 0, 0, 
0, 0, 0, 
0, 0, 0, 
0, 0, 0, 
0, 0, 0, 
0, 0, 0, 
0, 0, 0, 
0, 0, 0, 
0, 0, 0, 
0, 0, 0, 
0, 0, 0, 
0, 0, 0, 
0, 0, 0, 
0, 0, 0, 
0, 0, 0, 
0, 0, 0, 
0, 0, 0, 
0, 0, 0, 
0, 0, 0, 
0, 0, 0, 
0, 0, 0, 
0, 0, 0, 
0, 0, 0, 
0, 0, 0, 
0, 0, 0, 
0, 0, 0, 
0, 0, 0, 
0, 0, 0, 
0, 0, 0, 
0, 0, 0, 
0, 0, 0, 
0, 0, 0, 
0, 0, 0, 
0, 0, 0, 
0, 0, 0, 
0, 0, 0, 
0, 0, 0, 
0, 0, 0, 
0, 0, 0, 
0, 0, 0, 
0, 0, 0, 
0, 0, 0, 
0, 0, 0, 
0, 0, 0, 
0, 0, 0, 
0, 0, 0, 
0, 0, 0, 
0, 0, 0, 
0, 0, 0, 
0, 0, 0, 
0, 0, 0, 
0, 0, 0, 
0, 0, 0, 
0, 0, 0, 
0, 0, 0, 
0, 0, 0, 
0, 0, 0, 
0, 0, 0, 
0, 0, 0, 
0, 0, 0, 
0, 0, 0, 
0, 0, 0, 
0, 0, 0, 
0, 0, 0, 
0, 0, 0, 
0, 0, 0, 
0, 0, 0, 
0, 0, 0, 
0, 0, 0, 
0, 0, 0, 
0, 0, 0, 
0, 0, 0, 
0, 0, 0, 
0, 0, 0, 
0, 0, 0, 
0, 0, 0, 
0, 0, 0, 
0, 0, 0, 
0, 0, 0, 
0, 0, 0, 
0, 0, 0, 
0, 0, 0, 
0, 0, 0, 
0, 0, 0, 
0, 0, 0, 
0, 0, 0, 
0, 0, 0, 
0, 0, 0, 
0, 0, 0, 
0, 0, 0, 
0, 0, 0, 
0, 0, 0, 
0, 0, 0, 
0, 0, 0, 
0, 0, 0, 
0, 0, 0, 
0, 0, 0, 
0, 0, 0, 
0, 0, 0, 
0, 0, 0, 
0, 0, 0, 
0, 0, 0, 
0, 0, 0, 
0, 0, 0, 
0, 0, 0, 
0, 0, 0, 
0, 0, 0, 
0, 0, 0, 
0, 0, 0, 
0, 0, 0, 
0, 0, 0, 
0, 0, 0, 
0, 0, 0, 
0, 0, 0, 
0, 0, 0, 
0, 0, 0, 
0, 0, 0, 
0, 0, 0, 
0, 0, 0, 
0, 0, 0, 
0, 0, 0, 
0, 0, 0, 
0, 0, 0, 
0, 0, 0, 
0, 0, 0, 
0, 0, 0, 
0, 0, 0, 
0, 0, 0, 
0, 0, 0, 
0, 0, 0, 
0, 0, 0, 
0, 0, 0, 
0, 0, 0, 
0, 0, 0, 
0, 0, 0, 
0, 0, 0, 
0, 0, 0, 
0, 0, 0, 
0, 0, 0, 
0, 0, 0, 
0, 0, 0, 
0, 0, 0, 
0, 0, 0, 
0, 0, 0, 
0, 0, 0, 
0, 0, 0, 
0, 0, 0, 
0, 0, 0, 
0, 0, 0, 
0, 0, 0, 
0, 0, 0, 
0, 0, 0, 
0, 0, 0, 
0, 0, 0, 
0, 0, 0, 
0, 0, 0, 
0, 0, 0, 
0, 0, 0, 
0, 0, 0, 
0, 0, 0, 
0, 0, 0, 
0, 0, 0, 
0, 0, 0, 
0, 0, 0, 
0, 0, 0, 
0, 0, 0, 
0, 0, 0, 
0, 0, 0, 
0, 0, 0, 
0, 0, 0, 
0, 0, 0, 
0, 0, 0, 
0, 0, 0, 
0, 0, 0, 
0, 0, 0, 
0, 0, 0, 
0, 0, 0, 
0, 0, 0, 
0, 0, 0, 
0, 0, 0, 
0, 0, 0, 
0, 0, 0, 
0, 0, 0, 
0, 0, 0, 
0, 0, 0, 
0, 0, 0, 
0, 0, 0, 
0, 0, 0, 
0, 0, 0, 
0, 0, 0, 
0, 0, 0, 
0, 0, 0, 
0, 0, 0, 
0, 0, 0, 
0, 0, 0, 
0, 0, 0, 
0, 0, 0, 
0, 0, 0, 
0, 0, 0, 
0, 0, 0, 
0, 0, 0, 
0, 0, 0, 
0, 0, 0, 
0, 0, 0, 
0, 0, 0, 
0, 0, 0, 
0, 0, 0, 
0, 0, 0, 
0, 0, 0, 
0, 0, 0, 
0, 0, 0, 
0, 0, 0, 
0, 0, 0, 
0, 0, 0, 
0, 0, 0, 
0, 0, 0, 
0, 0, 0, 
0, 0, 0, 
0, 0, 0, 
0, 0, 0, 
0, 0, 0, 
0, 0, 0, 
0, 0, 0, 
0, 0, 0, 
0, 0, 0, 
0, 0, 0, 
0, 0, 0, 
0, 0, 0, 
0, 0, 0, 
0, 0, 0, 
0, 0, 0, 
0, 0, 0, 
0, 0, 0, 
0, 0, 0, 
0, 0, 0, 
0, 0, 0, 
0, 0, 0, 
0, 0, 0, 
0, 0, 0, 
0, 0, 0, 
0, 0, 0, 
0, 0, 0, 
0, 0, 0, 
0, 0, 0, 
0, 0, 0, 
0, 0, 0, 
0, 0, 0, 
0, 0, 0, 
0, 0, 0, 
0, 0, 0, 
0, 0, 0, 
0, 0, 0, 
0, 0, 0, 
0, 0, 0, 
0, 0, 0, 
0, 0, 0, 
0, 0, 0, 
0, 0, 0, 
0, 0, 0, 
0, 0, 0, 
0, 0, 0, 
0, 0, 0, 
0, 0, 0, 
0, 0, 0, 
0, 0, 0, 
0, 0, 0, 
0, 0, 0, 
0, 0, 0, 
0, 0, 0, 
0, 0, 0, 
0, 0, 0, 
0, 0, 0, 
0, 0, 0, 
0, 0, 0, 
0, 0, 0, 
0, 0, 0, 
0, 0, 0, 
0, 0, 0, 
0, 0, 0, 
0, 0, 0, 
0, 0, 0, 
0, 0, 0, 
0, 0, 0, 
0, 0, 0, 
0, 0, 0, 
0, 0, 0, 
0, 0, 0, 
0, 0, 0, 
0, 0, 0, 
0, 0, 0, 
0, 0, 0, 
0, 0, 0, 
0, 0, 0, 
0, 0, 0, 
0, 0, 0, 
0, 0, 0, 
0, 0, 0, 
0, 0, 0, 
0, 0, 0, 
0, 0, 0, 
0, 0, 0, 
0, 0, 0, 
0, 0, 0, 
0, 0, 0, 
0, 0, 0, 
0, 0, 0, 
0, 0, 0, 
0, 0, 0, 
0, 0, 0, 
0, 0, 0, 
0, 0, 0, 
0, 0, 0, 
0, 0, 0, 
0, 0, 0, 
0, 0, 0, 
0, 0, 0, 
0, 0, 0, 
0, 0, 0, 
0, 0, 0, 
0, 0, 0, 
0, 0, 0, 
0, 0, 0, 
0, 0, 0, 
0, 0, 0, 
0, 0, 0, 
0, 0, 0, 
0, 0, 0, 
0, 0, 0, 
0, 0, 0, 
0, 0, 0, 
0, 0, 0, 
0, 0, 0, 
0, 0, 0, 
0, 0, 0, 
0, 0, 0, 
0, 0, 0, 
0, 0, 0, 
0, 0, 0, 
0, 0, 0, 
0, 0, 0, 
0, 0, 0, 
0, 0, 0, 
0, 0, 0, 
0, 0, 0, 
0, 0, 0, 
0, 0, 0, 
0, 0, 0, 
0, 0, 0, 
0, 0, 0, 
0, 0, 0, 
0, 0, 0, 
0, 0, 0, 
0, 0, 0, 
0, 0, 0, 
0, 0, 0, 
0, 0, 0, 
0, 0, 0, 
0, 0, 0, 
0, 0, 0, 
0, 0, 0, 
0, 0, 0, 
0, 0, 0, 
0, 0, 0, 
0, 0, 0, 
0, 0, 0, 
0, 0, 0, 
0, 0, 0, 
0, 0, 0, 
0, 0, 0, 
0, 0, 0, 
0, 0, 0, 
0, 0, 0, 
0, 0, 0, 
0, 0, 0, 
0, 0, 0, 
0, 0, 0, 
0, 0, 0, 
0, 0, 0, 
0, 0, 0, 
0, 0, 0, 
0, 0, 0, 
0, 0, 0, 
0, 0, 0, 
0, 0, 0, 
0, 0, 0, 
0, 0, 0, 
0, 0, 0, 
0, 0, 0, 
0, 0, 0, 
0, 0, 0, 
0, 0, 0, 
0, 0, 0, 
0, 0, 0, 
0, 0, 0, 
0, 0, 0, 
0, 0, 0, 
0, 0, 0, 
0, 0, 0, 
0, 0, 0, 
0, 0, 0, 
0, 0, 0, 
0, 0, 0, 
0, 0, 0, 
0, 0, 0, 
0, 0, 0, 
0, 0, 0, 
0, 0, 0, 
0, 0, 0, 
0, 0, 0, 
0, 0, 0, 
0, 0, 0, 
0, 0, 0, 
0, 0, 0, 
0, 0, 0, 
0, 0, 0, 
0, 0, 0, 
0, 0, 0, 
0, 0, 0, 
0, 0, 0, 
0, 0, 0, 
0, 0, 0, 
0, 0, 0, 
0, 0, 0, 
0, 0, 0, 
0, 0, 0, 
0, 0, 0, 
0, 0, 0, 
0, 0, 0, 
0, 0, 0, 
0, 0, 0, 
0, 0, 0, 
0, 0, 0, 
0, 0, 0, 
0, 0, 0, 
0, 0, 0, 
0, 0, 0, 
0, 0, 0, 
0, 0, 0, 
0, 0, 0, 
0, 0, 0, 
0, 0, 0, 
0, 0, 0, 
0, 0, 0, 
0, 0, 0, 
0, 0, 0, 
0, 0, 0, 
0, 0, 0, 
0, 0, 0, 
0, 0, 0, 
0, 0, 0, 
0, 0, 0, 
0, 0, 0, 
0, 0, 0, 
0, 0, 0, 
0, 0, 0, 
0, 0, 0, 
0, 0, 0, 
0, 0, 0, 
0, 0, 0, 
0, 0, 0, 
0, 0, 0, 
0, 0, 0, 
0, 0, 0, 
0, 0, 0, 
0, 0, 0, 
0, 0, 0, 
0, 0, 0, 
0, 0, 0, 
0, 0, 0, 
0, 0, 0, 
0, 0, 0, 
0, 0, 0, 
0, 0, 0, 
0, 0, 0, 
0, 0, 0, 
0, 0, 0, 
0, 0, 0, 
0, 0, 0, 
0, 0, 0, 
0, 0, 0, 
0, 0, 0, 
0, 0, 0, 
0, 0, 0, 
0, 0, 0, 
0, 0, 0, 
0, 0, 0, 
0, 0, 0, 
0, 0, 0, 
0, 0, 0, 
0, 0, 0, 
0, 0, 0, 
0, 0, 0, 
0, 0, 0, 
0, 0, 0, 
0, 0, 0, 
0, 0, 0, 
0, 0, 0, 
0, 0, 0, 
0, 0, 0, 
0, 0, 0, 
0, 0, 0, 
0, 0, 0, 
0, 0, 0, 
0, 0, 0, 
0, 0, 0, 
0, 0, 0, 
0, 0, 0, 
0, 0, 0, 
0, 0, 0, 
0, 0, 0, 
0, 0, 0, 
0, 0, 0, 
0, 0, 0, 
0, 0, 0, 
0, 0, 0, 
0, 0, 0, 
0, 0, 0, 
0, 0, 0, 
0, 0, 0, 
0, 0, 0, 
0, 0, 0, 
0, 0, 0, 
0, 0, 0, 
0, 0, 0, 
0, 0, 0, 
0, 0, 0, 
0, 0, 0, 
0, 0, 0, 
0, 0, 0, 
0, 0, 0, 
0, 0, 0, 
0, 0, 0, 
0, 0, 0, 
0, 0, 0, 
0, 0, 0, 
0, 0, 0, 
0, 0, 0, 
0, 0, 0, 
0, 0, 0, 
0, 0, 0, 
0, 0, 0, 
0, 0, 0, 
0, 0, 0, 
0, 0, 0, 
0, 0, 0, 
0, 0, 0, 
0, 0, 0, 
0, 0, 0, 
0, 0, 0, 
0, 0, 0, 
0, 0, 0, 
0, 0, 0, 
0, 0, 0, 
0, 0, 0, 
0, 0, 0, 
0, 0, 0, 
0, 0, 0, 
0, 0, 0, 
0, 0, 0, 
0, 0, 0, 
0, 0, 0, 
0, 0, 0, 
0, 0, 0, 
0, 0, 0, 
0, 0, 0, 
0, 0, 0, 
0, 0, 0, 
0, 0, 0, 
0, 0, 0, 
0, 0, 0, 
0, 0, 0, 
0, 0, 0, 
0, 0, 0, 
0, 0, 0, 
0, 0, 0, 
0, 0, 0, 
0, 0, 0, 
0, 0, 0, 
0, 0, 0, 
0, 0, 0, 
0, 0, 0, 
0, 0, 0, 
0, 0, 0, 
0, 0, 0, 
0, 0, 0, 
0, 0, 0, 
0, 0, 0, 
0, 0, 0, 
0, 0, 0, 
0, 0, 0, 
0, 0, 0, 
0, 0, 0, 
0, 0, 0, 
0, 0, 0, 
0, 0, 0, 
0, 0, 0, 
0, 0, 0, 
0, 0, 0, 
0, 0, 0, 
0, 0, 0, 
0, 0, 0, 
0, 0, 0, 
0, 0, 0, 
0, 0, 0, 
0, 0, 0, 
0, 0, 0, 
0, 0, 0, 
0, 0, 0, 
0, 0, 0, 
0, 0, 0, 
0, 0, 0, 
0, 0, 0, 
0, 0, 0, 
0, 0, 0, 
0, 0, 0, 
0, 0, 0, 
0, 0, 0, 
0, 0, 0, 
0, 0, 0, 
0, 0, 0, 
0, 0, 0, 
0, 0, 0, 
0, 0, 0, 
0, 0, 0, 
0, 0, 0, 
0, 0, 0, 
0, 0, 0, 
0, 0, 0, 
0, 0, 0, 
0, 0, 0, 
0, 0, 0, 
0, 0, 0, 
0, 0, 0, 
0, 0, 0, 
0, 0, 0, 
0, 0, 0, 
0, 0, 0, 
0, 0, 0, 
0, 0, 0, 
0, 0, 0, 
0, 0, 0, 
0, 0, 0, 
0, 0, 0, 
0, 0, 0, 
0, 0, 0, 
0, 0, 0, 
0, 0, 0, 
0, 0, 0, 
0, 0, 0, 
0, 0, 0, 
0, 0, 0, 
0, 0, 0, 
0, 0, 0, 
0, 0, 0, 
0, 0, 0, 
0, 0, 0, 
0, 0, 0, 
0, 0, 0, 
0, 0, 0, 
0, 0, 0, 
0, 0, 0, 
0, 0, 0, 
0, 0, 0, 
0, 0, 0, 
0, 0, 0, 
0, 0, 0, 
0, 0, 0, 
0, 0, 0, 
0, 0, 0, 
0, 0, 0, 
0, 0, 0, 
0, 0, 0, 
0, 0, 0, 
0, 0, 0, 
0, 0, 0, 
0, 0, 0, 
0, 0, 0, 
0, 0, 0, 
0, 0, 0, 
0, 0, 0, 
0, 0, 0, 
0, 0, 0, 
0, 0, 0, 
0, 0, 0, 
0, 0, 0, 
0, 0, 0, 
0, 0, 0, 
0, 0, 0, 
0, 0, 0, 
0, 0, 0, 
0, 0, 0, 
0, 0, 0, 
0, 0, 0, 
0, 0, 0, 
0, 0, 0, 
0, 0, 0, 
0, 0, 0, 
0, 0, 0, 
0, 0, 0, 
0, 0, 0, 
0, 0, 0, 
0, 0, 0, 
0, 0, 0, 
0, 0, 0, 
0, 0, 0, 
0, 0, 0, 
0, 0, 0, 
0, 0, 0, 
0, 0, 0, 
0, 0, 0, 
0, 0, 0, 
0, 0, 0, 
0, 0, 0, 
0, 0, 0, 
0, 0, 0, 
0, 0, 0, 
0, 0, 0, 
0, 0, 0, 
0, 0, 0, 
0, 0, 0, 
0, 0, 0, 
0, 0, 0, 
0, 0, 0, 
0, 0, 0, 
0, 0, 0, 
0, 0, 0, 
0, 0, 0, 
0, 0, 0, 
0, 0, 0, 
0, 0, 0, 
0, 0, 0, 
0, 0, 0, 
0, 0, 0, 
0, 0, 0, 
0, 0, 0, 
0, 0, 0, 
0, 0, 0, 
0, 0, 0, 
0, 0, 0, 
0, 0, 0, 
0, 0, 0, 
0, 0, 0, 
0, 0, 0, 
0, 0, 0, 
0, 0, 0, 
0, 0, 0, 
0, 0, 0, 
0, 0, 0, 
0, 0, 0, 
0, 0, 0, 
0, 0, 0, 
0, 0, 0, 
0, 0, 0, 
0, 0, 0, 
0, 0, 0, 
0, 0, 0, 
0, 0, 0, 
0, 0, 0, 
0, 0, 0, 
0, 0, 0, 
0, 0, 0, 
0, 0, 0, 
0, 0, 0, 
0, 0, 0, 
0, 0, 0, 
0, 0, 0, 
0, 0, 0, 
0, 0, 0, 
0, 0, 0, 
0, 0, 0, 
0, 0, 0, 
0, 0, 0, 
0, 0, 0, 
0, 0, 0, 
0, 0, 0, 
0, 0, 0, 
0, 0, 0, 
0, 0, 0, 
0, 0, 0, 
0, 0, 0, 
0, 0, 0, 
0, 0, 0, 
0, 0, 0, 
0, 0, 0, 
0, 0, 0, 
0, 0, 0, 
0, 0, 0, 
0, 0, 0, 
0, 0, 0, 
0, 0, 0, 
0, 0, 0, 
0, 0, 0, 
0, 0, 0, 
0, 0, 0, 
0, 0, 0, 
0, 0, 0, 
0, 0, 0, 
0, 0, 0, 
0, 0, 0, 
0, 0, 0, 
0, 0, 0, 
0, 0, 0, 
0, 0, 0, 
0, 0, 0, 
0, 0, 0, 
0, 0, 0, 
0, 0, 0, 
0, 0, 0, 
0, 0, 0, 
0, 0, 0, 
0, 0, 0, 
0, 0, 0, 
0, 0, 0, 
0, 0, 0, 
0, 0, 0, 
0, 0, 0, 
0, 0, 0, 
0, 0, 0, 
0, 0, 0, 
0, 0, 0, 
0, 0, 0, 
0, 0, 0, 
0, 0, 0, 
0, 0, 0, 
0, 0, 0, 
0, 0, 0, 
0, 0, 0, 
0, 0, 0, 
0, 0, 0, 
0, 0, 0, 
0, 0, 0, 
0, 0, 0, 
0, 0, 0, 
0, 0, 0, 
0, 0, 0, 
0, 0, 0, 
0, 0, 0, 
0, 0, 0, 
0, 0, 0, 
0, 0, 0, 
0, 0, 0, 
0, 0, 0, 
0, 0, 0, 
0, 0, 0, 
0, 0, 0, 
0, 0, 0, 
0, 0, 0, 
0, 0, 0, 
0, 0, 0, 
0, 0, 0, 
0, 0, 0, 
0, 0, 0, 
0, 0, 0, 
0, 0, 0, 
0, 0, 0, 
0, 0, 0, 
0, 0, 0, 
0, 0, 0, 
0, 0, 0, 
0, 0, 0, 
0, 0, 0, 
0, 0, 0, 
0, 0, 0, 
0, 0, 0, 
0, 0, 0, 
0, 0, 0, 
0, 0, 0, 
0, 0, 0, 
0, 0, 0, 
0, 0, 0, 
0, 0, 0, 
0, 0, 0, 
0, 0, 0, 
0, 0, 0, 
0, 0, 0, 
0, 0, 0, 
0, 0, 0, 
0, 0, 0, 
0, 0, 0, 
0, 0, 0, 
0, 0, 0, 
0, 0, 0, 
0, 0, 0, 
0, 0, 0, 
0, 0, 0, 
0, 0, 0, 
0, 0, 0, 
0, 0, 0, 
0, 0, 0, 
0, 0, 0, 
0, 0, 0, 
0, 0, 0, 
0, 0, 0, 
0, 0, 0, 
0, 0, 0, 
0, 0, 0, 
0, 0, 0, 
0, 0, 0, 
0, 0, 0, 
0, 0, 0, 
0, 0, 0, 
0, 0, 0, 
0, 0, 0, 
0, 0, 0, 
0, 0, 0, 
0, 0, 0, 
0, 0, 0, 
0, 0, 0, 
0, 0, 0, 
0, 0, 0, 
0, 0, 0, 
0, 0, 0, 
0, 0, 0, 
0, 0, 0, 
0, 0, 0, 
0, 0, 0, 
0, 0, 0, 
0, 0, 0, 
0, 0, 0, 
0, 0, 0, 
0, 0, 0, 
0, 0, 0, 
0, 0, 0, 
0, 0, 0, 
0, 0, 0, 
0, 0, 0, 
0, 0, 0, 
0, 0, 0, 
0, 0, 0, 
0, 0, 0, 
0, 0, 0, 
0, 0, 0, 
0, 0, 0, 
0, 0, 0, 
0, 0, 0, 
0, 0, 0, 
0, 0, 0, 
0, 0, 0, 
0, 0, 0, 
0, 0, 0, 
0, 0, 0, 
0, 0, 0, 
0, 0, 0, 
0, 0, 0, 
0, 0, 0, 
0, 0, 0, 
0, 0, 0, 
0, 0, 0, 
0, 0, 0, 
0, 0, 0, 
0, 0, 0, 
0, 0, 0, 
0, 0, 0, 
0, 0, 0, 
0, 0, 0, 
0, 0, 0, 
0, 0, 0, 
0, 0, 0, 
0, 0, 0, 
0, 0, 0, 
0, 0, 0, 
0, 0, 0, 
0, 0, 0, 
0, 0, 0, 
0, 0, 0, 
0, 0, 0, 
0, 0, 0, 
0, 0, 0, 
0, 0, 0, 
0, 0, 0, 
0, 0, 0, 
0, 0, 0, 
0, 0, 0, 
0, 0, 0, 
0, 0, 0, 
0, 0, 0, 
0, 0, 0, 
0, 0, 0, 
0, 0, 0, 
0, 0, 0, 
0, 0, 0, 
0, 0, 0, 
0, 0, 0, 
0, 0, 0, 
0, 0, 0, 
0, 0, 0, 
0, 0, 0, 
0, 0, 0, 
0, 0, 0, 
0, 0, 0, 
0, 0, 0, 
0, 0, 0, 
0, 0, 0, 
0, 0, 0, 
0, 0, 0, 
0, 0, 0, 
0, 0, 0, 
0, 0, 0, 
0, 0, 0, 
0, 0, 0, 
0, 0, 0, 
0, 0, 0, 
0, 0, 0, 
0, 0, 0, 
0, 0, 0, 
0, 0, 0, 
0, 0, 0, 
0, 0, 0, 
0, 0, 0, 
0, 0, 0, 
0, 0, 0, 
0, 0, 0, 
0, 0, 0, 
0, 0, 0, 
0, 0, 0, 
0, 0, 0, 
0, 0, 0, 
0, 0, 0, 
0, 0, 0, 
0, 0, 0, 
0, 0, 0, 
0, 0, 0, 
0, 0, 0, 
0, 0, 0, 
0, 0, 0, 
0, 0, 0, 
0, 0, 0, 
0, 0, 0, 
0, 0, 0, 
0, 0, 0, 
0, 0, 0, 
0, 0, 0, 
0, 0, 0, 
0, 0, 0, 
0, 0, 0, 
0, 0, 0, 
0, 0, 0, 
0, 0, 0, 
]);
var flagpu = new Float32Array([
0.198739, 0.86094, 
0.198739, 0.86094, 
0.198739, 0.86094, 
0.198739, 0.86094, 
0.198739, 0.86094, 
0.198739, 0.86094, 
0.198739, 0.86094, 
0.198739, 0.86094, 
0.198739, 0.86094, 
0.198739, 0.86094, 
0.198739, 0.86094, 
0.198739, 0.86094, 
0.198739, 0.86094, 
0.198739, 0.86094, 
0.198739, 0.86094, 
0.198739, 0.86094, 
0.198739, 0.86094, 
0.198739, 0.86094, 
0.198739, 0.86094, 
0.198739, 0.86094, 
0.198739, 0.86094, 
0.198739, 0.86094, 
0.198739, 0.86094, 
0.198739, 0.86094, 
0.400945, 0.893262, 
0.400945, 0.893262, 
0.400945, 0.893262, 
0.198739, 0.86094, 
0.198739, 0.86094, 
0.198739, 0.86094, 
0.198739, 0.86094, 
0.198739, 0.86094, 
0.198739, 0.86094, 
0.198739, 0.86094, 
0.198739, 0.86094, 
0.198739, 0.86094, 
0.198739, 0.86094, 
0.198739, 0.86094, 
0.198739, 0.86094, 
0.198739, 0.86094, 
0.198739, 0.86094, 
0.198739, 0.86094, 
0.198739, 0.86094, 
0.198739, 0.86094, 
0.198739, 0.86094, 
0.198739, 0.86094, 
0.198739, 0.86094, 
0.198739, 0.86094, 
0.198739, 0.86094, 
0.198739, 0.86094, 
0.198739, 0.86094, 
0.198739, 0.86094, 
0.198739, 0.86094, 
0.198739, 0.86094, 
0.198739, 0.86094, 
0.198739, 0.86094, 
0.198739, 0.86094, 
0.198739, 0.86094, 
0.198739, 0.86094, 
0.198739, 0.86094, 
0.198739, 0.86094, 
0.198739, 0.86094, 
0.198739, 0.86094, 
0.198739, 0.86094, 
0.198739, 0.86094, 
0.198739, 0.86094, 
0.198739, 0.86094, 
0.198739, 0.86094, 
0.198739, 0.86094, 
0.198739, 0.86094, 
0.198739, 0.86094, 
0.198739, 0.86094, 
0.198739, 0.86094, 
0.198739, 0.86094, 
0.198739, 0.86094, 
0.198739, 0.86094, 
0.198739, 0.86094, 
0.198739, 0.86094, 
0.198739, 0.86094, 
0.198739, 0.86094, 
0.198739, 0.86094, 
0.198739, 0.86094, 
0.198739, 0.86094, 
0.198739, 0.86094, 
0.198739, 0.86094, 
0.198739, 0.86094, 
0.198739, 0.86094, 
0.198739, 0.86094, 
0.198739, 0.86094, 
0.198739, 0.86094, 
0.198739, 0.86094, 
0.198739, 0.86094, 
0.198739, 0.86094, 
0.198739, 0.86094, 
0.198739, 0.86094, 
0.198739, 0.86094, 
0.198739, 0.86094, 
0.198739, 0.86094, 
0.198739, 0.86094, 
0.198739, 0.86094, 
0.198739, 0.86094, 
0.198739, 0.86094, 
0.198739, 0.86094, 
0.198739, 0.86094, 
0.198739, 0.86094, 
0.198739, 0.86094, 
0.198739, 0.86094, 
0.198739, 0.86094, 
0.198739, 0.86094, 
0.198739, 0.86094, 
0.198739, 0.86094, 
0.198739, 0.86094, 
0.198739, 0.86094, 
0.198739, 0.86094, 
0.198739, 0.86094, 
0.198739, 0.86094, 
0.198739, 0.86094, 
0.198739, 0.86094, 
0.198739, 0.86094, 
0.198739, 0.86094, 
0.198739, 0.86094, 
0.198739, 0.86094, 
0.198739, 0.86094, 
0.198739, 0.86094, 
0.198739, 0.86094, 
0.198739, 0.86094, 
0.198739, 0.86094, 
0.198739, 0.86094, 
0.198739, 0.86094, 
0.198739, 0.86094, 
0.198739, 0.86094, 
0.198739, 0.86094, 
0.198739, 0.86094, 
0.198739, 0.86094, 
0.198739, 0.86094, 
0.198739, 0.86094, 
0.198739, 0.86094, 
0.198739, 0.86094, 
0.198739, 0.86094, 
0.198739, 0.86094, 
0.198739, 0.86094, 
0.198739, 0.86094, 
0.198739, 0.86094, 
0.198739, 0.86094, 
0.198739, 0.86094, 
0.198739, 0.86094, 
0.198739, 0.86094, 
0.198739, 0.86094, 
0.198739, 0.86094, 
0.198739, 0.86094, 
0.198739, 0.86094, 
0.198739, 0.86094, 
0.198739, 0.86094, 
0.198739, 0.86094, 
0.198739, 0.86094, 
0.198739, 0.86094, 
0.198739, 0.86094, 
0.198739, 0.86094, 
0.198739, 0.86094, 
0.198739, 0.86094, 
0.198739, 0.86094, 
0.198739, 0.86094, 
0.198739, 0.86094, 
0.198739, 0.86094, 
0.198739, 0.86094, 
0.198739, 0.86094, 
0.198739, 0.86094, 
0.198739, 0.86094, 
0.198739, 0.86094, 
0.198739, 0.86094, 
0.198739, 0.86094, 
0.198739, 0.86094, 
0.198739, 0.86094, 
0.198739, 0.86094, 
0.198739, 0.86094, 
0.198739, 0.86094, 
0.198739, 0.86094, 
0.198739, 0.86094, 
0.198739, 0.86094, 
0.198739, 0.86094, 
0.198739, 0.86094, 
0.198739, 0.86094, 
0.198739, 0.86094, 
0.198739, 0.86094, 
0.198739, 0.86094, 
0.198739, 0.86094, 
0.198739, 0.86094, 
0.198739, 0.86094, 
0.198739, 0.86094, 
0.198739, 0.86094, 
0.198739, 0.86094, 
0.198739, 0.86094, 
0.198739, 0.86094, 
0.198739, 0.86094, 
0.198739, 0.86094, 
0.198739, 0.86094, 
0.198739, 0.86094, 
0.198739, 0.86094, 
0.198739, 0.86094, 
0.198739, 0.86094, 
0.198739, 0.86094, 
0.198739, 0.86094, 
0.198739, 0.86094, 
0.198739, 0.86094, 
0.198739, 0.86094, 
0.198739, 0.86094, 
0.198739, 0.86094, 
0.400945, 0.893262, 
0.400945, 0.893262, 
0.400945, 0.893262, 
0.198739, 0.86094, 
0.198739, 0.86094, 
0.198739, 0.86094, 
0.198739, 0.86094, 
0.198739, 0.86094, 
0.198739, 0.86094, 
0.198739, 0.86094, 
0.198739, 0.86094, 
0.198739, 0.86094, 
0.198739, 0.86094, 
0.198739, 0.86094, 
0.198739, 0.86094, 
0.198739, 0.86094, 
0.198739, 0.86094, 
0.198739, 0.86094, 
0.198739, 0.86094, 
0.198739, 0.86094, 
0.198739, 0.86094, 
0.198739, 0.86094, 
0.198739, 0.86094, 
0.198739, 0.86094, 
0.198739, 0.86094, 
0.198739, 0.86094, 
0.198739, 0.86094, 
0.198739, 0.86094, 
0.198739, 0.86094, 
0.198739, 0.86094, 
0.425787, 0.698451, 
0.05751, 0.571828, 
0.427335, 0.574229, 
0.048549, 0.44981, 
0.42135, 0.578571, 
0.045886, 0.57524, 
0.198739, 0.86094, 
0.198739, 0.86094, 
0.198739, 0.86094, 
0.198739, 0.86094, 
0.198739, 0.86094, 
0.198739, 0.86094, 
0.198739, 0.86094, 
0.198739, 0.86094, 
0.198739, 0.86094, 
0.198739, 0.86094, 
0.198739, 0.86094, 
0.198739, 0.86094, 
0.198739, 0.86094, 
0.198739, 0.86094, 
0.198739, 0.86094, 
0.198739, 0.86094, 
0.198739, 0.86094, 
0.198739, 0.86094, 
0.198739, 0.86094, 
0.198739, 0.86094, 
0.198739, 0.86094, 
0.198739, 0.86094, 
0.198739, 0.86094, 
0.198739, 0.86094, 
0.198739, 0.86094, 
0.198739, 0.86094, 
0.198739, 0.86094, 
0.198739, 0.86094, 
0.198739, 0.86094, 
0.198739, 0.86094, 
0.198739, 0.86094, 
0.198739, 0.86094, 
0.198739, 0.86094, 
0.198739, 0.86094, 
0.198739, 0.86094, 
0.198739, 0.86094, 
0.198739, 0.86094, 
0.198739, 0.86094, 
0.198739, 0.86094, 
0.198739, 0.86094, 
0.198739, 0.86094, 
0.198739, 0.86094, 
0.198739, 0.86094, 
0.198739, 0.86094, 
0.198739, 0.86094, 
0.400945, 0.893262, 
0.400945, 0.893262, 
0.400945, 0.893262, 
0.400945, 0.893262, 
0.400945, 0.893262, 
0.400945, 0.893262, 
0.400945, 0.893262, 
0.400945, 0.893262, 
0.400945, 0.893262, 
0.400945, 0.893262, 
0.400945, 0.893262, 
0.400945, 0.893262, 
0.045886, 0.57524, 
0.418688, 0.704001, 
0.043224, 0.700671, 
0.400945, 0.893262, 
0.400945, 0.893262, 
0.400945, 0.893262, 
0.427335, 0.574229, 
0.059058, 0.447607, 
0.428883, 0.450008, 
0.400945, 0.893262, 
0.400945, 0.893262, 
0.400945, 0.893262, 
0.198739, 0.86094, 
0.198739, 0.86094, 
0.198739, 0.86094, 
0.198739, 0.86094, 
0.198739, 0.86094, 
0.198739, 0.86094, 
0.198739, 0.86094, 
0.198739, 0.86094, 
0.198739, 0.86094, 
0.198739, 0.86094, 
0.198739, 0.86094, 
0.198739, 0.86094, 
0.198739, 0.86094, 
0.198739, 0.86094, 
0.198739, 0.86094, 
0.198739, 0.86094, 
0.198739, 0.86094, 
0.198739, 0.86094, 
0.198739, 0.86094, 
0.198739, 0.86094, 
0.198739, 0.86094, 
0.198739, 0.86094, 
0.198739, 0.86094, 
0.198739, 0.86094, 
0.400945, 0.893262, 
0.400945, 0.893262, 
0.400945, 0.893262, 
0.198739, 0.86094, 
0.198739, 0.86094, 
0.198739, 0.86094, 
0.198739, 0.86094, 
0.198739, 0.86094, 
0.198739, 0.86094, 
0.198739, 0.86094, 
0.198739, 0.86094, 
0.198739, 0.86094, 
0.198739, 0.86094, 
0.198739, 0.86094, 
0.198739, 0.86094, 
0.198739, 0.86094, 
0.198739, 0.86094, 
0.198739, 0.86094, 
0.198739, 0.86094, 
0.198739, 0.86094, 
0.198739, 0.86094, 
0.198739, 0.86094, 
0.198739, 0.86094, 
0.198739, 0.86094, 
0.198739, 0.86094, 
0.198739, 0.86094, 
0.198739, 0.86094, 
0.198739, 0.86094, 
0.198739, 0.86094, 
0.198739, 0.86094, 
0.198739, 0.86094, 
0.198739, 0.86094, 
0.198739, 0.86094, 
0.198739, 0.86094, 
0.198739, 0.86094, 
0.198739, 0.86094, 
0.198739, 0.86094, 
0.198739, 0.86094, 
0.198739, 0.86094, 
0.198739, 0.86094, 
0.198739, 0.86094, 
0.198739, 0.86094, 
0.198739, 0.86094, 
0.198739, 0.86094, 
0.198739, 0.86094, 
0.198739, 0.86094, 
0.198739, 0.86094, 
0.198739, 0.86094, 
0.198739, 0.86094, 
0.198739, 0.86094, 
0.198739, 0.86094, 
0.198739, 0.86094, 
0.198739, 0.86094, 
0.198739, 0.86094, 
0.198739, 0.86094, 
0.198739, 0.86094, 
0.198739, 0.86094, 
0.198739, 0.86094, 
0.198739, 0.86094, 
0.198739, 0.86094, 
0.198739, 0.86094, 
0.198739, 0.86094, 
0.198739, 0.86094, 
0.198739, 0.86094, 
0.198739, 0.86094, 
0.198739, 0.86094, 
0.198739, 0.86094, 
0.198739, 0.86094, 
0.198739, 0.86094, 
0.198739, 0.86094, 
0.198739, 0.86094, 
0.198739, 0.86094, 
0.198739, 0.86094, 
0.198739, 0.86094, 
0.198739, 0.86094, 
0.198739, 0.86094, 
0.198739, 0.86094, 
0.198739, 0.86094, 
0.198739, 0.86094, 
0.198739, 0.86094, 
0.198739, 0.86094, 
0.198739, 0.86094, 
0.198739, 0.86094, 
0.198739, 0.86094, 
0.198739, 0.86094, 
0.198739, 0.86094, 
0.198739, 0.86094, 
0.198739, 0.86094, 
0.198739, 0.86094, 
0.198739, 0.86094, 
0.198739, 0.86094, 
0.198739, 0.86094, 
0.198739, 0.86094, 
0.198739, 0.86094, 
0.198739, 0.86094, 
0.198739, 0.86094, 
0.198739, 0.86094, 
0.198739, 0.86094, 
0.198739, 0.86094, 
0.198739, 0.86094, 
0.198739, 0.86094, 
0.198739, 0.86094, 
0.198739, 0.86094, 
0.198739, 0.86094, 
0.198739, 0.86094, 
0.198739, 0.86094, 
0.198739, 0.86094, 
0.198739, 0.86094, 
0.198739, 0.86094, 
0.198739, 0.86094, 
0.198739, 0.86094, 
0.198739, 0.86094, 
0.198739, 0.86094, 
0.198739, 0.86094, 
0.198739, 0.86094, 
0.198739, 0.86094, 
0.198739, 0.86094, 
0.198739, 0.86094, 
0.198739, 0.86094, 
0.198739, 0.86094, 
0.198739, 0.86094, 
0.198739, 0.86094, 
0.198739, 0.86094, 
0.198739, 0.86094, 
0.198739, 0.86094, 
0.198739, 0.86094, 
0.198739, 0.86094, 
0.198739, 0.86094, 
0.198739, 0.86094, 
0.198739, 0.86094, 
0.198739, 0.86094, 
0.198739, 0.86094, 
0.198739, 0.86094, 
0.198739, 0.86094, 
0.198739, 0.86094, 
0.198739, 0.86094, 
0.198739, 0.86094, 
0.198739, 0.86094, 
0.198739, 0.86094, 
0.198739, 0.86094, 
0.198739, 0.86094, 
0.198739, 0.86094, 
0.198739, 0.86094, 
0.198739, 0.86094, 
0.198739, 0.86094, 
0.198739, 0.86094, 
0.198739, 0.86094, 
0.198739, 0.86094, 
0.198739, 0.86094, 
0.198739, 0.86094, 
0.198739, 0.86094, 
0.198739, 0.86094, 
0.198739, 0.86094, 
0.198739, 0.86094, 
0.198739, 0.86094, 
0.198739, 0.86094, 
0.198739, 0.86094, 
0.198739, 0.86094, 
0.198739, 0.86094, 
0.198739, 0.86094, 
0.198739, 0.86094, 
0.198739, 0.86094, 
0.198739, 0.86094, 
0.198739, 0.86094, 
0.198739, 0.86094, 
0.198739, 0.86094, 
0.198739, 0.86094, 
0.198739, 0.86094, 
0.198739, 0.86094, 
0.198739, 0.86094, 
0.198739, 0.86094, 
0.198739, 0.86094, 
0.198739, 0.86094, 
0.198739, 0.86094, 
0.198739, 0.86094, 
0.198739, 0.86094, 
0.198739, 0.86094, 
0.198739, 0.86094, 
0.198739, 0.86094, 
0.198739, 0.86094, 
0.198739, 0.86094, 
0.198739, 0.86094, 
0.198739, 0.86094, 
0.400945, 0.893262, 
0.400945, 0.893262, 
0.400945, 0.893262, 
0.198739, 0.86094, 
0.198739, 0.86094, 
0.198739, 0.86094, 
0.198739, 0.86094, 
0.198739, 0.86094, 
0.198739, 0.86094, 
0.198739, 0.86094, 
0.198739, 0.86094, 
0.198739, 0.86094, 
0.198739, 0.86094, 
0.198739, 0.86094, 
0.198739, 0.86094, 
0.198739, 0.86094, 
0.198739, 0.86094, 
0.198739, 0.86094, 
0.198739, 0.86094, 
0.198739, 0.86094, 
0.198739, 0.86094, 
0.198739, 0.86094, 
0.198739, 0.86094, 
0.198739, 0.86094, 
0.198739, 0.86094, 
0.198739, 0.86094, 
0.198739, 0.86094, 
0.198739, 0.86094, 
0.198739, 0.86094, 
0.198739, 0.86094, 
0.425787, 0.698451, 
0.055962, 0.69605, 
0.05751, 0.571828, 
0.048549, 0.44981, 
0.424012, 0.45314, 
0.42135, 0.578571, 
0.198739, 0.86094, 
0.198739, 0.86094, 
0.198739, 0.86094, 
0.198739, 0.86094, 
0.198739, 0.86094, 
0.198739, 0.86094, 
0.198739, 0.86094, 
0.198739, 0.86094, 
0.198739, 0.86094, 
0.198739, 0.86094, 
0.198739, 0.86094, 
0.198739, 0.86094, 
0.198739, 0.86094, 
0.198739, 0.86094, 
0.198739, 0.86094, 
0.198739, 0.86094, 
0.198739, 0.86094, 
0.198739, 0.86094, 
0.198739, 0.86094, 
0.198739, 0.86094, 
0.198739, 0.86094, 
0.198739, 0.86094, 
0.198739, 0.86094, 
0.198739, 0.86094, 
0.198739, 0.86094, 
0.198739, 0.86094, 
0.198739, 0.86094, 
0.198739, 0.86094, 
0.198739, 0.86094, 
0.198739, 0.86094, 
0.198739, 0.86094, 
0.198739, 0.86094, 
0.198739, 0.86094, 
0.198739, 0.86094, 
0.198739, 0.86094, 
0.198739, 0.86094, 
0.198739, 0.86094, 
0.198739, 0.86094, 
0.198739, 0.86094, 
0.198739, 0.86094, 
0.198739, 0.86094, 
0.198739, 0.86094, 
0.198739, 0.86094, 
0.198739, 0.86094, 
0.198739, 0.86094, 
0.400945, 0.893262, 
0.400945, 0.893262, 
0.400945, 0.893262, 
0.400945, 0.893262, 
0.400945, 0.893262, 
0.400945, 0.893262, 
0.400945, 0.893262, 
0.400945, 0.893262, 
0.400945, 0.893262, 
0.400945, 0.893262, 
0.400945, 0.893262, 
0.400945, 0.893262, 
0.045886, 0.57524, 
0.42135, 0.578571, 
0.418688, 0.704001, 
0.400945, 0.893262, 
0.400945, 0.893262, 
0.400945, 0.893262, 
0.427335, 0.574229, 
0.05751, 0.571828, 
0.059058, 0.447607, 
0.400945, 0.893262, 
0.400945, 0.893262, 
0.400945, 0.893262, 
0, 0, 
0, 0, 
0, 0, 
0, 0, 
0, 0, 
0, 0, 
0, 0, 
0, 0, 
0, 0, 
0, 0, 
0, 0, 
0, 0, 
0, 0, 
0, 0, 
0, 0, 
0, 0, 
0, 0, 
0, 0, 
0, 0, 
0, 0, 
0, 0, 
0, 0, 
0, 0, 
0, 0, 
0, 0, 
0, 0, 
0, 0, 
0, 0, 
0, 0, 
0, 0, 
0, 0, 
0, 0, 
0, 0, 
0, 0, 
0, 0, 
0, 0, 
0, 0, 
0, 0, 
0, 0, 
0, 0, 
0, 0, 
0, 0, 
0, 0, 
0, 0, 
0, 0, 
0, 0, 
0, 0, 
0, 0, 
0, 0, 
0, 0, 
0, 0, 
0, 0, 
0, 0, 
0, 0, 
0, 0, 
0, 0, 
0, 0, 
0, 0, 
0, 0, 
0, 0, 
0, 0, 
0, 0, 
0, 0, 
0, 0, 
0, 0, 
0, 0, 
0, 0, 
0, 0, 
0, 0, 
0, 0, 
0, 0, 
0, 0, 
0, 0, 
0, 0, 
0, 0, 
0, 0, 
0, 0, 
0, 0, 
0, 0, 
0, 0, 
0, 0, 
0, 0, 
0, 0, 
0, 0, 
0, 0, 
0, 0, 
0, 0, 
0, 0, 
0, 0, 
0, 0, 
0, 0, 
0, 0, 
0, 0, 
0, 0, 
0, 0, 
0, 0, 
0, 0, 
0, 0, 
0, 0, 
0, 0, 
0, 0, 
0, 0, 
0, 0, 
0, 0, 
0, 0, 
0, 0, 
0, 0, 
0, 0, 
0, 0, 
0, 0, 
0, 0, 
0, 0, 
0, 0, 
0, 0, 
0, 0, 
0, 0, 
0, 0, 
0, 0, 
0, 0, 
0, 0, 
0, 0, 
0, 0, 
0, 0, 
0, 0, 
0, 0, 
0, 0, 
0, 0, 
0, 0, 
0, 0, 
0, 0, 
0, 0, 
0, 0, 
0, 0, 
0, 0, 
0, 0, 
0, 0, 
0, 0, 
0, 0, 
0, 0, 
0, 0, 
0, 0, 
0, 0, 
0, 0, 
0, 0, 
0, 0, 
0, 0, 
0, 0, 
0, 0, 
0, 0, 
0, 0, 
0, 0, 
0, 0, 
0, 0, 
0, 0, 
0, 0, 
0, 0, 
0, 0, 
0, 0, 
0, 0, 
0, 0, 
0, 0, 
0, 0, 
0, 0, 
0, 0, 
0, 0, 
0, 0, 
0, 0, 
0, 0, 
0, 0, 
0, 0, 
0, 0, 
0, 0, 
0, 0, 
0, 0, 
0, 0, 
0, 0, 
0, 0, 
0, 0, 
0, 0, 
0, 0, 
0, 0, 
0, 0, 
0, 0, 
0, 0, 
0, 0, 
0, 0, 
0, 0, 
0, 0, 
0, 0, 
0, 0, 
0, 0, 
0, 0, 
0, 0, 
0, 0, 
0, 0, 
0, 0, 
0, 0, 
0, 0, 
0, 0, 
0, 0, 
0, 0, 
0, 0, 
0, 0, 
0, 0, 
0, 0, 
0, 0, 
0, 0, 
0, 0, 
0, 0, 
0, 0, 
0, 0, 
0, 0, 
0, 0, 
0, 0, 
0, 0, 
0, 0, 
0, 0, 
0, 0, 
0, 0, 
0, 0, 
0, 0, 
0, 0, 
0, 0, 
0, 0, 
0, 0, 
0, 0, 
0, 0, 
0, 0, 
0, 0, 
0, 0, 
0, 0, 
0, 0, 
0, 0, 
0, 0, 
0, 0, 
0, 0, 
0, 0, 
0, 0, 
0, 0, 
0, 0, 
0, 0, 
0, 0, 
0, 0, 
0, 0, 
0, 0, 
0, 0, 
0, 0, 
0, 0, 
0, 0, 
0, 0, 
0, 0, 
0, 0, 
0, 0, 
0, 0, 
0, 0, 
0, 0, 
0, 0, 
0, 0, 
0, 0, 
0, 0, 
0, 0, 
0, 0, 
0, 0, 
0, 0, 
0, 0, 
0, 0, 
0, 0, 
0, 0, 
0, 0, 
0, 0, 
0, 0, 
0, 0, 
0, 0, 
0, 0, 
0, 0, 
0, 0, 
0, 0, 
0, 0, 
0, 0, 
0, 0, 
0, 0, 
0, 0, 
0, 0, 
0, 0, 
0, 0, 
0, 0, 
0, 0, 
0, 0, 
0, 0, 
0, 0, 
0, 0, 
0, 0, 
0, 0, 
0, 0, 
0, 0, 
0, 0, 
0, 0, 
0, 0, 
0, 0, 
0, 0, 
0, 0, 
0, 0, 
0, 0, 
0, 0, 
0, 0, 
0, 0, 
0, 0, 
0, 0, 
0, 0, 
0, 0, 
0, 0, 
0, 0, 
0, 0, 
0, 0, 
0, 0, 
0, 0, 
0, 0, 
0, 0, 
0, 0, 
0, 0, 
0, 0, 
0, 0, 
0, 0, 
0, 0, 
0, 0, 
0, 0, 
0, 0, 
0, 0, 
0, 0, 
0, 0, 
0, 0, 
0, 0, 
0, 0, 
0, 0, 
0, 0, 
0, 0, 
0, 0, 
0, 0, 
0, 0, 
0, 0, 
0, 0, 
0, 0, 
0, 0, 
0, 0, 
0, 0, 
0, 0, 
0, 0, 
0, 0, 
0, 0, 
0, 0, 
0, 0, 
0, 0, 
0, 0, 
0, 0, 
0, 0, 
0, 0, 
0, 0, 
0, 0, 
0, 0, 
0, 0, 
0, 0, 
0, 0, 
0, 0, 
0, 0, 
0, 0, 
0, 0, 
0, 0, 
0, 0, 
0, 0, 
0, 0, 
0, 0, 
0, 0, 
0, 0, 
0, 0, 
0, 0, 
0, 0, 
0, 0, 
0, 0, 
0, 0, 
0, 0, 
0, 0, 
0, 0, 
0, 0, 
0, 0, 
0, 0, 
0, 0, 
0, 0, 
0, 0, 
0, 0, 
0, 0, 
0, 0, 
0, 0, 
0, 0, 
0, 0, 
0, 0, 
0, 0, 
0, 0, 
0, 0, 
0, 0, 
0, 0, 
0, 0, 
0, 0, 
0, 0, 
0, 0, 
0, 0, 
0, 0, 
0, 0, 
0, 0, 
0, 0, 
0, 0, 
0, 0, 
0, 0, 
0, 0, 
0, 0, 
0, 0, 
0, 0, 
0, 0, 
0, 0, 
0, 0, 
0, 0, 
0, 0, 
0, 0, 
0, 0, 
0, 0, 
0, 0, 
0, 0, 
0, 0, 
0, 0, 
0, 0, 
0, 0, 
0, 0, 
0, 0, 
0, 0, 
0, 0, 
0, 0, 
0, 0, 
0, 0, 
0, 0, 
0, 0, 
0, 0, 
0, 0, 
0, 0, 
0, 0, 
0, 0, 
0, 0, 
0, 0, 
0, 0, 
0, 0, 
0, 0, 
0, 0, 
0, 0, 
0, 0, 
0, 0, 
0, 0, 
0, 0, 
0, 0, 
0, 0, 
0, 0, 
0, 0, 
0, 0, 
0, 0, 
0, 0, 
0, 0, 
0, 0, 
0, 0, 
0, 0, 
0, 0, 
0, 0, 
0, 0, 
0, 0, 
0, 0, 
0, 0, 
0, 0, 
0, 0, 
0, 0, 
0, 0, 
0, 0, 
0, 0, 
0, 0, 
0, 0, 
0, 0, 
0, 0, 
0, 0, 
0, 0, 
0, 0, 
0, 0, 
0, 0, 
0, 0, 
0, 0, 
0, 0, 
0, 0, 
0, 0, 
0, 0, 
0, 0, 
0, 0, 
0, 0, 
0, 0, 
0, 0, 
0, 0, 
0, 0, 
0, 0, 
0, 0, 
0, 0, 
0, 0, 
0, 0, 
0, 0, 
0, 0, 
0, 0, 
0, 0, 
0, 0, 
0, 0, 
0, 0, 
0, 0, 
0, 0, 
0, 0, 
0, 0, 
0, 0, 
0, 0, 
0, 0, 
0, 0, 
0, 0, 
0, 0, 
0, 0, 
0, 0, 
0, 0, 
0, 0, 
0, 0, 
0, 0, 
0, 0, 
0, 0, 
0, 0, 
0, 0, 
0, 0, 
0, 0, 
0, 0, 
0, 0, 
0, 0, 
0, 0, 
0, 0, 
0, 0, 
0, 0, 
0, 0, 
0, 0, 
0, 0, 
0, 0, 
0, 0, 
0, 0, 
0, 0, 
0, 0, 
0, 0, 
0, 0, 
0, 0, 
0, 0, 
0, 0, 
0, 0, 
0, 0, 
0, 0, 
0, 0, 
0, 0, 
0, 0, 
0, 0, 
0, 0, 
0, 0, 
0, 0, 
0, 0, 
0, 0, 
0, 0, 
0, 0, 
0, 0, 
0, 0, 
0, 0, 
0, 0, 
0, 0, 
0, 0, 
0, 0, 
0, 0, 
0, 0, 
0, 0, 
0, 0, 
0, 0, 
0, 0, 
0, 0, 
0, 0, 
0, 0, 
0, 0, 
0, 0, 
0, 0, 
0, 0, 
0, 0, 
0, 0, 
0, 0, 
0, 0, 
0, 0, 
0, 0, 
0, 0, 
0, 0, 
0, 0, 
0, 0, 
0, 0, 
0, 0, 
0, 0, 
0, 0, 
0, 0, 
0, 0, 
0, 0, 
0, 0, 
0, 0, 
0, 0, 
0, 0, 
0, 0, 
0, 0, 
0, 0, 
0, 0, 
0, 0, 
0, 0, 
0, 0, 
0, 0, 
0, 0, 
0, 0, 
0, 0, 
0, 0, 
0, 0, 
0, 0, 
0, 0, 
0, 0, 
0, 0, 
0, 0, 
0, 0, 
0, 0, 
0, 0, 
0, 0, 
0, 0, 
0, 0, 
0, 0, 
0, 0, 
0, 0, 
0, 0, 
0, 0, 
0, 0, 
0, 0, 
0, 0, 
0, 0, 
0, 0, 
0, 0, 
0, 0, 
0, 0, 
0, 0, 
0, 0, 
0, 0, 
0, 0, 
0, 0, 
0, 0, 
0, 0, 
0, 0, 
0, 0, 
0, 0, 
0, 0, 
0, 0, 
0, 0, 
0, 0, 
0, 0, 
0, 0, 
0, 0, 
0, 0, 
0, 0, 
0, 0, 
0, 0, 
0, 0, 
0, 0, 
0, 0, 
0, 0, 
0, 0, 
0, 0, 
0, 0, 
0, 0, 
0, 0, 
0, 0, 
0, 0, 
0, 0, 
0, 0, 
0, 0, 
0, 0, 
0, 0, 
0, 0, 
0, 0, 
0, 0, 
0, 0, 
0, 0, 
0, 0, 
0, 0, 
0, 0, 
0, 0, 
0, 0, 
0, 0, 
0, 0, 
0, 0, 
0, 0, 
0, 0, 
0, 0, 
0, 0, 
0, 0, 
0, 0, 
0, 0, 
0, 0, 
0, 0, 
0, 0, 
0, 0, 
0, 0, 
0, 0, 
0, 0, 
0, 0, 
0, 0, 
0, 0, 
0, 0, 
0, 0, 
0, 0, 
0, 0, 
0, 0, 
0, 0, 
0, 0, 
0, 0, 
0, 0, 
0, 0, 
0, 0, 
0, 0, 
0, 0, 
0, 0, 
0, 0, 
0, 0, 
0, 0, 
0, 0, 
0, 0, 
0, 0, 
0, 0, 
0, 0, 
0, 0, 
0, 0, 
0, 0, 
0, 0, 
0, 0, 
0, 0, 
0, 0, 
0, 0, 
0, 0, 
0, 0, 
0, 0, 
0, 0, 
0, 0, 
0, 0, 
0, 0, 
0, 0, 
0, 0, 
0, 0, 
0, 0, 
0, 0, 
0, 0, 
0, 0, 
0, 0, 
0, 0, 
0, 0, 
0, 0, 
0, 0, 
0, 0, 
0, 0, 
0, 0, 
0, 0, 
0, 0, 
0, 0, 
0, 0, 
0, 0, 
0, 0, 
0, 0, 
0, 0, 
0, 0, 
0, 0, 
0, 0, 
0, 0, 
0, 0, 
0, 0, 
0, 0, 
0, 0, 
0, 0, 
0, 0, 
0, 0, 
0, 0, 
0, 0, 
0, 0, 
0, 0, 
0, 0, 
0, 0, 
0, 0, 
0, 0, 
0, 0, 
0, 0, 
0, 0, 
0, 0, 
0, 0, 
0, 0, 
0, 0, 
0, 0, 
0, 0, 
0, 0, 
0, 0, 
0, 0, 
0, 0, 
0, 0, 
0, 0, 
0, 0, 
0, 0, 
0, 0, 
0, 0, 
0, 0, 
0, 0, 
0, 0, 
0, 0, 
0, 0, 
0, 0, 
0, 0, 
0, 0, 
0, 0, 
0, 0, 
0, 0, 
0, 0, 
0, 0, 
0, 0, 
0, 0, 
0, 0, 
0, 0, 
0, 0, 
0, 0, 
0, 0, 
0, 0, 
0, 0, 
0, 0, 
0, 0, 
0, 0, 
0, 0, 
0, 0, 
0, 0, 
0, 0, 
0, 0, 
0, 0, 
0, 0, 
0, 0, 
0, 0, 
0, 0, 
0, 0, 
0, 0, 
0, 0, 
0, 0, 
0, 0, 
0, 0, 
0, 0, 
0, 0, 
0, 0, 
0, 0, 
0, 0, 
0, 0, 
0, 0, 
0, 0, 
0, 0, 
0, 0, 
0, 0, 
0, 0, 
0, 0, 
0, 0, 
0, 0, 
0, 0, 
0, 0, 
0, 0, 
0, 0, 
0, 0, 
0, 0, 
0, 0, 
0, 0, 
0, 0, 
0, 0, 
0, 0, 
0, 0, 
0, 0, 
0, 0, 
0, 0, 
0, 0, 
0, 0, 
0, 0, 
0, 0, 
0, 0, 
0, 0, 
0, 0, 
0, 0, 
0, 0, 
0, 0, 
0, 0, 
0, 0, 
0, 0, 
0, 0, 
0, 0, 
0, 0, 
0, 0, 
0, 0, 
0, 0, 
0, 0, 
0, 0, 
0, 0, 
0, 0, 
0, 0, 
0, 0, 
0, 0, 
0, 0, 
0, 0, 
0, 0, 
0, 0, 
0, 0, 
0, 0, 
0, 0, 
0, 0, 
0, 0, 
0, 0, 
0, 0, 
0, 0, 
0, 0, 
0, 0, 
0, 0, 
0, 0, 
0, 0, 
0, 0, 
0, 0, 
0, 0, 
0, 0, 
0, 0, 
0, 0, 
0, 0, 
0, 0, 
0, 0, 
0, 0, 
0, 0, 
0, 0, 
0, 0, 
0, 0, 
0, 0, 
0, 0, 
0, 0, 
0, 0, 
0, 0, 
0, 0, 
0, 0, 
0, 0, 
0, 0, 
0, 0, 
0, 0, 
0, 0, 
0, 0, 
0, 0, 
0, 0, 
0, 0, 
0, 0, 
0, 0, 
0, 0, 
0, 0, 
0, 0, 
0, 0, 
0, 0, 
0, 0, 
0, 0, 
0, 0, 
0, 0, 
0, 0, 
0, 0, 
0, 0, 
0, 0, 
0, 0, 
0, 0, 
0, 0, 
0, 0, 
0, 0, 
0, 0, 
0, 0, 
0, 0, 
0, 0, 
0, 0, 
0, 0, 
0, 0, 
0, 0, 
0, 0, 
0, 0, 
0, 0, 
0, 0, 
0, 0, 
0, 0, 
0, 0, 
0, 0, 
0, 0, 
0, 0, 
0, 0, 
0, 0, 
0, 0, 
0, 0, 
0, 0, 
0, 0, 
0, 0, 
0, 0, 
0, 0, 
0, 0, 
0, 0, 
0, 0, 
0, 0, 
0, 0, 
0, 0, 
0, 0, 
0, 0, 
0, 0, 
0, 0, 
0, 0, 
0, 0, 
0, 0, 
0, 0, 
0, 0, 
0, 0, 
0, 0, 
0, 0, 
0, 0, 
0, 0, 
0, 0, 
0, 0, 
0, 0, 
0, 0, 
0, 0, 
0, 0, 
0, 0, 
0, 0, 
0, 0, 
0, 0, 
0, 0, 
0, 0, 
0, 0, 
0, 0, 
0, 0, 
0, 0, 
0, 0, 
0, 0, 
0, 0, 
0, 0, 
0, 0, 
0, 0, 
0, 0, 
0, 0, 
0, 0, 
0, 0, 
0, 0, 
0, 0, 
0, 0, 
0, 0, 
0, 0, 
0, 0, 
0, 0, 
0, 0, 
0, 0, 
0, 0, 
0, 0, 
0, 0, 
0, 0, 
0, 0, 
0, 0, 
0, 0, 
0, 0, 
0, 0, 
0, 0, 
0, 0, 
0, 0, 
0, 0, 
0, 0, 
0, 0, 
0, 0, 
0, 0, 
0, 0, 
0, 0, 
0, 0, 
0, 0, 
0, 0, 
0, 0, 
0, 0, 
0, 0, 
0, 0, 
0, 0, 
0, 0, 
0, 0, 
0, 0, 
0, 0, 
0, 0, 
0, 0, 
0, 0, 
0, 0, 
0, 0, 
0, 0, 
0, 0, 
0, 0, 
0, 0, 
0, 0, 
0, 0, 
0, 0, 
0, 0, 
0, 0, 
0, 0, 
0, 0, 
0, 0, 
0, 0, 
0, 0, 
0, 0, 
0, 0, 
0, 0, 
0, 0, 
0, 0, 
0, 0, 
0, 0, 
0, 0, 
0, 0, 
0, 0, 
0, 0, 
0, 0, 
0, 0, 
0, 0, 
0, 0, 
0, 0, 
0, 0, 
0, 0, 
0, 0, 
0, 0, 
0, 0, 
0, 0, 
0, 0, 
0, 0, 
0, 0, 
0, 0, 
0, 0, 
0, 0, 
0, 0, 
0, 0, 
0, 0, 
0, 0, 
0, 0, 
0, 0, 
0, 0, 
0, 0, 
0, 0, 
0, 0, 
0, 0, 
0, 0, 
0, 0, 
0, 0, 
0, 0, 
0, 0, 
0, 0, 
0, 0, 
0, 0, 
0, 0, 
0, 0, 
0, 0, 
0, 0, 
0, 0, 
0, 0, 
0, 0, 
0, 0, 
0, 0, 
0, 0, 
0, 0, 
0, 0, 
0, 0, 
0, 0, 
0, 0, 
0, 0, 
0, 0, 
0, 0, 
0, 0, 
0, 0, 
0, 0, 
0, 0, 
0, 0, 
0, 0, 
0, 0, 
0, 0, 
0, 0, 
0, 0, 
0, 0, 
0, 0, 
0, 0, 
0, 0, 
0, 0, 
0, 0, 
0, 0, 
0, 0, 
0, 0, 
0, 0, 
0, 0, 
0, 0, 
0, 0, 
0, 0, 
0, 0, 
0, 0, 
0, 0, 
0, 0, 
0, 0, 
0, 0, 
0, 0, 
0, 0, 
0, 0, 
0, 0, 
0, 0, 
0, 0, 
0, 0, 
0, 0, 
0, 0, 
0, 0, 
0, 0, 
0, 0, 
0, 0, 
0, 0, 
0, 0, 
0, 0, 
0, 0, 
0, 0, 
0, 0, 
0, 0, 
0, 0, 
0, 0, 
0, 0, 
0, 0, 
0, 0, 
0, 0, 
0, 0, 
0, 0, 
0, 0, 
0, 0, 
0, 0, 
0, 0, 
0, 0, 
0, 0, 
0, 0, 
0, 0, 
0, 0, 
0, 0, 
0, 0, 
0, 0, 
0, 0, 
0, 0, 
0, 0, 
0, 0, 
0, 0, 
0, 0, 
]);
