var flaggv = new Float32Array([
-0.1, 2, 0.05, 
-0.05, 2, 0.1, 
-0.05, 2, 0.05, 
-0.05, 2, 0.1, 
-0.1, 1, 0.1, 
-0.05, 1, 0.1, 
-0.1, 2, -0.05, 
-0.1, 1, -0.1, 
-0.1, 1, -0.05, 
0.1, -2, 0.05, 
0.05, -2, 0.1, 
0.05, -2, 0.05, 
0.1, 2, 0.05, 
0.1, 1, 0.1, 
0.1, 1, 0.05, 
0.05, 2, -0.1, 
0.1, 1, -0.1, 
0.05, 1, -0.1, 
0.05, -0, -0.1, 
0.1, -1, -0.1, 
0.05, -1, -0.1, 
-0.05, -0, -0.1, 
0, -1, -0.1, 
-0.05, -1, -0.1, 
0.05, 2, -0.1, 
0, 2, -2.48987, 
0, 2, -0.1, 
0.1, 0, 0.05, 
0.1, -1, 0.1, 
0.1, -1, 0.05, 
0.1, -0, -0.05, 
0.1, -1, 0, 
0.1, -1, -0.05, 
0.1, 2, -0.05, 
0.1, 1, -0, 
0.1, 1, -0.05, 
0, -2, 0.05, 
-0.05, -2, 0.1, 
-0.05, -2, 0.05, 
0, -2, -0.05, 
-0.05, -2, 0, 
-0.05, -2, -0.05, 
0.1, -2, -0.05, 
0.05, -2, 0, 
0.05, -2, -0.05, 
-0.1, -0, -0.05, 
-0.1, -1, -0.1, 
-0.1, -1, -0.05, 
-0.1, 0, 0.05, 
-0.1, -1, 0, 
-0.1, -1, 0.05, 
-0.1, 2, 0.05, 
-0.1, 1, -0, 
-0.1, 1, 0.05, 
-0.05, 0, 0.1, 
-0.1, -1, 0.1, 
-0.05, -1, 0.1, 
0.05, 0, 0.1, 
0, -1, 0.1, 
0.05, -1, 0.1, 
0.05, 2, 0.1, 
0, 1, 0.1, 
0.05, 1, 0.1, 
0, 2, 0.05, 
0.05, 2, 0.1, 
0.05, 2, 0.05, 
0, 2, -0.05, 
0.05, 2, -0, 
0.05, 2, -0.05, 
-0.1, 2, -0.05, 
-0.05, 2, -0, 
-0.05, 2, -0.05, 
-0.05, 2, -0.05, 
0, 2, -0, 
0, 2, -0.05, 
-0.05, 2, -0.1, 
0, 2, -0.05, 
0, 2, -0.1, 
-0.1, 2, -0.1, 
-0.05, 2, -0.05, 
-0.05, 2, -0.1, 
0.05, 2, -0.05, 
0.1, 2, -0, 
0.1, 2, -0.05, 
0.05, 2, -0.1, 
0.1, 2, -0.05, 
0.1, 2, -0.1, 
0, 2, -0.1, 
0.05, 2, -0.05, 
0.05, 2, -0.1, 
0.05, 2, 0.05, 
0.1, 2, 0.1, 
0.1, 2, 0.05, 
0.05, 2, -0, 
0.1, 2, 0.05, 
0.1, 2, -0, 
0, 2, -0, 
0.05, 2, 0.05, 
0.05, 2, -0, 
0.05, 1, 0.1, 
0, 0, 0.1, 
0.05, 0, 0.1, 
0.1, 1, 0.1, 
0.05, 0, 0.1, 
0.1, 0, 0.1, 
0.1, 2, 0.1, 
0.05, 1, 0.1, 
0.1, 1, 0.1, 
0.05, -1, 0.1, 
0, -2, 0.1, 
0.05, -2, 0.1, 
0.1, -1, 0.1, 
0.05, -2, 0.1, 
0.1, -2, 0.1, 
0.1, 0, 0.1, 
0.05, -1, 0.1, 
0.1, -1, 0.1, 
-0.05, -1, 0.1, 
-0.1, -2, 0.1, 
-0.05, -2, 0.1, 
0, -1, 0.1, 
-0.05, -2, 0.1, 
0, -2, 0.1, 
0, 0, 0.1, 
-0.05, -1, 0.1, 
0, -1, 0.1, 
-0.1, 1, 0.05, 
-0.1, 0, 0, 
-0.1, 0, 0.05, 
-0.1, 1, 0.1, 
-0.1, 0, 0.05, 
-0.1, 0, 0.1, 
-0.1, 2, 0.1, 
-0.1, 1, 0.05, 
-0.1, 1, 0.1, 
-0.1, -1, 0.05, 
-0.1, -2, 0, 
-0.1, -2, 0.05, 
-0.1, -1, 0.1, 
-0.1, -2, 0.05, 
-0.1, -2, 0.1, 
-0.1, 0, 0.1, 
-0.1, -1, 0.05, 
-0.1, -1, 0.1, 
-0.1, -1, -0.05, 
-0.1, -2, -0.1, 
-0.1, -2, -0.05, 
-0.1, -1, 0, 
-0.1, -2, -0.05, 
-0.1, -2, 0, 
-0.1, 0, 0, 
-0.1, -1, -0.05, 
-0.1, -1, 0, 
0.05, -2, -0.05, 
0, -2, 0, 
0, -2, -0.05, 
0.05, -2, -0.1, 
0, -2, -0.05, 
0, -2, -0.1, 
0.1, -2, -0.1, 
0.05, -2, -0.05, 
0.05, -2, -0.1, 
-0.05, -2, -0.05, 
-0.1, -2, 0, 
-0.1, -2, -0.05, 
-0.05, -2, -0.1, 
-0.1, -2, -0.05, 
-0.1, -2, -0.1, 
0, -2, -0.1, 
-0.05, -2, -0.05, 
-0.05, -2, -0.1, 
-0.05, -2, 0.05, 
-0.1, -2, 0.1, 
-0.1, -2, 0.05, 
-0.05, -2, 0, 
-0.1, -2, 0.05, 
-0.1, -2, 0, 
0, -2, 0, 
-0.05, -2, 0.05, 
-0.05, -2, 0, 
0.1, 1, -0.05, 
0.1, 0, 0, 
0.1, -0, -0.05, 
0.1, 1, -0.1, 
0.1, -0, -0.05, 
0.1, -0, -0.1, 
0.1, 2, -0.1, 
0.1, 1, -0.05, 
0.1, 1, -0.1, 
0.1, -1, -0.05, 
0.1, -2, 0, 
0.1, -2, -0.05, 
0.1, -1, -0.1, 
0.1, -2, -0.05, 
0.1, -2, -0.1, 
0.1, -0, -0.1, 
0.1, -1, -0.05, 
0.1, -1, -0.1, 
0.1, -1, 0.05, 
0.1, -2, 0.1, 
0.1, -2, 0.05, 
0.1, -1, 0, 
0.1, -2, 0.05, 
0.1, -2, 0, 
0.1, 0, 0, 
0.1, -1, 0.05, 
0.1, -1, 0, 
-0.05, -0, -0.1, 
0, -0, -2.48987, 
0, -0, -0.1, 
-0.1, 1, -0.1, 
-0.05, -0, -0.1, 
-0.1, -0, -0.1, 
-0.1, 2, -0.1, 
-0.05, 1, -0.1, 
-0.1, 1, -0.1, 
-0.05, -1, -0.1, 
0, -2, -0.1, 
-0.05, -2, -0.1, 
-0.1, -1, -0.1, 
-0.05, -2, -0.1, 
-0.1, -2, -0.1, 
-0.1, -0, -0.1, 
-0.05, -1, -0.1, 
-0.1, -1, -0.1, 
0.05, -1, -0.1, 
0.1, -2, -0.1, 
0.05, -2, -0.1, 
0, -1, -0.1, 
0.05, -2, -0.1, 
0, -2, -0.1, 
0, -0, -0.1, 
0.05, -1, -0.1, 
0, -1, -0.1, 
0.05, 1, -0.1, 
0.1, -0, -0.1, 
0.05, -0, -0.1, 
-0.05, 2, -0.1, 
-0.05, 1, -2.48987, 
-0.05, 1, -0.1, 
0.05, -0, -0.1, 
0.05, 1, -2.48987, 
0.05, 1, -0.1, 
0.1, 1, 0.05, 
0.1, 0, 0.1, 
0.1, 0, 0.05, 
0.1, 1, -0, 
0.1, 0, 0.05, 
0.1, 0, 0, 
0.1, 2, -0, 
0.1, 1, 0.05, 
0.1, 1, -0, 
0.05, -2, 0.05, 
0, -2, 0.1, 
0, -2, 0.05, 
0.05, -2, 0, 
0, -2, 0.05, 
0, -2, 0, 
0.1, -2, 0, 
0.05, -2, 0.05, 
0.05, -2, 0, 
-0.1, 1, -0.05, 
-0.1, -0, -0.1, 
-0.1, -0, -0.05, 
-0.1, 1, -0, 
-0.1, -0, -0.05, 
-0.1, 0, 0, 
-0.1, 2, -0, 
-0.1, 1, -0.05, 
-0.1, 1, -0, 
-0.05, 1, 0.1, 
-0.1, 0, 0.1, 
-0.05, 0, 0.1, 
0, 1, 0.1, 
-0.05, 0, 0.1, 
0, 0, 0.1, 
0, 2, 0.1, 
-0.05, 1, 0.1, 
0, 1, 0.1, 
-0.05, 2, 0.05, 
0, 2, 0.1, 
0, 2, 0.05, 
-0.05, 2, -0, 
0, 2, 0.05, 
0, 2, -0, 
-0.1, 2, -0, 
-0.05, 2, 0.05, 
-0.05, 2, -0, 
-0.05, 2, -2.48987, 
0, 1, -2.48987, 
-0.05, 1, -2.48987, 
-0.05, 1, -2.48987, 
0, -0, -2.48987, 
-0.05, -0, -2.48987, 
0, 1, -2.48987, 
0.05, -0, -2.48987, 
0, -0, -2.48987, 
0, 2, -2.48987, 
0.05, 1, -2.48987, 
0, 1, -2.48987, 
0.05, 1, -0.1, 
0.05, 2, -2.48987, 
0.05, 2, -0.1, 
0, -0, -0.1, 
0.05, -0, -2.48987, 
0.05, -0, -0.1, 
-0.05, 1, -0.1, 
-0.05, -0, -2.48987, 
-0.05, -0, -0.1, 
0, 2, -0.1, 
-0.05, 2, -2.48987, 
-0.05, 2, -0.1, 
-0.1, 2, 0.05, 
-0.1, 2, 0.1, 
-0.05, 2, 0.1, 
-0.05, 2, 0.1, 
-0.1, 2, 0.1, 
-0.1, 1, 0.1, 
-0.1, 2, -0.05, 
-0.1, 2, -0.1, 
-0.1, 1, -0.1, 
0.1, -2, 0.05, 
0.1, -2, 0.1, 
0.05, -2, 0.1, 
0.1, 2, 0.05, 
0.1, 2, 0.1, 
0.1, 1, 0.1, 
0.05, 2, -0.1, 
0.1, 2, -0.1, 
0.1, 1, -0.1, 
0.05, -0, -0.1, 
0.1, -0, -0.1, 
0.1, -1, -0.1, 
-0.05, -0, -0.1, 
0, -0, -0.1, 
0, -1, -0.1, 
0.05, 2, -0.1, 
0.05, 2, -2.48987, 
0, 2, -2.48987, 
0.1, 0, 0.05, 
0.1, 0, 0.1, 
0.1, -1, 0.1, 
0.1, -0, -0.05, 
0.1, 0, 0, 
0.1, -1, 0, 
0.1, 2, -0.05, 
0.1, 2, -0, 
0.1, 1, -0, 
0, -2, 0.05, 
0, -2, 0.1, 
-0.05, -2, 0.1, 
0, -2, -0.05, 
0, -2, 0, 
-0.05, -2, 0, 
0.1, -2, -0.05, 
0.1, -2, 0, 
0.05, -2, 0, 
-0.1, -0, -0.05, 
-0.1, -0, -0.1, 
-0.1, -1, -0.1, 
-0.1, 0, 0.05, 
-0.1, 0, 0, 
-0.1, -1, 0, 
-0.1, 2, 0.05, 
-0.1, 2, -0, 
-0.1, 1, -0, 
-0.05, 0, 0.1, 
-0.1, 0, 0.1, 
-0.1, -1, 0.1, 
0.05, 0, 0.1, 
0, 0, 0.1, 
0, -1, 0.1, 
0.05, 2, 0.1, 
0, 2, 0.1, 
0, 1, 0.1, 
0, 2, 0.05, 
0, 2, 0.1, 
0.05, 2, 0.1, 
0, 2, -0.05, 
0, 2, -0, 
0.05, 2, -0, 
-0.1, 2, -0.05, 
-0.1, 2, -0, 
-0.05, 2, -0, 
-0.05, 2, -0.05, 
-0.05, 2, -0, 
0, 2, -0, 
-0.05, 2, -0.1, 
-0.05, 2, -0.05, 
0, 2, -0.05, 
-0.1, 2, -0.1, 
-0.1, 2, -0.05, 
-0.05, 2, -0.05, 
0.05, 2, -0.05, 
0.05, 2, -0, 
0.1, 2, -0, 
0.05, 2, -0.1, 
0.05, 2, -0.05, 
0.1, 2, -0.05, 
0, 2, -0.1, 
0, 2, -0.05, 
0.05, 2, -0.05, 
0.05, 2, 0.05, 
0.05, 2, 0.1, 
0.1, 2, 0.1, 
0.05, 2, -0, 
0.05, 2, 0.05, 
0.1, 2, 0.05, 
0, 2, -0, 
0, 2, 0.05, 
0.05, 2, 0.05, 
0.05, 1, 0.1, 
0, 1, 0.1, 
0, 0, 0.1, 
0.1, 1, 0.1, 
0.05, 1, 0.1, 
0.05, 0, 0.1, 
0.1, 2, 0.1, 
0.05, 2, 0.1, 
0.05, 1, 0.1, 
0.05, -1, 0.1, 
0, -1, 0.1, 
0, -2, 0.1, 
0.1, -1, 0.1, 
0.05, -1, 0.1, 
0.05, -2, 0.1, 
0.1, 0, 0.1, 
0.05, 0, 0.1, 
0.05, -1, 0.1, 
-0.05, -1, 0.1, 
-0.1, -1, 0.1, 
-0.1, -2, 0.1, 
0, -1, 0.1, 
-0.05, -1, 0.1, 
-0.05, -2, 0.1, 
0, 0, 0.1, 
-0.05, 0, 0.1, 
-0.05, -1, 0.1, 
-0.1, 1, 0.05, 
-0.1, 1, -0, 
-0.1, 0, 0, 
-0.1, 1, 0.1, 
-0.1, 1, 0.05, 
-0.1, 0, 0.05, 
-0.1, 2, 0.1, 
-0.1, 2, 0.05, 
-0.1, 1, 0.05, 
-0.1, -1, 0.05, 
-0.1, -1, 0, 
-0.1, -2, 0, 
-0.1, -1, 0.1, 
-0.1, -1, 0.05, 
-0.1, -2, 0.05, 
-0.1, 0, 0.1, 
-0.1, 0, 0.05, 
-0.1, -1, 0.05, 
-0.1, -1, -0.05, 
-0.1, -1, -0.1, 
-0.1, -2, -0.1, 
-0.1, -1, 0, 
-0.1, -1, -0.05, 
-0.1, -2, -0.05, 
-0.1, 0, 0, 
-0.1, -0, -0.05, 
-0.1, -1, -0.05, 
0.05, -2, -0.05, 
0.05, -2, 0, 
0, -2, 0, 
0.05, -2, -0.1, 
0.05, -2, -0.05, 
0, -2, -0.05, 
0.1, -2, -0.1, 
0.1, -2, -0.05, 
0.05, -2, -0.05, 
-0.05, -2, -0.05, 
-0.05, -2, 0, 
-0.1, -2, 0, 
-0.05, -2, -0.1, 
-0.05, -2, -0.05, 
-0.1, -2, -0.05, 
0, -2, -0.1, 
0, -2, -0.05, 
-0.05, -2, -0.05, 
-0.05, -2, 0.05, 
-0.05, -2, 0.1, 
-0.1, -2, 0.1, 
-0.05, -2, 0, 
-0.05, -2, 0.05, 
-0.1, -2, 0.05, 
0, -2, 0, 
0, -2, 0.05, 
-0.05, -2, 0.05, 
0.1, 1, -0.05, 
0.1, 1, -0, 
0.1, 0, 0, 
0.1, 1, -0.1, 
0.1, 1, -0.05, 
0.1, -0, -0.05, 
0.1, 2, -0.1, 
0.1, 2, -0.05, 
0.1, 1, -0.05, 
0.1, -1, -0.05, 
0.1, -1, 0, 
0.1, -2, 0, 
0.1, -1, -0.1, 
0.1, -1, -0.05, 
0.1, -2, -0.05, 
0.1, -0, -0.1, 
0.1, -0, -0.05, 
0.1, -1, -0.05, 
0.1, -1, 0.05, 
0.1, -1, 0.1, 
0.1, -2, 0.1, 
0.1, -1, 0, 
0.1, -1, 0.05, 
0.1, -2, 0.05, 
0.1, 0, 0, 
0.1, 0, 0.05, 
0.1, -1, 0.05, 
-0.05, -0, -0.1, 
-0.05, -0, -2.48987, 
0, -0, -2.48987, 
-0.1, 1, -0.1, 
-0.05, 1, -0.1, 
-0.05, -0, -0.1, 
-0.1, 2, -0.1, 
-0.05, 2, -0.1, 
-0.05, 1, -0.1, 
-0.05, -1, -0.1, 
0, -1, -0.1, 
0, -2, -0.1, 
-0.1, -1, -0.1, 
-0.05, -1, -0.1, 
-0.05, -2, -0.1, 
-0.1, -0, -0.1, 
-0.05, -0, -0.1, 
-0.05, -1, -0.1, 
0.05, -1, -0.1, 
0.1, -1, -0.1, 
0.1, -2, -0.1, 
0, -1, -0.1, 
0.05, -1, -0.1, 
0.05, -2, -0.1, 
0, -0, -0.1, 
0.05, -0, -0.1, 
0.05, -1, -0.1, 
0.05, 1, -0.1, 
0.1, 1, -0.1, 
0.1, -0, -0.1, 
-0.05, 2, -0.1, 
-0.05, 2, -2.48987, 
-0.05, 1, -2.48987, 
0.05, -0, -0.1, 
0.05, -0, -2.48987, 
0.05, 1, -2.48987, 
0.1, 1, 0.05, 
0.1, 1, 0.1, 
0.1, 0, 0.1, 
0.1, 1, -0, 
0.1, 1, 0.05, 
0.1, 0, 0.05, 
0.1, 2, -0, 
0.1, 2, 0.05, 
0.1, 1, 0.05, 
0.05, -2, 0.05, 
0.05, -2, 0.1, 
0, -2, 0.1, 
0.05, -2, 0, 
0.05, -2, 0.05, 
0, -2, 0.05, 
0.1, -2, 0, 
0.1, -2, 0.05, 
0.05, -2, 0.05, 
-0.1, 1, -0.05, 
-0.1, 1, -0.1, 
-0.1, -0, -0.1, 
-0.1, 1, -0, 
-0.1, 1, -0.05, 
-0.1, -0, -0.05, 
-0.1, 2, -0, 
-0.1, 2, -0.05, 
-0.1, 1, -0.05, 
-0.05, 1, 0.1, 
-0.1, 1, 0.1, 
-0.1, 0, 0.1, 
0, 1, 0.1, 
-0.05, 1, 0.1, 
-0.05, 0, 0.1, 
0, 2, 0.1, 
-0.05, 2, 0.1, 
-0.05, 1, 0.1, 
-0.05, 2, 0.05, 
-0.05, 2, 0.1, 
0, 2, 0.1, 
-0.05, 2, -0, 
-0.05, 2, 0.05, 
0, 2, 0.05, 
-0.1, 2, -0, 
-0.1, 2, 0.05, 
-0.05, 2, 0.05, 
-0.05, 2, -2.48987, 
0, 2, -2.48987, 
0, 1, -2.48987, 
-0.05, 1, -2.48987, 
0, 1, -2.48987, 
0, -0, -2.48987, 
0, 1, -2.48987, 
0.05, 1, -2.48987, 
0.05, -0, -2.48987, 
0, 2, -2.48987, 
0.05, 2, -2.48987, 
0.05, 1, -2.48987, 
0.05, 1, -0.1, 
0.05, 1, -2.48987, 
0.05, 2, -2.48987, 
0, -0, -0.1, 
0, -0, -2.48987, 
0.05, -0, -2.48987, 
-0.05, 1, -0.1, 
-0.05, 1, -2.48987, 
-0.05, -0, -2.48987, 
0, 2, -0.1, 
0, 2, -2.48987, 
-0.05, 2, -2.48987, 
0, 0, 0, 
0, 0, 0, 
0, 0, 0, 
0, 0, 0, 
0, 0, 0, 
0, 0, 0, 
0, 0, 0, 
0, 0, 0, 
0, 0, 0, 
0, 0, 0, 
0, 0, 0, 
0, 0, 0, 
0, 0, 0, 
0, 0, 0, 
0, 0, 0, 
0, 0, 0, 
0, 0, 0, 
0, 0, 0, 
0, 0, 0, 
0, 0, 0, 
0, 0, 0, 
0, 0, 0, 
0, 0, 0, 
0, 0, 0, 
0, 0, 0, 
0, 0, 0, 
0, 0, 0, 
0, 0, 0, 
0, 0, 0, 
0, 0, 0, 
0, 0, 0, 
0, 0, 0, 
0, 0, 0, 
0, 0, 0, 
0, 0, 0, 
0, 0, 0, 
0, 0, 0, 
0, 0, 0, 
0, 0, 0, 
0, 0, 0, 
0, 0, 0, 
0, 0, 0, 
0, 0, 0, 
0, 0, 0, 
0, 0, 0, 
0, 0, 0, 
0, 0, 0, 
0, 0, 0, 
0, 0, 0, 
0, 0, 0, 
0, 0, 0, 
0, 0, 0, 
0, 0, 0, 
0, 0, 0, 
0, 0, 0, 
0, 0, 0, 
0, 0, 0, 
0, 0, 0, 
0, 0, 0, 
0, 0, 0, 
0, 0, 0, 
0, 0, 0, 
0, 0, 0, 
0, 0, 0, 
0, 0, 0, 
0, 0, 0, 
0, 0, 0, 
0, 0, 0, 
0, 0, 0, 
0, 0, 0, 
0, 0, 0, 
0, 0, 0, 
0, 0, 0, 
0, 0, 0, 
0, 0, 0, 
0, 0, 0, 
0, 0, 0, 
0, 0, 0, 
0, 0, 0, 
0, 0, 0, 
0, 0, 0, 
0, 0, 0, 
0, 0, 0, 
0, 0, 0, 
0, 0, 0, 
0, 0, 0, 
0, 0, 0, 
0, 0, 0, 
0, 0, 0, 
0, 0, 0, 
0, 0, 0, 
0, 0, 0, 
0, 0, 0, 
0, 0, 0, 
0, 0, 0, 
0, 0, 0, 
0, 0, 0, 
0, 0, 0, 
0, 0, 0, 
0, 0, 0, 
0, 0, 0, 
0, 0, 0, 
0, 0, 0, 
0, 0, 0, 
0, 0, 0, 
0, 0, 0, 
0, 0, 0, 
0, 0, 0, 
0, 0, 0, 
0, 0, 0, 
0, 0, 0, 
0, 0, 0, 
0, 0, 0, 
0, 0, 0, 
0, 0, 0, 
0, 0, 0, 
0, 0, 0, 
0, 0, 0, 
0, 0, 0, 
0, 0, 0, 
0, 0, 0, 
0, 0, 0, 
0, 0, 0, 
0, 0, 0, 
0, 0, 0, 
0, 0, 0, 
0, 0, 0, 
0, 0, 0, 
0, 0, 0, 
0, 0, 0, 
0, 0, 0, 
0, 0, 0, 
0, 0, 0, 
0, 0, 0, 
0, 0, 0, 
0, 0, 0, 
0, 0, 0, 
0, 0, 0, 
0, 0, 0, 
0, 0, 0, 
0, 0, 0, 
0, 0, 0, 
0, 0, 0, 
0, 0, 0, 
0, 0, 0, 
0, 0, 0, 
0, 0, 0, 
0, 0, 0, 
0, 0, 0, 
0, 0, 0, 
0, 0, 0, 
0, 0, 0, 
0, 0, 0, 
0, 0, 0, 
0, 0, 0, 
0, 0, 0, 
0, 0, 0, 
0, 0, 0, 
0, 0, 0, 
0, 0, 0, 
0, 0, 0, 
0, 0, 0, 
0, 0, 0, 
0, 0, 0, 
0, 0, 0, 
0, 0, 0, 
0, 0, 0, 
0, 0, 0, 
0, 0, 0, 
0, 0, 0, 
0, 0, 0, 
0, 0, 0, 
0, 0, 0, 
0, 0, 0, 
0, 0, 0, 
0, 0, 0, 
0, 0, 0, 
0, 0, 0, 
0, 0, 0, 
0, 0, 0, 
0, 0, 0, 
0, 0, 0, 
0, 0, 0, 
0, 0, 0, 
0, 0, 0, 
0, 0, 0, 
0, 0, 0, 
0, 0, 0, 
0, 0, 0, 
0, 0, 0, 
0, 0, 0, 
0, 0, 0, 
0, 0, 0, 
0, 0, 0, 
0, 0, 0, 
0, 0, 0, 
0, 0, 0, 
0, 0, 0, 
0, 0, 0, 
0, 0, 0, 
0, 0, 0, 
0, 0, 0, 
0, 0, 0, 
0, 0, 0, 
0, 0, 0, 
0, 0, 0, 
0, 0, 0, 
0, 0, 0, 
0, 0, 0, 
0, 0, 0, 
0, 0, 0, 
0, 0, 0, 
0, 0, 0, 
0, 0, 0, 
0, 0, 0, 
0, 0, 0, 
0, 0, 0, 
0, 0, 0, 
0, 0, 0, 
0, 0, 0, 
0, 0, 0, 
0, 0, 0, 
0, 0, 0, 
0, 0, 0, 
0, 0, 0, 
0, 0, 0, 
0, 0, 0, 
0, 0, 0, 
0, 0, 0, 
0, 0, 0, 
0, 0, 0, 
0, 0, 0, 
0, 0, 0, 
0, 0, 0, 
0, 0, 0, 
0, 0, 0, 
0, 0, 0, 
0, 0, 0, 
0, 0, 0, 
0, 0, 0, 
0, 0, 0, 
0, 0, 0, 
0, 0, 0, 
0, 0, 0, 
0, 0, 0, 
0, 0, 0, 
0, 0, 0, 
0, 0, 0, 
0, 0, 0, 
0, 0, 0, 
0, 0, 0, 
0, 0, 0, 
0, 0, 0, 
0, 0, 0, 
0, 0, 0, 
0, 0, 0, 
0, 0, 0, 
0, 0, 0, 
0, 0, 0, 
0, 0, 0, 
0, 0, 0, 
0, 0, 0, 
0, 0, 0, 
0, 0, 0, 
0, 0, 0, 
0, 0, 0, 
0, 0, 0, 
0, 0, 0, 
0, 0, 0, 
0, 0, 0, 
0, 0, 0, 
0, 0, 0, 
0, 0, 0, 
0, 0, 0, 
0, 0, 0, 
0, 0, 0, 
0, 0, 0, 
0, 0, 0, 
0, 0, 0, 
0, 0, 0, 
0, 0, 0, 
0, 0, 0, 
0, 0, 0, 
0, 0, 0, 
0, 0, 0, 
0, 0, 0, 
0, 0, 0, 
0, 0, 0, 
0, 0, 0, 
0, 0, 0, 
0, 0, 0, 
0, 0, 0, 
0, 0, 0, 
0, 0, 0, 
0, 0, 0, 
0, 0, 0, 
0, 0, 0, 
0, 0, 0, 
0, 0, 0, 
0, 0, 0, 
0, 0, 0, 
0, 0, 0, 
0, 0, 0, 
0, 0, 0, 
0, 0, 0, 
0, 0, 0, 
0, 0, 0, 
0, 0, 0, 
0, 0, 0, 
0, 0, 0, 
0, 0, 0, 
0, 0, 0, 
0, 0, 0, 
0, 0, 0, 
0, 0, 0, 
0, 0, 0, 
0, 0, 0, 
0, 0, 0, 
0, 0, 0, 
0, 0, 0, 
0, 0, 0, 
0, 0, 0, 
0, 0, 0, 
0, 0, 0, 
0, 0, 0, 
0, 0, 0, 
0, 0, 0, 
0, 0, 0, 
0, 0, 0, 
0, 0, 0, 
0, 0, 0, 
0, 0, 0, 
0, 0, 0, 
0, 0, 0, 
0, 0, 0, 
0, 0, 0, 
0, 0, 0, 
0, 0, 0, 
0, 0, 0, 
0, 0, 0, 
0, 0, 0, 
0, 0, 0, 
0, 0, 0, 
0, 0, 0, 
0, 0, 0, 
0, 0, 0, 
0, 0, 0, 
0, 0, 0, 
0, 0, 0, 
0, 0, 0, 
0, 0, 0, 
0, 0, 0, 
0, 0, 0, 
0, 0, 0, 
0, 0, 0, 
0, 0, 0, 
0, 0, 0, 
0, 0, 0, 
0, 0, 0, 
0, 0, 0, 
0, 0, 0, 
0, 0, 0, 
0, 0, 0, 
0, 0, 0, 
0, 0, 0, 
0, 0, 0, 
0, 0, 0, 
0, 0, 0, 
0, 0, 0, 
0, 0, 0, 
0, 0, 0, 
0, 0, 0, 
0, 0, 0, 
0, 0, 0, 
0, 0, 0, 
0, 0, 0, 
0, 0, 0, 
0, 0, 0, 
0, 0, 0, 
0, 0, 0, 
0, 0, 0, 
0, 0, 0, 
0, 0, 0, 
0, 0, 0, 
0, 0, 0, 
0, 0, 0, 
0, 0, 0, 
0, 0, 0, 
0, 0, 0, 
0, 0, 0, 
0, 0, 0, 
0, 0, 0, 
0, 0, 0, 
0, 0, 0, 
0, 0, 0, 
0, 0, 0, 
0, 0, 0, 
0, 0, 0, 
0, 0, 0, 
0, 0, 0, 
0, 0, 0, 
0, 0, 0, 
0, 0, 0, 
0, 0, 0, 
0, 0, 0, 
0, 0, 0, 
0, 0, 0, 
0, 0, 0, 
0, 0, 0, 
0, 0, 0, 
0, 0, 0, 
0, 0, 0, 
0, 0, 0, 
0, 0, 0, 
0, 0, 0, 
0, 0, 0, 
0, 0, 0, 
0, 0, 0, 
0, 0, 0, 
0, 0, 0, 
0, 0, 0, 
0, 0, 0, 
0, 0, 0, 
0, 0, 0, 
0, 0, 0, 
0, 0, 0, 
0, 0, 0, 
0, 0, 0, 
0, 0, 0, 
0, 0, 0, 
0, 0, 0, 
0, 0, 0, 
0, 0, 0, 
0, 0, 0, 
0, 0, 0, 
0, 0, 0, 
0, 0, 0, 
0, 0, 0, 
0, 0, 0, 
0, 0, 0, 
0, 0, 0, 
0, 0, 0, 
0, 0, 0, 
0, 0, 0, 
0, 0, 0, 
0, 0, 0, 
0, 0, 0, 
0, 0, 0, 
0, 0, 0, 
0, 0, 0, 
0, 0, 0, 
0, 0, 0, 
0, 0, 0, 
0, 0, 0, 
0, 0, 0, 
0, 0, 0, 
0, 0, 0, 
0, 0, 0, 
0, 0, 0, 
0, 0, 0, 
0, 0, 0, 
0, 0, 0, 
0, 0, 0, 
0, 0, 0, 
0, 0, 0, 
0, 0, 0, 
0, 0, 0, 
0, 0, 0, 
0, 0, 0, 
0, 0, 0, 
0, 0, 0, 
0, 0, 0, 
0, 0, 0, 
0, 0, 0, 
0, 0, 0, 
0, 0, 0, 
0, 0, 0, 
0, 0, 0, 
0, 0, 0, 
0, 0, 0, 
0, 0, 0, 
0, 0, 0, 
0, 0, 0, 
0, 0, 0, 
0, 0, 0, 
0, 0, 0, 
0, 0, 0, 
0, 0, 0, 
0, 0, 0, 
0, 0, 0, 
0, 0, 0, 
0, 0, 0, 
0, 0, 0, 
0, 0, 0, 
0, 0, 0, 
0, 0, 0, 
0, 0, 0, 
0, 0, 0, 
0, 0, 0, 
0, 0, 0, 
0, 0, 0, 
0, 0, 0, 
0, 0, 0, 
0, 0, 0, 
0, 0, 0, 
0, 0, 0, 
0, 0, 0, 
0, 0, 0, 
0, 0, 0, 
0, 0, 0, 
0, 0, 0, 
0, 0, 0, 
0, 0, 0, 
0, 0, 0, 
0, 0, 0, 
0, 0, 0, 
0, 0, 0, 
0, 0, 0, 
0, 0, 0, 
0, 0, 0, 
0, 0, 0, 
0, 0, 0, 
0, 0, 0, 
0, 0, 0, 
0, 0, 0, 
0, 0, 0, 
0, 0, 0, 
0, 0, 0, 
0, 0, 0, 
0, 0, 0, 
0, 0, 0, 
0, 0, 0, 
0, 0, 0, 
0, 0, 0, 
0, 0, 0, 
0, 0, 0, 
0, 0, 0, 
0, 0, 0, 
0, 0, 0, 
0, 0, 0, 
0, 0, 0, 
0, 0, 0, 
0, 0, 0, 
0, 0, 0, 
0, 0, 0, 
0, 0, 0, 
0, 0, 0, 
0, 0, 0, 
0, 0, 0, 
0, 0, 0, 
0, 0, 0, 
0, 0, 0, 
0, 0, 0, 
0, 0, 0, 
0, 0, 0, 
0, 0, 0, 
0, 0, 0, 
0, 0, 0, 
0, 0, 0, 
0, 0, 0, 
0, 0, 0, 
0, 0, 0, 
0, 0, 0, 
0, 0, 0, 
0, 0, 0, 
0, 0, 0, 
0, 0, 0, 
0, 0, 0, 
0, 0, 0, 
0, 0, 0, 
0, 0, 0, 
0, 0, 0, 
0, 0, 0, 
0, 0, 0, 
0, 0, 0, 
0, 0, 0, 
0, 0, 0, 
0, 0, 0, 
0, 0, 0, 
0, 0, 0, 
0, 0, 0, 
0, 0, 0, 
0, 0, 0, 
0, 0, 0, 
0, 0, 0, 
0, 0, 0, 
0, 0, 0, 
0, 0, 0, 
0, 0, 0, 
0, 0, 0, 
0, 0, 0, 
0, 0, 0, 
0, 0, 0, 
0, 0, 0, 
0, 0, 0, 
0, 0, 0, 
0, 0, 0, 
0, 0, 0, 
0, 0, 0, 
0, 0, 0, 
0, 0, 0, 
0, 0, 0, 
0, 0, 0, 
0, 0, 0, 
0, 0, 0, 
0, 0, 0, 
0, 0, 0, 
0, 0, 0, 
0, 0, 0, 
0, 0, 0, 
0, 0, 0, 
0, 0, 0, 
0, 0, 0, 
0, 0, 0, 
0, 0, 0, 
0, 0, 0, 
0, 0, 0, 
0, 0, 0, 
0, 0, 0, 
0, 0, 0, 
0, 0, 0, 
0, 0, 0, 
0, 0, 0, 
0, 0, 0, 
0, 0, 0, 
0, 0, 0, 
0, 0, 0, 
0, 0, 0, 
0, 0, 0, 
0, 0, 0, 
0, 0, 0, 
0, 0, 0, 
0, 0, 0, 
0, 0, 0, 
0, 0, 0, 
0, 0, 0, 
0, 0, 0, 
0, 0, 0, 
0, 0, 0, 
0, 0, 0, 
0, 0, 0, 
0, 0, 0, 
0, 0, 0, 
0, 0, 0, 
0, 0, 0, 
0, 0, 0, 
0, 0, 0, 
0, 0, 0, 
0, 0, 0, 
0, 0, 0, 
0, 0, 0, 
0, 0, 0, 
0, 0, 0, 
0, 0, 0, 
0, 0, 0, 
0, 0, 0, 
0, 0, 0, 
0, 0, 0, 
0, 0, 0, 
0, 0, 0, 
0, 0, 0, 
0, 0, 0, 
0, 0, 0, 
0, 0, 0, 
0, 0, 0, 
0, 0, 0, 
0, 0, 0, 
0, 0, 0, 
0, 0, 0, 
0, 0, 0, 
0, 0, 0, 
0, 0, 0, 
0, 0, 0, 
0, 0, 0, 
0, 0, 0, 
0, 0, 0, 
0, 0, 0, 
0, 0, 0, 
0, 0, 0, 
0, 0, 0, 
0, 0, 0, 
0, 0, 0, 
0, 0, 0, 
0, 0, 0, 
0, 0, 0, 
0, 0, 0, 
0, 0, 0, 
0, 0, 0, 
0, 0, 0, 
0, 0, 0, 
0, 0, 0, 
0, 0, 0, 
0, 0, 0, 
0, 0, 0, 
0, 0, 0, 
0, 0, 0, 
0, 0, 0, 
0, 0, 0, 
0, 0, 0, 
0, 0, 0, 
0, 0, 0, 
0, 0, 0, 
0, 0, 0, 
0, 0, 0, 
0, 0, 0, 
0, 0, 0, 
0, 0, 0, 
0, 0, 0, 
0, 0, 0, 
0, 0, 0, 
0, 0, 0, 
0, 0, 0, 
0, 0, 0, 
0, 0, 0, 
0, 0, 0, 
0, 0, 0, 
0, 0, 0, 
0, 0, 0, 
0, 0, 0, 
0, 0, 0, 
0, 0, 0, 
0, 0, 0, 
0, 0, 0, 
0, 0, 0, 
0, 0, 0, 
0, 0, 0, 
0, 0, 0, 
0, 0, 0, 
0, 0, 0, 
0, 0, 0, 
0, 0, 0, 
0, 0, 0, 
0, 0, 0, 
0, 0, 0, 
0, 0, 0, 
0, 0, 0, 
0, 0, 0, 
0, 0, 0, 
0, 0, 0, 
0, 0, 0, 
0, 0, 0, 
0, 0, 0, 
0, 0, 0, 
0, 0, 0, 
0, 0, 0, 
0, 0, 0, 
0, 0, 0, 
0, 0, 0, 
0, 0, 0, 
0, 0, 0, 
0, 0, 0, 
0, 0, 0, 
0, 0, 0, 
0, 0, 0, 
0, 0, 0, 
0, 0, 0, 
0, 0, 0, 
0, 0, 0, 
0, 0, 0, 
0, 0, 0, 
0, 0, 0, 
0, 0, 0, 
0, 0, 0, 
0, 0, 0, 
0, 0, 0, 
0, 0, 0, 
0, 0, 0, 
0, 0, 0, 
0, 0, 0, 
0, 0, 0, 
0, 0, 0, 
0, 0, 0, 
0, 0, 0, 
0, 0, 0, 
0, 0, 0, 
0, 0, 0, 
0, 0, 0, 
0, 0, 0, 
0, 0, 0, 
0, 0, 0, 
0, 0, 0, 
0, 0, 0, 
0, 0, 0, 
0, 0, 0, 
0, 0, 0, 
0, 0, 0, 
0, 0, 0, 
0, 0, 0, 
0, 0, 0, 
0, 0, 0, 
0, 0, 0, 
0, 0, 0, 
0, 0, 0, 
0, 0, 0, 
0, 0, 0, 
0, 0, 0, 
0, 0, 0, 
0, 0, 0, 
0, 0, 0, 
0, 0, 0, 
0, 0, 0, 
0, 0, 0, 
0, 0, 0, 
0, 0, 0, 
0, 0, 0, 
0, 0, 0, 
0, 0, 0, 
0, 0, 0, 
0, 0, 0, 
0, 0, 0, 
0, 0, 0, 
0, 0, 0, 
0, 0, 0, 
0, 0, 0, 
0, 0, 0, 
0, 0, 0, 
0, 0, 0, 
0, 0, 0, 
0, 0, 0, 
0, 0, 0, 
0, 0, 0, 
0, 0, 0, 
0, 0, 0, 
0, 0, 0, 
0, 0, 0, 
0, 0, 0, 
0, 0, 0, 
0, 0, 0, 
0, 0, 0, 
0, 0, 0, 
0, 0, 0, 
0, 0, 0, 
0, 0, 0, 
0, 0, 0, 
0, 0, 0, 
0, 0, 0, 
0, 0, 0, 
0, 0, 0, 
0, 0, 0, 
0, 0, 0, 
0, 0, 0, 
0, 0, 0, 
0, 0, 0, 
0, 0, 0, 
0, 0, 0, 
0, 0, 0, 
0, 0, 0, 
0, 0, 0, 
0, 0, 0, 
0, 0, 0, 
0, 0, 0, 
0, 0, 0, 
0, 0, 0, 
0, 0, 0, 
0, 0, 0, 
0, 0, 0, 
0, 0, 0, 
0, 0, 0, 
0, 0, 0, 
0, 0, 0, 
0, 0, 0, 
0, 0, 0, 
0, 0, 0, 
0, 0, 0, 
0, 0, 0, 
0, 0, 0, 
0, 0, 0, 
0, 0, 0, 
0, 0, 0, 
0, 0, 0, 
0, 0, 0, 
0, 0, 0, 
0, 0, 0, 
0, 0, 0, 
0, 0, 0, 
0, 0, 0, 
0, 0, 0, 
0, 0, 0, 
0, 0, 0, 
0, 0, 0, 
0, 0, 0, 
0, 0, 0, 
0, 0, 0, 
0, 0, 0, 
0, 0, 0, 
0, 0, 0, 
0, 0, 0, 
0, 0, 0, 
0, 0, 0, 
0, 0, 0, 
0, 0, 0, 
0, 0, 0, 
0, 0, 0, 
0, 0, 0, 
0, 0, 0, 
0, 0, 0, 
0, 0, 0, 
0, 0, 0, 
0, 0, 0, 
0, 0, 0, 
0, 0, 0, 
0, 0, 0, 
0, 0, 0, 
0, 0, 0, 
0, 0, 0, 
0, 0, 0, 
0, 0, 0, 
0, 0, 0, 
0, 0, 0, 
0, 0, 0, 
0, 0, 0, 
0, 0, 0, 
0, 0, 0, 
0, 0, 0, 
0, 0, 0, 
0, 0, 0, 
0, 0, 0, 
0, 0, 0, 
0, 0, 0, 
0, 0, 0, 
0, 0, 0, 
0, 0, 0, 
0, 0, 0, 
0, 0, 0, 
0, 0, 0, 
0, 0, 0, 
0, 0, 0, 
0, 0, 0, 
0, 0, 0, 
0, 0, 0, 
0, 0, 0, 
0, 0, 0, 
0, 0, 0, 
0, 0, 0, 
0, 0, 0, 
0, 0, 0, 
0, 0, 0, 
0, 0, 0, 
0, 0, 0, 
0, 0, 0, 
0, 0, 0, 
0, 0, 0, 
0, 0, 0, 
0, 0, 0, 
0, 0, 0, 
0, 0, 0, 
0, 0, 0, 
0, 0, 0, 
0, 0, 0, 
0, 0, 0, 
0, 0, 0, 
0, 0, 0, 
0, 0, 0, 
0, 0, 0, 
0, 0, 0, 
0, 0, 0, 
0, 0, 0, 
0, 0, 0, 
0, 0, 0, 
0, 0, 0, 
0, 0, 0, 
0, 0, 0, 
0, 0, 0, 
0, 0, 0, 
0, 0, 0, 
0, 0, 0, 
0, 0, 0, 
0, 0, 0, 
0, 0, 0, 
0, 0, 0, 
0, 0, 0, 
0, 0, 0, 
0, 0, 0, 
0, 0, 0, 
0, 0, 0, 
0, 0, 0, 
0, 0, 0, 
0, 0, 0, 
0, 0, 0, 
0, 0, 0, 
0, 0, 0, 
0, 0, 0, 
0, 0, 0, 
0, 0, 0, 
0, 0, 0, 
0, 0, 0, 
0, 0, 0, 
0, 0, 0, 
0, 0, 0, 
0, 0, 0, 
0, 0, 0, 
0, 0, 0, 
0, 0, 0, 
0, 0, 0, 
0, 0, 0, 
0, 0, 0, 
0, 0, 0, 
0, 0, 0, 
0, 0, 0, 
0, 0, 0, 
0, 0, 0, 
0, 0, 0, 
0, 0, 0, 
0, 0, 0, 
0, 0, 0, 
0, 0, 0, 
0, 0, 0, 
0, 0, 0, 
0, 0, 0, 
0, 0, 0, 
0, 0, 0, 
0, 0, 0, 
0, 0, 0, 
0, 0, 0, 
0, 0, 0, 
0, 0, 0, 
0, 0, 0, 
0, 0, 0, 
0, 0, 0, 
0, 0, 0, 
0, 0, 0, 
0, 0, 0, 
0, 0, 0, 
0, 0, 0, 
0, 0, 0, 
0, 0, 0, 
0, 0, 0, 
0, 0, 0, 
0, 0, 0, 
0, 0, 0, 
0, 0, 0, 
0, 0, 0, 
0, 0, 0, 
0, 0, 0, 
0, 0, 0, 
0, 0, 0, 
0, 0, 0, 
0, 0, 0, 
0, 0, 0, 
0, 0, 0, 
0, 0, 0, 
0, 0, 0, 
0, 0, 0, 
0, 0, 0, 
0, 0, 0, 
0, 0, 0, 
0, 0, 0, 
0, 0, 0, 
0, 0, 0, 
0, 0, 0, 
0, 0, 0, 
0, 0, 0, 
0, 0, 0, 
0, 0, 0, 
0, 0, 0, 
0, 0, 0, 
0, 0, 0, 
0, 0, 0, 
0, 0, 0, 
0, 0, 0, 
0, 0, 0, 
0, 0, 0, 
0, 0, 0, 
0, 0, 0, 
0, 0, 0, 
0, 0, 0, 
0, 0, 0, 
0, 0, 0, 
0, 0, 0, 
0, 0, 0, 
0, 0, 0, 
0, 0, 0, 
0, 0, 0, 
0, 0, 0, 
0, 0, 0, 
0, 0, 0, 
0, 0, 0, 
0, 0, 0, 
0, 0, 0, 
0, 0, 0, 
0, 0, 0, 
0, 0, 0, 
0, 0, 0, 
0, 0, 0, 
0, 0, 0, 
0, 0, 0, 
0, 0, 0, 
0, 0, 0, 
0, 0, 0, 
0, 0, 0, 
0, 0, 0, 
0, 0, 0, 
0, 0, 0, 
0, 0, 0, 
0, 0, 0, 
0, 0, 0, 
0, 0, 0, 
0, 0, 0, 
0, 0, 0, 
0, 0, 0, 
0, 0, 0, 
0, 0, 0, 
0, 0, 0, 
0, 0, 0, 
0, 0, 0, 
0, 0, 0, 
0, 0, 0, 
0, 0, 0, 
0, 0, 0, 
0, 0, 0, 
0, 0, 0, 
0, 0, 0, 
0, 0, 0, 
0, 0, 0, 
0, 0, 0, 
0, 0, 0, 
0, 0, 0, 
0, 0, 0, 
0, 0, 0, 
0, 0, 0, 
0, 0, 0, 
0, 0, 0, 
0, 0, 0, 
0, 0, 0, 
0, 0, 0, 
0, 0, 0, 
0, 0, 0, 
0, 0, 0, 
0, 0, 0, 
0, 0, 0, 
0, 0, 0, 
0, 0, 0, 
0, 0, 0, 
0, 0, 0, 
0, 0, 0, 
0, 0, 0, 
0, 0, 0, 
0, 0, 0, 
0, 0, 0, 
0, 0, 0, 
0, 0, 0, 
0, 0, 0, 
0, 0, 0, 
0, 0, 0, 
0, 0, 0, 
0, 0, 0, 
0, 0, 0, 
0, 0, 0, 
0, 0, 0, 
0, 0, 0, 
0, 0, 0, 
0, 0, 0, 
0, 0, 0, 
0, 0, 0, 
0, 0, 0, 
0, 0, 0, 
0, 0, 0, 
0, 0, 0, 
0, 0, 0, 
0, 0, 0, 
0, 0, 0, 
0, 0, 0, 
0, 0, 0, 
0, 0, 0, 
0, 0, 0, 
0, 0, 0, 
0, 0, 0, 
0, 0, 0, 
0, 0, 0, 
0, 0, 0, 
0, 0, 0, 
0, 0, 0, 
0, 0, 0, 
0, 0, 0, 
0, 0, 0, 
0, 0, 0, 
0, 0, 0, 
0, 0, 0, 
0, 0, 0, 
0, 0, 0, 
0, 0, 0, 
0, 0, 0, 
0, 0, 0, 
0, 0, 0, 
0, 0, 0, 
0, 0, 0, 
0, 0, 0, 
0, 0, 0, 
0, 0, 0, 
0, 0, 0, 
0, 0, 0, 
0, 0, 0, 
0, 0, 0, 
0, 0, 0, 
0, 0, 0, 
0, 0, 0, 
0, 0, 0, 
0, 0, 0, 
0, 0, 0, 
0, 0, 0, 
0, 0, 0, 
0, 0, 0, 
0, 0, 0, 
0, 0, 0, 
0, 0, 0, 
0, 0, 0, 
0, 0, 0, 
0, 0, 0, 
0, 0, 0, 
0, 0, 0, 
0, 0, 0, 
0, 0, 0, 
0, 0, 0, 
0, 0, 0, 
0, 0, 0, 
0, 0, 0, 
0, 0, 0, 
0, 0, 0, 
0, 0, 0, 
0, 0, 0, 
0, 0, 0, 
0, 0, 0, 
0, 0, 0, 
0, 0, 0, 
0, 0, 0, 
0, 0, 0, 
0, 0, 0, 
0, 0, 0, 
0, 0, 0, 
0, 0, 0, 
0, 0, 0, 
0, 0, 0, 
0, 0, 0, 
0, 0, 0, 
0, 0, 0, 
0, 0, 0, 
0, 0, 0, 
0, 0, 0, 
0, 0, 0, 
0, 0, 0, 
0, 0, 0, 
0, 0, 0, 
0, 0, 0, 
0, 0, 0, 
0, 0, 0, 
0, 0, 0, 
0, 0, 0, 
0, 0, 0, 
]);
var flaggn = new Float32Array([
0, 1, 0, 
0, 1, 0, 
0, 1, 0, 
0, 0, 1, 
0, 0, 1, 
0, 0, 1, 
-1, -0, 0, 
-1, -0, 0, 
-1, -0, 0, 
0, -1, 0, 
0, -1, 0, 
0, -1, 0, 
1, -0, 0, 
1, -0, 0, 
1, -0, 0, 
0, -0, -1, 
0, -0, -1, 
0, -0, -1, 
0, -0, -1, 
0, -0, -1, 
0, -0, -1, 
0, -0, -1, 
0, -0, -1, 
0, -0, -1, 
0, 1, 0, 
0, 1, 0, 
0, 1, 0, 
1, -0, 0, 
1, -0, 0, 
1, -0, 0, 
1, -0, 0, 
1, -0, 0, 
1, -0, 0, 
1, -0, 0, 
1, -0, 0, 
1, -0, 0, 
0, -1, 0, 
0, -1, 0, 
0, -1, 0, 
0, -1, 0, 
0, -1, 0, 
0, -1, 0, 
0, -1, 0, 
0, -1, 0, 
0, -1, 0, 
-1, -0, 0, 
-1, -0, 0, 
-1, -0, 0, 
-1, -0, 0, 
-1, -0, 0, 
-1, -0, 0, 
-1, -0, 0, 
-1, -0, 0, 
-1, -0, 0, 
0, 0, 1, 
0, 0, 1, 
0, 0, 1, 
0, 0, 1, 
0, 0, 1, 
0, 0, 1, 
0, 0, 1, 
0, 0, 1, 
0, 0, 1, 
0, 1, 0, 
0, 1, 0, 
0, 1, 0, 
0, 1, 0, 
0, 1, 0, 
0, 1, 0, 
0, 1, 0, 
0, 1, 0, 
0, 1, 0, 
0, 1, 0, 
0, 1, 0, 
0, 1, 0, 
0, 1, 0, 
0, 1, 0, 
0, 1, 0, 
0, 1, 0, 
0, 1, 0, 
0, 1, 0, 
0, 1, 0, 
0, 1, 0, 
0, 1, 0, 
0, 1, 0, 
0, 1, 0, 
0, 1, 0, 
0, 1, 0, 
0, 1, 0, 
0, 1, 0, 
0, 1, 0, 
0, 1, 0, 
0, 1, 0, 
0, 1, 0, 
0, 1, 0, 
0, 1, 0, 
0, 1, 0, 
0, 1, 0, 
0, 1, 0, 
0, 0, 1, 
0, 0, 1, 
0, 0, 1, 
0, 0, 1, 
0, 0, 1, 
0, 0, 1, 
0, 0, 1, 
0, 0, 1, 
0, 0, 1, 
0, 0, 1, 
0, 0, 1, 
0, 0, 1, 
0, 0, 1, 
0, 0, 1, 
0, 0, 1, 
0, 0, 1, 
0, 0, 1, 
0, 0, 1, 
0, 0, 1, 
0, 0, 1, 
0, 0, 1, 
0, 0, 1, 
0, 0, 1, 
0, 0, 1, 
0, 0, 1, 
0, 0, 1, 
0, 0, 1, 
-1, -0, 0, 
-1, -0, 0, 
-1, -0, 0, 
-1, -0, 0, 
-1, -0, 0, 
-1, -0, 0, 
-1, -0, 0, 
-1, -0, 0, 
-1, -0, 0, 
-1, -0, 0, 
-1, -0, 0, 
-1, -0, 0, 
-1, -0, 0, 
-1, -0, 0, 
-1, -0, 0, 
-1, -0, 0, 
-1, -0, 0, 
-1, -0, 0, 
-1, -0, 0, 
-1, -0, 0, 
-1, -0, 0, 
-1, -0, 0, 
-1, -0, 0, 
-1, -0, 0, 
-1, -0, 0, 
-1, -0, 0, 
-1, -0, 0, 
0, -1, 0, 
0, -1, 0, 
0, -1, 0, 
0, -1, 0, 
0, -1, 0, 
0, -1, 0, 
0, -1, 0, 
0, -1, 0, 
0, -1, 0, 
0, -1, 0, 
0, -1, 0, 
0, -1, 0, 
0, -1, 0, 
0, -1, 0, 
0, -1, 0, 
0, -1, 0, 
0, -1, 0, 
0, -1, 0, 
0, -1, 0, 
0, -1, 0, 
0, -1, 0, 
0, -1, 0, 
0, -1, 0, 
0, -1, 0, 
0, -1, 0, 
0, -1, 0, 
0, -1, 0, 
1, -0, 0, 
1, -0, 0, 
1, -0, 0, 
1, -0, 0, 
1, -0, 0, 
1, -0, 0, 
1, -0, 0, 
1, -0, 0, 
1, -0, 0, 
1, -0, 0, 
1, -0, 0, 
1, -0, 0, 
1, -0, 0, 
1, -0, 0, 
1, -0, 0, 
1, -0, 0, 
1, -0, 0, 
1, -0, 0, 
1, -0, 0, 
1, -0, 0, 
1, -0, 0, 
1, -0, 0, 
1, -0, 0, 
1, -0, 0, 
1, -0, 0, 
1, -0, 0, 
1, -0, 0, 
0, -1, 0, 
0, -1, 0, 
0, -1, 0, 
0, -0, -1, 
0, -0, -1, 
0, -0, -1, 
0, -0, -1, 
0, -0, -1, 
0, -0, -1, 
0, -0, -1, 
0, -0, -1, 
0, -0, -1, 
0, -0, -1, 
0, -0, -1, 
0, -0, -1, 
0, -0, -1, 
0, -0, -1, 
0, -0, -1, 
0, -0, -1, 
0, -0, -1, 
0, -0, -1, 
0, -0, -1, 
0, -0, -1, 
0, -0, -1, 
0, -0, -1, 
0, -0, -1, 
0, -0, -1, 
0, -0, -1, 
0, -0, -1, 
0, -0, -1, 
-1, -0, 0, 
-1, -0, 0, 
-1, -0, 0, 
1, -0, 0, 
1, -0, 0, 
1, -0, 0, 
1, -0, 0, 
1, -0, 0, 
1, -0, 0, 
1, -0, 0, 
1, -0, 0, 
1, -0, 0, 
1, -0, 0, 
1, -0, 0, 
1, -0, 0, 
0, -1, 0, 
0, -1, 0, 
0, -1, 0, 
0, -1, 0, 
0, -1, 0, 
0, -1, 0, 
0, -1, 0, 
0, -1, 0, 
0, -1, 0, 
-1, -0, 0, 
-1, -0, 0, 
-1, -0, 0, 
-1, -0, 0, 
-1, -0, 0, 
-1, -0, 0, 
-1, -0, 0, 
-1, -0, 0, 
-1, -0, 0, 
0, 0, 1, 
0, 0, 1, 
0, 0, 1, 
0, 0, 1, 
0, 0, 1, 
0, 0, 1, 
0, 0, 1, 
0, 0, 1, 
0, 0, 1, 
0, 1, 0, 
0, 1, 0, 
0, 1, 0, 
0, 1, 0, 
0, 1, 0, 
0, 1, 0, 
0, 1, 0, 
0, 1, 0, 
0, 1, 0, 
0, -0, -1, 
0, -0, -1, 
0, -0, -1, 
0, -0, -1, 
0, -0, -1, 
0, -0, -1, 
0, -0, -1, 
0, -0, -1, 
0, -0, -1, 
0, -0, -1, 
0, -0, -1, 
0, -0, -1, 
1, -0, 0, 
1, -0, 0, 
1, -0, 0, 
0, -1, 0, 
0, -1, 0, 
0, -1, 0, 
-1, -0, 0, 
-1, -0, 0, 
-1, -0, 0, 
0, 1, 0, 
0, 1, 0, 
0, 1, 0, 
0, 1, 0, 
0, 1, 0, 
0, 1, 0, 
0, 0, 1, 
0, 0, 1, 
0, 0, 1, 
-1, -0, 0, 
-1, -0, 0, 
-1, -0, 0, 
0, -1, 0, 
0, -1, 0, 
0, -1, 0, 
1, -0, 0, 
1, -0, 0, 
1, -0, 0, 
0, -0, -1, 
0, -0, -1, 
0, -0, -1, 
0, -0, -1, 
0, -0, -1, 
0, -0, -1, 
0, -0, -1, 
0, -0, -1, 
0, -0, -1, 
0, 1, 0, 
0, 1, 0, 
0, 1, 0, 
1, -0, 0, 
1, -0, 0, 
1, -0, 0, 
1, -0, 0, 
1, -0, 0, 
1, -0, 0, 
1, -0, 0, 
1, -0, 0, 
1, -0, 0, 
0, -1, 0, 
0, -1, 0, 
0, -1, 0, 
0, -1, 0, 
0, -1, 0, 
0, -1, 0, 
0, -1, 0, 
0, -1, 0, 
0, -1, 0, 
-1, -0, 0, 
-1, -0, 0, 
-1, -0, 0, 
-1, -0, 0, 
-1, -0, 0, 
-1, -0, 0, 
-1, -0, 0, 
-1, -0, 0, 
-1, -0, 0, 
0, 0, 1, 
0, 0, 1, 
0, 0, 1, 
0, 0, 1, 
0, 0, 1, 
0, 0, 1, 
0, 0, 1, 
0, 0, 1, 
0, 0, 1, 
0, 1, 0, 
0, 1, 0, 
0, 1, 0, 
0, 1, 0, 
0, 1, 0, 
0, 1, 0, 
0, 1, 0, 
0, 1, 0, 
0, 1, 0, 
0, 1, 0, 
0, 1, 0, 
0, 1, 0, 
0, 1, 0, 
0, 1, 0, 
0, 1, 0, 
0, 1, 0, 
0, 1, 0, 
0, 1, 0, 
0, 1, 0, 
0, 1, 0, 
0, 1, 0, 
0, 1, 0, 
0, 1, 0, 
0, 1, 0, 
0, 1, 0, 
0, 1, 0, 
0, 1, 0, 
0, 1, 0, 
0, 1, 0, 
0, 1, 0, 
0, 1, 0, 
0, 1, 0, 
0, 1, 0, 
0, 1, 0, 
0, 1, 0, 
0, 1, 0, 
0, 0, 1, 
0, 0, 1, 
0, 0, 1, 
0, 0, 1, 
0, 0, 1, 
0, 0, 1, 
0, 0, 1, 
0, 0, 1, 
0, 0, 1, 
0, 0, 1, 
0, 0, 1, 
0, 0, 1, 
0, 0, 1, 
0, 0, 1, 
0, 0, 1, 
0, 0, 1, 
0, 0, 1, 
0, 0, 1, 
0, 0, 1, 
0, 0, 1, 
0, 0, 1, 
0, 0, 1, 
0, 0, 1, 
0, 0, 1, 
0, 0, 1, 
0, 0, 1, 
0, 0, 1, 
-1, -0, 0, 
-1, -0, 0, 
-1, -0, 0, 
-1, -0, 0, 
-1, -0, 0, 
-1, -0, 0, 
-1, -0, 0, 
-1, -0, 0, 
-1, -0, 0, 
-1, -0, 0, 
-1, -0, 0, 
-1, -0, 0, 
-1, -0, 0, 
-1, -0, 0, 
-1, -0, 0, 
-1, -0, 0, 
-1, -0, 0, 
-1, -0, 0, 
-1, -0, 0, 
-1, -0, 0, 
-1, -0, 0, 
-1, -0, 0, 
-1, -0, 0, 
-1, -0, 0, 
-1, -0, 0, 
-1, -0, 0, 
-1, -0, 0, 
0, -1, 0, 
0, -1, 0, 
0, -1, 0, 
0, -1, 0, 
0, -1, 0, 
0, -1, 0, 
0, -1, 0, 
0, -1, 0, 
0, -1, 0, 
0, -1, 0, 
0, -1, 0, 
0, -1, 0, 
0, -1, 0, 
0, -1, 0, 
0, -1, 0, 
0, -1, 0, 
0, -1, 0, 
0, -1, 0, 
0, -1, 0, 
0, -1, 0, 
0, -1, 0, 
0, -1, 0, 
0, -1, 0, 
0, -1, 0, 
0, -1, 0, 
0, -1, 0, 
0, -1, 0, 
1, -0, 0, 
1, -0, 0, 
1, -0, 0, 
1, -0, 0, 
1, -0, 0, 
1, -0, 0, 
1, -0, 0, 
1, -0, 0, 
1, -0, 0, 
1, -0, 0, 
1, -0, 0, 
1, -0, 0, 
1, -0, 0, 
1, -0, 0, 
1, -0, 0, 
1, -0, 0, 
1, -0, 0, 
1, -0, 0, 
1, -0, 0, 
1, -0, 0, 
1, -0, 0, 
1, -0, 0, 
1, -0, 0, 
1, -0, 0, 
1, -0, 0, 
1, -0, 0, 
1, -0, 0, 
0, -1, 0, 
0, -1, 0, 
0, -1, 0, 
0, -0, -1, 
0, -0, -1, 
0, -0, -1, 
0, -0, -1, 
0, -0, -1, 
0, -0, -1, 
0, -0, -1, 
0, -0, -1, 
0, -0, -1, 
0, -0, -1, 
0, -0, -1, 
0, -0, -1, 
0, -0, -1, 
0, -0, -1, 
0, -0, -1, 
0, -0, -1, 
0, -0, -1, 
0, -0, -1, 
0, -0, -1, 
0, -0, -1, 
0, -0, -1, 
0, -0, -1, 
0, -0, -1, 
0, -0, -1, 
0, -0, -1, 
0, -0, -1, 
0, -0, -1, 
-1, -0, 0, 
-1, -0, 0, 
-1, -0, 0, 
1, -0, 0, 
1, -0, 0, 
1, -0, 0, 
1, -0, 0, 
1, -0, 0, 
1, -0, 0, 
1, -0, 0, 
1, -0, 0, 
1, -0, 0, 
1, -0, 0, 
1, -0, 0, 
1, -0, 0, 
0, -1, 0, 
0, -1, 0, 
0, -1, 0, 
0, -1, 0, 
0, -1, 0, 
0, -1, 0, 
0, -1, 0, 
0, -1, 0, 
0, -1, 0, 
-1, -0, 0, 
-1, -0, 0, 
-1, -0, 0, 
-1, -0, 0, 
-1, -0, 0, 
-1, -0, 0, 
-1, -0, 0, 
-1, -0, 0, 
-1, -0, 0, 
0, 0, 1, 
0, 0, 1, 
0, 0, 1, 
0, 0, 1, 
0, 0, 1, 
0, 0, 1, 
0, 0, 1, 
0, 0, 1, 
0, 0, 1, 
0, 1, 0, 
0, 1, 0, 
0, 1, 0, 
0, 1, 0, 
0, 1, 0, 
0, 1, 0, 
0, 1, 0, 
0, 1, 0, 
0, 1, 0, 
0, -0, -1, 
0, -0, -1, 
0, -0, -1, 
0, -0, -1, 
0, -0, -1, 
0, -0, -1, 
0, -0, -1, 
0, -0, -1, 
0, -0, -1, 
0, -0, -1, 
0, -0, -1, 
0, -0, -1, 
1, -0, 0, 
1, -0, 0, 
1, -0, 0, 
0, -1, 0, 
0, -1, 0, 
0, -1, 0, 
-1, -0, 0, 
-1, -0, 0, 
-1, -0, 0, 
0, 1, 0, 
0, 1, 0, 
0, 1, 0, 
0, 0, 0, 
0, 0, 0, 
0, 0, 0, 
0, 0, 0, 
0, 0, 0, 
0, 0, 0, 
0, 0, 0, 
0, 0, 0, 
0, 0, 0, 
0, 0, 0, 
0, 0, 0, 
0, 0, 0, 
0, 0, 0, 
0, 0, 0, 
0, 0, 0, 
0, 0, 0, 
0, 0, 0, 
0, 0, 0, 
0, 0, 0, 
0, 0, 0, 
0, 0, 0, 
0, 0, 0, 
0, 0, 0, 
0, 0, 0, 
0, 0, 0, 
0, 0, 0, 
0, 0, 0, 
0, 0, 0, 
0, 0, 0, 
0, 0, 0, 
0, 0, 0, 
0, 0, 0, 
0, 0, 0, 
0, 0, 0, 
0, 0, 0, 
0, 0, 0, 
0, 0, 0, 
0, 0, 0, 
0, 0, 0, 
0, 0, 0, 
0, 0, 0, 
0, 0, 0, 
0, 0, 0, 
0, 0, 0, 
0, 0, 0, 
0, 0, 0, 
0, 0, 0, 
0, 0, 0, 
0, 0, 0, 
0, 0, 0, 
0, 0, 0, 
0, 0, 0, 
0, 0, 0, 
0, 0, 0, 
0, 0, 0, 
0, 0, 0, 
0, 0, 0, 
0, 0, 0, 
0, 0, 0, 
0, 0, 0, 
0, 0, 0, 
0, 0, 0, 
0, 0, 0, 
0, 0, 0, 
0, 0, 0, 
0, 0, 0, 
0, 0, 0, 
0, 0, 0, 
0, 0, 0, 
0, 0, 0, 
0, 0, 0, 
0, 0, 0, 
0, 0, 0, 
0, 0, 0, 
0, 0, 0, 
0, 0, 0, 
0, 0, 0, 
0, 0, 0, 
0, 0, 0, 
0, 0, 0, 
0, 0, 0, 
0, 0, 0, 
0, 0, 0, 
0, 0, 0, 
0, 0, 0, 
0, 0, 0, 
0, 0, 0, 
0, 0, 0, 
0, 0, 0, 
0, 0, 0, 
0, 0, 0, 
0, 0, 0, 
0, 0, 0, 
0, 0, 0, 
0, 0, 0, 
0, 0, 0, 
0, 0, 0, 
0, 0, 0, 
0, 0, 0, 
0, 0, 0, 
0, 0, 0, 
0, 0, 0, 
0, 0, 0, 
0, 0, 0, 
0, 0, 0, 
0, 0, 0, 
0, 0, 0, 
0, 0, 0, 
0, 0, 0, 
0, 0, 0, 
0, 0, 0, 
0, 0, 0, 
0, 0, 0, 
0, 0, 0, 
0, 0, 0, 
0, 0, 0, 
0, 0, 0, 
0, 0, 0, 
0, 0, 0, 
0, 0, 0, 
0, 0, 0, 
0, 0, 0, 
0, 0, 0, 
0, 0, 0, 
0, 0, 0, 
0, 0, 0, 
0, 0, 0, 
0, 0, 0, 
0, 0, 0, 
0, 0, 0, 
0, 0, 0, 
0, 0, 0, 
0, 0, 0, 
0, 0, 0, 
0, 0, 0, 
0, 0, 0, 
0, 0, 0, 
0, 0, 0, 
0, 0, 0, 
0, 0, 0, 
0, 0, 0, 
0, 0, 0, 
0, 0, 0, 
0, 0, 0, 
0, 0, 0, 
0, 0, 0, 
0, 0, 0, 
0, 0, 0, 
0, 0, 0, 
0, 0, 0, 
0, 0, 0, 
0, 0, 0, 
0, 0, 0, 
0, 0, 0, 
0, 0, 0, 
0, 0, 0, 
0, 0, 0, 
0, 0, 0, 
0, 0, 0, 
0, 0, 0, 
0, 0, 0, 
0, 0, 0, 
0, 0, 0, 
0, 0, 0, 
0, 0, 0, 
0, 0, 0, 
0, 0, 0, 
0, 0, 0, 
0, 0, 0, 
0, 0, 0, 
0, 0, 0, 
0, 0, 0, 
0, 0, 0, 
0, 0, 0, 
0, 0, 0, 
0, 0, 0, 
0, 0, 0, 
0, 0, 0, 
0, 0, 0, 
0, 0, 0, 
0, 0, 0, 
0, 0, 0, 
0, 0, 0, 
0, 0, 0, 
0, 0, 0, 
0, 0, 0, 
0, 0, 0, 
0, 0, 0, 
0, 0, 0, 
0, 0, 0, 
0, 0, 0, 
0, 0, 0, 
0, 0, 0, 
0, 0, 0, 
0, 0, 0, 
0, 0, 0, 
0, 0, 0, 
0, 0, 0, 
0, 0, 0, 
0, 0, 0, 
0, 0, 0, 
0, 0, 0, 
0, 0, 0, 
0, 0, 0, 
0, 0, 0, 
0, 0, 0, 
0, 0, 0, 
0, 0, 0, 
0, 0, 0, 
0, 0, 0, 
0, 0, 0, 
0, 0, 0, 
0, 0, 0, 
0, 0, 0, 
0, 0, 0, 
0, 0, 0, 
0, 0, 0, 
0, 0, 0, 
0, 0, 0, 
0, 0, 0, 
0, 0, 0, 
0, 0, 0, 
0, 0, 0, 
0, 0, 0, 
0, 0, 0, 
0, 0, 0, 
0, 0, 0, 
0, 0, 0, 
0, 0, 0, 
0, 0, 0, 
0, 0, 0, 
0, 0, 0, 
0, 0, 0, 
0, 0, 0, 
0, 0, 0, 
0, 0, 0, 
0, 0, 0, 
0, 0, 0, 
0, 0, 0, 
0, 0, 0, 
0, 0, 0, 
0, 0, 0, 
0, 0, 0, 
0, 0, 0, 
0, 0, 0, 
0, 0, 0, 
0, 0, 0, 
0, 0, 0, 
0, 0, 0, 
0, 0, 0, 
0, 0, 0, 
0, 0, 0, 
0, 0, 0, 
0, 0, 0, 
0, 0, 0, 
0, 0, 0, 
0, 0, 0, 
0, 0, 0, 
0, 0, 0, 
0, 0, 0, 
0, 0, 0, 
0, 0, 0, 
0, 0, 0, 
0, 0, 0, 
0, 0, 0, 
0, 0, 0, 
0, 0, 0, 
0, 0, 0, 
0, 0, 0, 
0, 0, 0, 
0, 0, 0, 
0, 0, 0, 
0, 0, 0, 
0, 0, 0, 
0, 0, 0, 
0, 0, 0, 
0, 0, 0, 
0, 0, 0, 
0, 0, 0, 
0, 0, 0, 
0, 0, 0, 
0, 0, 0, 
0, 0, 0, 
0, 0, 0, 
0, 0, 0, 
0, 0, 0, 
0, 0, 0, 
0, 0, 0, 
0, 0, 0, 
0, 0, 0, 
0, 0, 0, 
0, 0, 0, 
0, 0, 0, 
0, 0, 0, 
0, 0, 0, 
0, 0, 0, 
0, 0, 0, 
0, 0, 0, 
0, 0, 0, 
0, 0, 0, 
0, 0, 0, 
0, 0, 0, 
0, 0, 0, 
0, 0, 0, 
0, 0, 0, 
0, 0, 0, 
0, 0, 0, 
0, 0, 0, 
0, 0, 0, 
0, 0, 0, 
0, 0, 0, 
0, 0, 0, 
0, 0, 0, 
0, 0, 0, 
0, 0, 0, 
0, 0, 0, 
0, 0, 0, 
0, 0, 0, 
0, 0, 0, 
0, 0, 0, 
0, 0, 0, 
0, 0, 0, 
0, 0, 0, 
0, 0, 0, 
0, 0, 0, 
0, 0, 0, 
0, 0, 0, 
0, 0, 0, 
0, 0, 0, 
0, 0, 0, 
0, 0, 0, 
0, 0, 0, 
0, 0, 0, 
0, 0, 0, 
0, 0, 0, 
0, 0, 0, 
0, 0, 0, 
0, 0, 0, 
0, 0, 0, 
0, 0, 0, 
0, 0, 0, 
0, 0, 0, 
0, 0, 0, 
0, 0, 0, 
0, 0, 0, 
0, 0, 0, 
0, 0, 0, 
0, 0, 0, 
0, 0, 0, 
0, 0, 0, 
0, 0, 0, 
0, 0, 0, 
0, 0, 0, 
0, 0, 0, 
0, 0, 0, 
0, 0, 0, 
0, 0, 0, 
0, 0, 0, 
0, 0, 0, 
0, 0, 0, 
0, 0, 0, 
0, 0, 0, 
0, 0, 0, 
0, 0, 0, 
0, 0, 0, 
0, 0, 0, 
0, 0, 0, 
0, 0, 0, 
0, 0, 0, 
0, 0, 0, 
0, 0, 0, 
0, 0, 0, 
0, 0, 0, 
0, 0, 0, 
0, 0, 0, 
0, 0, 0, 
0, 0, 0, 
0, 0, 0, 
0, 0, 0, 
0, 0, 0, 
0, 0, 0, 
0, 0, 0, 
0, 0, 0, 
0, 0, 0, 
0, 0, 0, 
0, 0, 0, 
0, 0, 0, 
0, 0, 0, 
0, 0, 0, 
0, 0, 0, 
0, 0, 0, 
0, 0, 0, 
0, 0, 0, 
0, 0, 0, 
0, 0, 0, 
0, 0, 0, 
0, 0, 0, 
0, 0, 0, 
0, 0, 0, 
0, 0, 0, 
0, 0, 0, 
0, 0, 0, 
0, 0, 0, 
0, 0, 0, 
0, 0, 0, 
0, 0, 0, 
0, 0, 0, 
0, 0, 0, 
0, 0, 0, 
0, 0, 0, 
0, 0, 0, 
0, 0, 0, 
0, 0, 0, 
0, 0, 0, 
0, 0, 0, 
0, 0, 0, 
0, 0, 0, 
0, 0, 0, 
0, 0, 0, 
0, 0, 0, 
0, 0, 0, 
0, 0, 0, 
0, 0, 0, 
0, 0, 0, 
0, 0, 0, 
0, 0, 0, 
0, 0, 0, 
0, 0, 0, 
0, 0, 0, 
0, 0, 0, 
0, 0, 0, 
0, 0, 0, 
0, 0, 0, 
0, 0, 0, 
0, 0, 0, 
0, 0, 0, 
0, 0, 0, 
0, 0, 0, 
0, 0, 0, 
0, 0, 0, 
0, 0, 0, 
0, 0, 0, 
0, 0, 0, 
0, 0, 0, 
0, 0, 0, 
0, 0, 0, 
0, 0, 0, 
0, 0, 0, 
0, 0, 0, 
0, 0, 0, 
0, 0, 0, 
0, 0, 0, 
0, 0, 0, 
0, 0, 0, 
0, 0, 0, 
0, 0, 0, 
0, 0, 0, 
0, 0, 0, 
0, 0, 0, 
0, 0, 0, 
0, 0, 0, 
0, 0, 0, 
0, 0, 0, 
0, 0, 0, 
0, 0, 0, 
0, 0, 0, 
0, 0, 0, 
0, 0, 0, 
0, 0, 0, 
0, 0, 0, 
0, 0, 0, 
0, 0, 0, 
0, 0, 0, 
0, 0, 0, 
0, 0, 0, 
0, 0, 0, 
0, 0, 0, 
0, 0, 0, 
0, 0, 0, 
0, 0, 0, 
0, 0, 0, 
0, 0, 0, 
0, 0, 0, 
0, 0, 0, 
0, 0, 0, 
0, 0, 0, 
0, 0, 0, 
0, 0, 0, 
0, 0, 0, 
0, 0, 0, 
0, 0, 0, 
0, 0, 0, 
0, 0, 0, 
0, 0, 0, 
0, 0, 0, 
0, 0, 0, 
0, 0, 0, 
0, 0, 0, 
0, 0, 0, 
0, 0, 0, 
0, 0, 0, 
0, 0, 0, 
0, 0, 0, 
0, 0, 0, 
0, 0, 0, 
0, 0, 0, 
0, 0, 0, 
0, 0, 0, 
0, 0, 0, 
0, 0, 0, 
0, 0, 0, 
0, 0, 0, 
0, 0, 0, 
0, 0, 0, 
0, 0, 0, 
0, 0, 0, 
0, 0, 0, 
0, 0, 0, 
0, 0, 0, 
0, 0, 0, 
0, 0, 0, 
0, 0, 0, 
0, 0, 0, 
0, 0, 0, 
0, 0, 0, 
0, 0, 0, 
0, 0, 0, 
0, 0, 0, 
0, 0, 0, 
0, 0, 0, 
0, 0, 0, 
0, 0, 0, 
0, 0, 0, 
0, 0, 0, 
0, 0, 0, 
0, 0, 0, 
0, 0, 0, 
0, 0, 0, 
0, 0, 0, 
0, 0, 0, 
0, 0, 0, 
0, 0, 0, 
0, 0, 0, 
0, 0, 0, 
0, 0, 0, 
0, 0, 0, 
0, 0, 0, 
0, 0, 0, 
0, 0, 0, 
0, 0, 0, 
0, 0, 0, 
0, 0, 0, 
0, 0, 0, 
0, 0, 0, 
0, 0, 0, 
0, 0, 0, 
0, 0, 0, 
0, 0, 0, 
0, 0, 0, 
0, 0, 0, 
0, 0, 0, 
0, 0, 0, 
0, 0, 0, 
0, 0, 0, 
0, 0, 0, 
0, 0, 0, 
0, 0, 0, 
0, 0, 0, 
0, 0, 0, 
0, 0, 0, 
0, 0, 0, 
0, 0, 0, 
0, 0, 0, 
0, 0, 0, 
0, 0, 0, 
0, 0, 0, 
0, 0, 0, 
0, 0, 0, 
0, 0, 0, 
0, 0, 0, 
0, 0, 0, 
0, 0, 0, 
0, 0, 0, 
0, 0, 0, 
0, 0, 0, 
0, 0, 0, 
0, 0, 0, 
0, 0, 0, 
0, 0, 0, 
0, 0, 0, 
0, 0, 0, 
0, 0, 0, 
0, 0, 0, 
0, 0, 0, 
0, 0, 0, 
0, 0, 0, 
0, 0, 0, 
0, 0, 0, 
0, 0, 0, 
0, 0, 0, 
0, 0, 0, 
0, 0, 0, 
0, 0, 0, 
0, 0, 0, 
0, 0, 0, 
0, 0, 0, 
0, 0, 0, 
0, 0, 0, 
0, 0, 0, 
0, 0, 0, 
0, 0, 0, 
0, 0, 0, 
0, 0, 0, 
0, 0, 0, 
0, 0, 0, 
0, 0, 0, 
0, 0, 0, 
0, 0, 0, 
0, 0, 0, 
0, 0, 0, 
0, 0, 0, 
0, 0, 0, 
0, 0, 0, 
0, 0, 0, 
0, 0, 0, 
0, 0, 0, 
0, 0, 0, 
0, 0, 0, 
0, 0, 0, 
0, 0, 0, 
0, 0, 0, 
0, 0, 0, 
0, 0, 0, 
0, 0, 0, 
0, 0, 0, 
0, 0, 0, 
0, 0, 0, 
0, 0, 0, 
0, 0, 0, 
0, 0, 0, 
0, 0, 0, 
0, 0, 0, 
0, 0, 0, 
0, 0, 0, 
0, 0, 0, 
0, 0, 0, 
0, 0, 0, 
0, 0, 0, 
0, 0, 0, 
0, 0, 0, 
0, 0, 0, 
0, 0, 0, 
0, 0, 0, 
0, 0, 0, 
0, 0, 0, 
0, 0, 0, 
0, 0, 0, 
0, 0, 0, 
0, 0, 0, 
0, 0, 0, 
0, 0, 0, 
0, 0, 0, 
0, 0, 0, 
0, 0, 0, 
0, 0, 0, 
0, 0, 0, 
0, 0, 0, 
0, 0, 0, 
0, 0, 0, 
0, 0, 0, 
0, 0, 0, 
0, 0, 0, 
0, 0, 0, 
0, 0, 0, 
0, 0, 0, 
0, 0, 0, 
0, 0, 0, 
0, 0, 0, 
0, 0, 0, 
0, 0, 0, 
0, 0, 0, 
0, 0, 0, 
0, 0, 0, 
0, 0, 0, 
0, 0, 0, 
0, 0, 0, 
0, 0, 0, 
0, 0, 0, 
0, 0, 0, 
0, 0, 0, 
0, 0, 0, 
0, 0, 0, 
0, 0, 0, 
0, 0, 0, 
0, 0, 0, 
0, 0, 0, 
0, 0, 0, 
0, 0, 0, 
0, 0, 0, 
0, 0, 0, 
0, 0, 0, 
0, 0, 0, 
0, 0, 0, 
0, 0, 0, 
0, 0, 0, 
0, 0, 0, 
0, 0, 0, 
0, 0, 0, 
0, 0, 0, 
0, 0, 0, 
0, 0, 0, 
0, 0, 0, 
0, 0, 0, 
0, 0, 0, 
0, 0, 0, 
0, 0, 0, 
0, 0, 0, 
0, 0, 0, 
0, 0, 0, 
0, 0, 0, 
0, 0, 0, 
0, 0, 0, 
0, 0, 0, 
0, 0, 0, 
0, 0, 0, 
0, 0, 0, 
0, 0, 0, 
0, 0, 0, 
0, 0, 0, 
0, 0, 0, 
0, 0, 0, 
0, 0, 0, 
0, 0, 0, 
0, 0, 0, 
0, 0, 0, 
0, 0, 0, 
0, 0, 0, 
0, 0, 0, 
0, 0, 0, 
0, 0, 0, 
0, 0, 0, 
0, 0, 0, 
0, 0, 0, 
0, 0, 0, 
0, 0, 0, 
0, 0, 0, 
0, 0, 0, 
0, 0, 0, 
0, 0, 0, 
0, 0, 0, 
0, 0, 0, 
0, 0, 0, 
0, 0, 0, 
0, 0, 0, 
0, 0, 0, 
0, 0, 0, 
0, 0, 0, 
0, 0, 0, 
0, 0, 0, 
0, 0, 0, 
0, 0, 0, 
0, 0, 0, 
0, 0, 0, 
0, 0, 0, 
0, 0, 0, 
0, 0, 0, 
0, 0, 0, 
0, 0, 0, 
0, 0, 0, 
0, 0, 0, 
0, 0, 0, 
0, 0, 0, 
0, 0, 0, 
0, 0, 0, 
0, 0, 0, 
0, 0, 0, 
0, 0, 0, 
0, 0, 0, 
0, 0, 0, 
0, 0, 0, 
0, 0, 0, 
0, 0, 0, 
0, 0, 0, 
0, 0, 0, 
0, 0, 0, 
0, 0, 0, 
0, 0, 0, 
0, 0, 0, 
0, 0, 0, 
0, 0, 0, 
0, 0, 0, 
0, 0, 0, 
0, 0, 0, 
0, 0, 0, 
0, 0, 0, 
0, 0, 0, 
0, 0, 0, 
0, 0, 0, 
0, 0, 0, 
0, 0, 0, 
0, 0, 0, 
0, 0, 0, 
0, 0, 0, 
0, 0, 0, 
0, 0, 0, 
0, 0, 0, 
0, 0, 0, 
0, 0, 0, 
0, 0, 0, 
0, 0, 0, 
0, 0, 0, 
0, 0, 0, 
0, 0, 0, 
0, 0, 0, 
0, 0, 0, 
0, 0, 0, 
0, 0, 0, 
0, 0, 0, 
0, 0, 0, 
0, 0, 0, 
0, 0, 0, 
0, 0, 0, 
0, 0, 0, 
0, 0, 0, 
0, 0, 0, 
0, 0, 0, 
0, 0, 0, 
0, 0, 0, 
0, 0, 0, 
0, 0, 0, 
0, 0, 0, 
0, 0, 0, 
0, 0, 0, 
0, 0, 0, 
0, 0, 0, 
0, 0, 0, 
0, 0, 0, 
0, 0, 0, 
0, 0, 0, 
0, 0, 0, 
0, 0, 0, 
0, 0, 0, 
0, 0, 0, 
0, 0, 0, 
0, 0, 0, 
0, 0, 0, 
0, 0, 0, 
0, 0, 0, 
0, 0, 0, 
0, 0, 0, 
0, 0, 0, 
0, 0, 0, 
0, 0, 0, 
0, 0, 0, 
0, 0, 0, 
0, 0, 0, 
0, 0, 0, 
0, 0, 0, 
0, 0, 0, 
0, 0, 0, 
0, 0, 0, 
0, 0, 0, 
0, 0, 0, 
0, 0, 0, 
0, 0, 0, 
0, 0, 0, 
0, 0, 0, 
0, 0, 0, 
0, 0, 0, 
0, 0, 0, 
0, 0, 0, 
0, 0, 0, 
0, 0, 0, 
0, 0, 0, 
0, 0, 0, 
0, 0, 0, 
0, 0, 0, 
0, 0, 0, 
0, 0, 0, 
0, 0, 0, 
0, 0, 0, 
0, 0, 0, 
0, 0, 0, 
0, 0, 0, 
0, 0, 0, 
0, 0, 0, 
0, 0, 0, 
0, 0, 0, 
0, 0, 0, 
0, 0, 0, 
0, 0, 0, 
0, 0, 0, 
0, 0, 0, 
0, 0, 0, 
0, 0, 0, 
0, 0, 0, 
0, 0, 0, 
0, 0, 0, 
0, 0, 0, 
0, 0, 0, 
0, 0, 0, 
0, 0, 0, 
0, 0, 0, 
0, 0, 0, 
0, 0, 0, 
0, 0, 0, 
0, 0, 0, 
0, 0, 0, 
0, 0, 0, 
0, 0, 0, 
0, 0, 0, 
0, 0, 0, 
0, 0, 0, 
0, 0, 0, 
0, 0, 0, 
0, 0, 0, 
0, 0, 0, 
0, 0, 0, 
0, 0, 0, 
0, 0, 0, 
0, 0, 0, 
0, 0, 0, 
0, 0, 0, 
0, 0, 0, 
0, 0, 0, 
0, 0, 0, 
0, 0, 0, 
0, 0, 0, 
0, 0, 0, 
0, 0, 0, 
0, 0, 0, 
0, 0, 0, 
0, 0, 0, 
0, 0, 0, 
0, 0, 0, 
0, 0, 0, 
0, 0, 0, 
0, 0, 0, 
0, 0, 0, 
0, 0, 0, 
0, 0, 0, 
0, 0, 0, 
0, 0, 0, 
0, 0, 0, 
0, 0, 0, 
0, 0, 0, 
0, 0, 0, 
0, 0, 0, 
0, 0, 0, 
0, 0, 0, 
0, 0, 0, 
0, 0, 0, 
0, 0, 0, 
0, 0, 0, 
0, 0, 0, 
0, 0, 0, 
0, 0, 0, 
0, 0, 0, 
0, 0, 0, 
0, 0, 0, 
0, 0, 0, 
0, 0, 0, 
0, 0, 0, 
0, 0, 0, 
0, 0, 0, 
0, 0, 0, 
0, 0, 0, 
0, 0, 0, 
0, 0, 0, 
0, 0, 0, 
0, 0, 0, 
0, 0, 0, 
0, 0, 0, 
0, 0, 0, 
0, 0, 0, 
0, 0, 0, 
0, 0, 0, 
0, 0, 0, 
0, 0, 0, 
0, 0, 0, 
0, 0, 0, 
0, 0, 0, 
0, 0, 0, 
0, 0, 0, 
0, 0, 0, 
0, 0, 0, 
0, 0, 0, 
0, 0, 0, 
0, 0, 0, 
0, 0, 0, 
0, 0, 0, 
0, 0, 0, 
0, 0, 0, 
0, 0, 0, 
0, 0, 0, 
0, 0, 0, 
0, 0, 0, 
0, 0, 0, 
0, 0, 0, 
0, 0, 0, 
0, 0, 0, 
0, 0, 0, 
0, 0, 0, 
0, 0, 0, 
0, 0, 0, 
0, 0, 0, 
0, 0, 0, 
0, 0, 0, 
0, 0, 0, 
0, 0, 0, 
0, 0, 0, 
0, 0, 0, 
0, 0, 0, 
0, 0, 0, 
0, 0, 0, 
0, 0, 0, 
0, 0, 0, 
0, 0, 0, 
0, 0, 0, 
0, 0, 0, 
0, 0, 0, 
0, 0, 0, 
0, 0, 0, 
0, 0, 0, 
0, 0, 0, 
0, 0, 0, 
0, 0, 0, 
0, 0, 0, 
0, 0, 0, 
0, 0, 0, 
0, 0, 0, 
0, 0, 0, 
0, 0, 0, 
0, 0, 0, 
0, 0, 0, 
0, 0, 0, 
0, 0, 0, 
0, 0, 0, 
0, 0, 0, 
0, 0, 0, 
0, 0, 0, 
0, 0, 0, 
0, 0, 0, 
0, 0, 0, 
0, 0, 0, 
0, 0, 0, 
0, 0, 0, 
0, 0, 0, 
0, 0, 0, 
0, 0, 0, 
0, 0, 0, 
0, 0, 0, 
0, 0, 0, 
0, 0, 0, 
0, 0, 0, 
0, 0, 0, 
0, 0, 0, 
0, 0, 0, 
0, 0, 0, 
0, 0, 0, 
0, 0, 0, 
0, 0, 0, 
0, 0, 0, 
0, 0, 0, 
0, 0, 0, 
0, 0, 0, 
0, 0, 0, 
0, 0, 0, 
0, 0, 0, 
0, 0, 0, 
0, 0, 0, 
0, 0, 0, 
0, 0, 0, 
0, 0, 0, 
0, 0, 0, 
0, 0, 0, 
0, 0, 0, 
0, 0, 0, 
0, 0, 0, 
0, 0, 0, 
0, 0, 0, 
0, 0, 0, 
0, 0, 0, 
0, 0, 0, 
0, 0, 0, 
0, 0, 0, 
0, 0, 0, 
0, 0, 0, 
0, 0, 0, 
0, 0, 0, 
0, 0, 0, 
0, 0, 0, 
0, 0, 0, 
0, 0, 0, 
0, 0, 0, 
0, 0, 0, 
0, 0, 0, 
0, 0, 0, 
0, 0, 0, 
0, 0, 0, 
0, 0, 0, 
0, 0, 0, 
0, 0, 0, 
0, 0, 0, 
0, 0, 0, 
0, 0, 0, 
0, 0, 0, 
0, 0, 0, 
0, 0, 0, 
0, 0, 0, 
0, 0, 0, 
0, 0, 0, 
0, 0, 0, 
0, 0, 0, 
0, 0, 0, 
0, 0, 0, 
0, 0, 0, 
0, 0, 0, 
0, 0, 0, 
0, 0, 0, 
0, 0, 0, 
0, 0, 0, 
0, 0, 0, 
0, 0, 0, 
0, 0, 0, 
0, 0, 0, 
0, 0, 0, 
0, 0, 0, 
0, 0, 0, 
0, 0, 0, 
0, 0, 0, 
0, 0, 0, 
0, 0, 0, 
0, 0, 0, 
0, 0, 0, 
0, 0, 0, 
0, 0, 0, 
0, 0, 0, 
0, 0, 0, 
0, 0, 0, 
0, 0, 0, 
0, 0, 0, 
0, 0, 0, 
0, 0, 0, 
0, 0, 0, 
0, 0, 0, 
0, 0, 0, 
0, 0, 0, 
0, 0, 0, 
0, 0, 0, 
0, 0, 0, 
0, 0, 0, 
0, 0, 0, 
0, 0, 0, 
0, 0, 0, 
0, 0, 0, 
0, 0, 0, 
0, 0, 0, 
0, 0, 0, 
0, 0, 0, 
0, 0, 0, 
0, 0, 0, 
0, 0, 0, 
0, 0, 0, 
0, 0, 0, 
0, 0, 0, 
0, 0, 0, 
0, 0, 0, 
0, 0, 0, 
0, 0, 0, 
0, 0, 0, 
0, 0, 0, 
0, 0, 0, 
0, 0, 0, 
0, 0, 0, 
0, 0, 0, 
0, 0, 0, 
0, 0, 0, 
0, 0, 0, 
0, 0, 0, 
0, 0, 0, 
0, 0, 0, 
0, 0, 0, 
0, 0, 0, 
0, 0, 0, 
0, 0, 0, 
0, 0, 0, 
0, 0, 0, 
0, 0, 0, 
0, 0, 0, 
0, 0, 0, 
0, 0, 0, 
0, 0, 0, 
0, 0, 0, 
0, 0, 0, 
0, 0, 0, 
0, 0, 0, 
0, 0, 0, 
0, 0, 0, 
0, 0, 0, 
0, 0, 0, 
0, 0, 0, 
0, 0, 0, 
0, 0, 0, 
0, 0, 0, 
0, 0, 0, 
0, 0, 0, 
0, 0, 0, 
0, 0, 0, 
0, 0, 0, 
0, 0, 0, 
0, 0, 0, 
0, 0, 0, 
0, 0, 0, 
0, 0, 0, 
0, 0, 0, 
0, 0, 0, 
0, 0, 0, 
0, 0, 0, 
0, 0, 0, 
0, 0, 0, 
0, 0, 0, 
0, 0, 0, 
0, 0, 0, 
0, 0, 0, 
0, 0, 0, 
0, 0, 0, 
0, 0, 0, 
0, 0, 0, 
0, 0, 0, 
0, 0, 0, 
0, 0, 0, 
0, 0, 0, 
0, 0, 0, 
0, 0, 0, 
0, 0, 0, 
0, 0, 0, 
0, 0, 0, 
0, 0, 0, 
0, 0, 0, 
0, 0, 0, 
0, 0, 0, 
0, 0, 0, 
0, 0, 0, 
0, 0, 0, 
0, 0, 0, 
0, 0, 0, 
0, 0, 0, 
]);
var flaggu = new Float32Array([
0.198739, 0.86094, 
0.198739, 0.86094, 
0.198739, 0.86094, 
0.198739, 0.86094, 
0.198739, 0.86094, 
0.198739, 0.86094, 
0.198739, 0.86094, 
0.198739, 0.86094, 
0.198739, 0.86094, 
0.198739, 0.86094, 
0.198739, 0.86094, 
0.198739, 0.86094, 
0.198739, 0.86094, 
0.198739, 0.86094, 
0.198739, 0.86094, 
0.198739, 0.86094, 
0.198739, 0.86094, 
0.198739, 0.86094, 
0.198739, 0.86094, 
0.198739, 0.86094, 
0.198739, 0.86094, 
0.198739, 0.86094, 
0.198739, 0.86094, 
0.198739, 0.86094, 
0.400945, 0.893262, 
0.400945, 0.893262, 
0.400945, 0.893262, 
0.198739, 0.86094, 
0.198739, 0.86094, 
0.198739, 0.86094, 
0.198739, 0.86094, 
0.198739, 0.86094, 
0.198739, 0.86094, 
0.198739, 0.86094, 
0.198739, 0.86094, 
0.198739, 0.86094, 
0.198739, 0.86094, 
0.198739, 0.86094, 
0.198739, 0.86094, 
0.198739, 0.86094, 
0.198739, 0.86094, 
0.198739, 0.86094, 
0.198739, 0.86094, 
0.198739, 0.86094, 
0.198739, 0.86094, 
0.198739, 0.86094, 
0.198739, 0.86094, 
0.198739, 0.86094, 
0.198739, 0.86094, 
0.198739, 0.86094, 
0.198739, 0.86094, 
0.198739, 0.86094, 
0.198739, 0.86094, 
0.198739, 0.86094, 
0.198739, 0.86094, 
0.198739, 0.86094, 
0.198739, 0.86094, 
0.198739, 0.86094, 
0.198739, 0.86094, 
0.198739, 0.86094, 
0.198739, 0.86094, 
0.198739, 0.86094, 
0.198739, 0.86094, 
0.198739, 0.86094, 
0.198739, 0.86094, 
0.198739, 0.86094, 
0.198739, 0.86094, 
0.198739, 0.86094, 
0.198739, 0.86094, 
0.198739, 0.86094, 
0.198739, 0.86094, 
0.198739, 0.86094, 
0.198739, 0.86094, 
0.198739, 0.86094, 
0.198739, 0.86094, 
0.198739, 0.86094, 
0.198739, 0.86094, 
0.198739, 0.86094, 
0.198739, 0.86094, 
0.198739, 0.86094, 
0.198739, 0.86094, 
0.198739, 0.86094, 
0.198739, 0.86094, 
0.198739, 0.86094, 
0.198739, 0.86094, 
0.198739, 0.86094, 
0.198739, 0.86094, 
0.198739, 0.86094, 
0.198739, 0.86094, 
0.198739, 0.86094, 
0.198739, 0.86094, 
0.198739, 0.86094, 
0.198739, 0.86094, 
0.198739, 0.86094, 
0.198739, 0.86094, 
0.198739, 0.86094, 
0.198739, 0.86094, 
0.198739, 0.86094, 
0.198739, 0.86094, 
0.198739, 0.86094, 
0.198739, 0.86094, 
0.198739, 0.86094, 
0.198739, 0.86094, 
0.198739, 0.86094, 
0.198739, 0.86094, 
0.198739, 0.86094, 
0.198739, 0.86094, 
0.198739, 0.86094, 
0.198739, 0.86094, 
0.198739, 0.86094, 
0.198739, 0.86094, 
0.198739, 0.86094, 
0.198739, 0.86094, 
0.198739, 0.86094, 
0.198739, 0.86094, 
0.198739, 0.86094, 
0.198739, 0.86094, 
0.198739, 0.86094, 
0.198739, 0.86094, 
0.198739, 0.86094, 
0.198739, 0.86094, 
0.198739, 0.86094, 
0.198739, 0.86094, 
0.198739, 0.86094, 
0.198739, 0.86094, 
0.198739, 0.86094, 
0.198739, 0.86094, 
0.198739, 0.86094, 
0.198739, 0.86094, 
0.198739, 0.86094, 
0.198739, 0.86094, 
0.198739, 0.86094, 
0.198739, 0.86094, 
0.198739, 0.86094, 
0.198739, 0.86094, 
0.198739, 0.86094, 
0.198739, 0.86094, 
0.198739, 0.86094, 
0.198739, 0.86094, 
0.198739, 0.86094, 
0.198739, 0.86094, 
0.198739, 0.86094, 
0.198739, 0.86094, 
0.198739, 0.86094, 
0.198739, 0.86094, 
0.198739, 0.86094, 
0.198739, 0.86094, 
0.198739, 0.86094, 
0.198739, 0.86094, 
0.198739, 0.86094, 
0.198739, 0.86094, 
0.198739, 0.86094, 
0.198739, 0.86094, 
0.198739, 0.86094, 
0.198739, 0.86094, 
0.198739, 0.86094, 
0.198739, 0.86094, 
0.198739, 0.86094, 
0.198739, 0.86094, 
0.198739, 0.86094, 
0.198739, 0.86094, 
0.198739, 0.86094, 
0.198739, 0.86094, 
0.198739, 0.86094, 
0.198739, 0.86094, 
0.198739, 0.86094, 
0.198739, 0.86094, 
0.198739, 0.86094, 
0.198739, 0.86094, 
0.198739, 0.86094, 
0.198739, 0.86094, 
0.198739, 0.86094, 
0.198739, 0.86094, 
0.198739, 0.86094, 
0.198739, 0.86094, 
0.198739, 0.86094, 
0.198739, 0.86094, 
0.198739, 0.86094, 
0.198739, 0.86094, 
0.198739, 0.86094, 
0.198739, 0.86094, 
0.198739, 0.86094, 
0.198739, 0.86094, 
0.198739, 0.86094, 
0.198739, 0.86094, 
0.198739, 0.86094, 
0.198739, 0.86094, 
0.198739, 0.86094, 
0.198739, 0.86094, 
0.198739, 0.86094, 
0.198739, 0.86094, 
0.198739, 0.86094, 
0.198739, 0.86094, 
0.198739, 0.86094, 
0.198739, 0.86094, 
0.198739, 0.86094, 
0.198739, 0.86094, 
0.198739, 0.86094, 
0.198739, 0.86094, 
0.198739, 0.86094, 
0.198739, 0.86094, 
0.198739, 0.86094, 
0.198739, 0.86094, 
0.198739, 0.86094, 
0.198739, 0.86094, 
0.198739, 0.86094, 
0.198739, 0.86094, 
0.400945, 0.893262, 
0.400945, 0.893262, 
0.400945, 0.893262, 
0.198739, 0.86094, 
0.198739, 0.86094, 
0.198739, 0.86094, 
0.198739, 0.86094, 
0.198739, 0.86094, 
0.198739, 0.86094, 
0.198739, 0.86094, 
0.198739, 0.86094, 
0.198739, 0.86094, 
0.198739, 0.86094, 
0.198739, 0.86094, 
0.198739, 0.86094, 
0.198739, 0.86094, 
0.198739, 0.86094, 
0.198739, 0.86094, 
0.198739, 0.86094, 
0.198739, 0.86094, 
0.198739, 0.86094, 
0.198739, 0.86094, 
0.198739, 0.86094, 
0.198739, 0.86094, 
0.198739, 0.86094, 
0.198739, 0.86094, 
0.198739, 0.86094, 
0.198739, 0.86094, 
0.198739, 0.86094, 
0.198739, 0.86094, 
0.06168, 0.720293, 
0.356441, 0.860706, 
0.060441, 0.858044, 
0.371993, 0.99991, 
0.033922, 0.859688, 
0.374407, 0.863316, 
0.198739, 0.86094, 
0.198739, 0.86094, 
0.198739, 0.86094, 
0.198739, 0.86094, 
0.198739, 0.86094, 
0.198739, 0.86094, 
0.198739, 0.86094, 
0.198739, 0.86094, 
0.198739, 0.86094, 
0.198739, 0.86094, 
0.198739, 0.86094, 
0.198739, 0.86094, 
0.198739, 0.86094, 
0.198739, 0.86094, 
0.198739, 0.86094, 
0.198739, 0.86094, 
0.198739, 0.86094, 
0.198739, 0.86094, 
0.198739, 0.86094, 
0.198739, 0.86094, 
0.198739, 0.86094, 
0.198739, 0.86094, 
0.198739, 0.86094, 
0.198739, 0.86094, 
0.198739, 0.86094, 
0.198739, 0.86094, 
0.198739, 0.86094, 
0.198739, 0.86094, 
0.198739, 0.86094, 
0.198739, 0.86094, 
0.198739, 0.86094, 
0.198739, 0.86094, 
0.198739, 0.86094, 
0.198739, 0.86094, 
0.198739, 0.86094, 
0.198739, 0.86094, 
0.198739, 0.86094, 
0.198739, 0.86094, 
0.198739, 0.86094, 
0.198739, 0.86094, 
0.198739, 0.86094, 
0.198739, 0.86094, 
0.198739, 0.86094, 
0.198739, 0.86094, 
0.198739, 0.86094, 
0.400945, 0.893262, 
0.400945, 0.893262, 
0.400945, 0.893262, 
0.400945, 0.893262, 
0.400945, 0.893262, 
0.400945, 0.893262, 
0.400945, 0.893262, 
0.400945, 0.893262, 
0.400945, 0.893262, 
0.400945, 0.893262, 
0.400945, 0.893262, 
0.400945, 0.893262, 
0.374407, 0.863316, 
0.036336, 0.723094, 
0.376822, 0.726721, 
0.400945, 0.893262, 
0.400945, 0.893262, 
0.400945, 0.893262, 
0.060441, 0.858044, 
0.355202, 0.998457, 
0.059202, 0.995794, 
0.400945, 0.893262, 
0.400945, 0.893262, 
0.400945, 0.893262, 
0.198739, 0.86094, 
0.198739, 0.86094, 
0.198739, 0.86094, 
0.198739, 0.86094, 
0.198739, 0.86094, 
0.198739, 0.86094, 
0.198739, 0.86094, 
0.198739, 0.86094, 
0.198739, 0.86094, 
0.198739, 0.86094, 
0.198739, 0.86094, 
0.198739, 0.86094, 
0.198739, 0.86094, 
0.198739, 0.86094, 
0.198739, 0.86094, 
0.198739, 0.86094, 
0.198739, 0.86094, 
0.198739, 0.86094, 
0.198739, 0.86094, 
0.198739, 0.86094, 
0.198739, 0.86094, 
0.198739, 0.86094, 
0.198739, 0.86094, 
0.198739, 0.86094, 
0.400945, 0.893262, 
0.400945, 0.893262, 
0.400945, 0.893262, 
0.198739, 0.86094, 
0.198739, 0.86094, 
0.198739, 0.86094, 
0.198739, 0.86094, 
0.198739, 0.86094, 
0.198739, 0.86094, 
0.198739, 0.86094, 
0.198739, 0.86094, 
0.198739, 0.86094, 
0.198739, 0.86094, 
0.198739, 0.86094, 
0.198739, 0.86094, 
0.198739, 0.86094, 
0.198739, 0.86094, 
0.198739, 0.86094, 
0.198739, 0.86094, 
0.198739, 0.86094, 
0.198739, 0.86094, 
0.198739, 0.86094, 
0.198739, 0.86094, 
0.198739, 0.86094, 
0.198739, 0.86094, 
0.198739, 0.86094, 
0.198739, 0.86094, 
0.198739, 0.86094, 
0.198739, 0.86094, 
0.198739, 0.86094, 
0.198739, 0.86094, 
0.198739, 0.86094, 
0.198739, 0.86094, 
0.198739, 0.86094, 
0.198739, 0.86094, 
0.198739, 0.86094, 
0.198739, 0.86094, 
0.198739, 0.86094, 
0.198739, 0.86094, 
0.198739, 0.86094, 
0.198739, 0.86094, 
0.198739, 0.86094, 
0.198739, 0.86094, 
0.198739, 0.86094, 
0.198739, 0.86094, 
0.198739, 0.86094, 
0.198739, 0.86094, 
0.198739, 0.86094, 
0.198739, 0.86094, 
0.198739, 0.86094, 
0.198739, 0.86094, 
0.198739, 0.86094, 
0.198739, 0.86094, 
0.198739, 0.86094, 
0.198739, 0.86094, 
0.198739, 0.86094, 
0.198739, 0.86094, 
0.198739, 0.86094, 
0.198739, 0.86094, 
0.198739, 0.86094, 
0.198739, 0.86094, 
0.198739, 0.86094, 
0.198739, 0.86094, 
0.198739, 0.86094, 
0.198739, 0.86094, 
0.198739, 0.86094, 
0.198739, 0.86094, 
0.198739, 0.86094, 
0.198739, 0.86094, 
0.198739, 0.86094, 
0.198739, 0.86094, 
0.198739, 0.86094, 
0.198739, 0.86094, 
0.198739, 0.86094, 
0.198739, 0.86094, 
0.198739, 0.86094, 
0.198739, 0.86094, 
0.198739, 0.86094, 
0.198739, 0.86094, 
0.198739, 0.86094, 
0.198739, 0.86094, 
0.198739, 0.86094, 
0.198739, 0.86094, 
0.198739, 0.86094, 
0.198739, 0.86094, 
0.198739, 0.86094, 
0.198739, 0.86094, 
0.198739, 0.86094, 
0.198739, 0.86094, 
0.198739, 0.86094, 
0.198739, 0.86094, 
0.198739, 0.86094, 
0.198739, 0.86094, 
0.198739, 0.86094, 
0.198739, 0.86094, 
0.198739, 0.86094, 
0.198739, 0.86094, 
0.198739, 0.86094, 
0.198739, 0.86094, 
0.198739, 0.86094, 
0.198739, 0.86094, 
0.198739, 0.86094, 
0.198739, 0.86094, 
0.198739, 0.86094, 
0.198739, 0.86094, 
0.198739, 0.86094, 
0.198739, 0.86094, 
0.198739, 0.86094, 
0.198739, 0.86094, 
0.198739, 0.86094, 
0.198739, 0.86094, 
0.198739, 0.86094, 
0.198739, 0.86094, 
0.198739, 0.86094, 
0.198739, 0.86094, 
0.198739, 0.86094, 
0.198739, 0.86094, 
0.198739, 0.86094, 
0.198739, 0.86094, 
0.198739, 0.86094, 
0.198739, 0.86094, 
0.198739, 0.86094, 
0.198739, 0.86094, 
0.198739, 0.86094, 
0.198739, 0.86094, 
0.198739, 0.86094, 
0.198739, 0.86094, 
0.198739, 0.86094, 
0.198739, 0.86094, 
0.198739, 0.86094, 
0.198739, 0.86094, 
0.198739, 0.86094, 
0.198739, 0.86094, 
0.198739, 0.86094, 
0.198739, 0.86094, 
0.198739, 0.86094, 
0.198739, 0.86094, 
0.198739, 0.86094, 
0.198739, 0.86094, 
0.198739, 0.86094, 
0.198739, 0.86094, 
0.198739, 0.86094, 
0.198739, 0.86094, 
0.198739, 0.86094, 
0.198739, 0.86094, 
0.198739, 0.86094, 
0.198739, 0.86094, 
0.198739, 0.86094, 
0.198739, 0.86094, 
0.198739, 0.86094, 
0.198739, 0.86094, 
0.198739, 0.86094, 
0.198739, 0.86094, 
0.198739, 0.86094, 
0.198739, 0.86094, 
0.198739, 0.86094, 
0.198739, 0.86094, 
0.198739, 0.86094, 
0.198739, 0.86094, 
0.198739, 0.86094, 
0.198739, 0.86094, 
0.198739, 0.86094, 
0.198739, 0.86094, 
0.198739, 0.86094, 
0.198739, 0.86094, 
0.198739, 0.86094, 
0.198739, 0.86094, 
0.198739, 0.86094, 
0.198739, 0.86094, 
0.198739, 0.86094, 
0.198739, 0.86094, 
0.198739, 0.86094, 
0.198739, 0.86094, 
0.198739, 0.86094, 
0.198739, 0.86094, 
0.198739, 0.86094, 
0.198739, 0.86094, 
0.198739, 0.86094, 
0.198739, 0.86094, 
0.198739, 0.86094, 
0.198739, 0.86094, 
0.198739, 0.86094, 
0.198739, 0.86094, 
0.400945, 0.893262, 
0.400945, 0.893262, 
0.400945, 0.893262, 
0.198739, 0.86094, 
0.198739, 0.86094, 
0.198739, 0.86094, 
0.198739, 0.86094, 
0.198739, 0.86094, 
0.198739, 0.86094, 
0.198739, 0.86094, 
0.198739, 0.86094, 
0.198739, 0.86094, 
0.198739, 0.86094, 
0.198739, 0.86094, 
0.198739, 0.86094, 
0.198739, 0.86094, 
0.198739, 0.86094, 
0.198739, 0.86094, 
0.198739, 0.86094, 
0.198739, 0.86094, 
0.198739, 0.86094, 
0.198739, 0.86094, 
0.198739, 0.86094, 
0.198739, 0.86094, 
0.198739, 0.86094, 
0.198739, 0.86094, 
0.198739, 0.86094, 
0.198739, 0.86094, 
0.198739, 0.86094, 
0.198739, 0.86094, 
0.06168, 0.720293, 
0.35768, 0.722956, 
0.356441, 0.860706, 
0.371993, 0.99991, 
0.031507, 0.996283, 
0.033922, 0.859688, 
0.198739, 0.86094, 
0.198739, 0.86094, 
0.198739, 0.86094, 
0.198739, 0.86094, 
0.198739, 0.86094, 
0.198739, 0.86094, 
0.198739, 0.86094, 
0.198739, 0.86094, 
0.198739, 0.86094, 
0.198739, 0.86094, 
0.198739, 0.86094, 
0.198739, 0.86094, 
0.198739, 0.86094, 
0.198739, 0.86094, 
0.198739, 0.86094, 
0.198739, 0.86094, 
0.198739, 0.86094, 
0.198739, 0.86094, 
0.198739, 0.86094, 
0.198739, 0.86094, 
0.198739, 0.86094, 
0.198739, 0.86094, 
0.198739, 0.86094, 
0.198739, 0.86094, 
0.198739, 0.86094, 
0.198739, 0.86094, 
0.198739, 0.86094, 
0.198739, 0.86094, 
0.198739, 0.86094, 
0.198739, 0.86094, 
0.198739, 0.86094, 
0.198739, 0.86094, 
0.198739, 0.86094, 
0.198739, 0.86094, 
0.198739, 0.86094, 
0.198739, 0.86094, 
0.198739, 0.86094, 
0.198739, 0.86094, 
0.198739, 0.86094, 
0.198739, 0.86094, 
0.198739, 0.86094, 
0.198739, 0.86094, 
0.198739, 0.86094, 
0.198739, 0.86094, 
0.198739, 0.86094, 
0.400945, 0.893262, 
0.400945, 0.893262, 
0.400945, 0.893262, 
0.400945, 0.893262, 
0.400945, 0.893262, 
0.400945, 0.893262, 
0.400945, 0.893262, 
0.400945, 0.893262, 
0.400945, 0.893262, 
0.400945, 0.893262, 
0.400945, 0.893262, 
0.400945, 0.893262, 
0.374407, 0.863316, 
0.033922, 0.859688, 
0.036336, 0.723094, 
0.400945, 0.893262, 
0.400945, 0.893262, 
0.400945, 0.893262, 
0.060441, 0.858044, 
0.356441, 0.860706, 
0.355202, 0.998457, 
0.400945, 0.893262, 
0.400945, 0.893262, 
0.400945, 0.893262, 
0, 0, 
0, 0, 
0, 0, 
0, 0, 
0, 0, 
0, 0, 
0, 0, 
0, 0, 
0, 0, 
0, 0, 
0, 0, 
0, 0, 
0, 0, 
0, 0, 
0, 0, 
0, 0, 
0, 0, 
0, 0, 
0, 0, 
0, 0, 
0, 0, 
0, 0, 
0, 0, 
0, 0, 
0, 0, 
0, 0, 
0, 0, 
0, 0, 
0, 0, 
0, 0, 
0, 0, 
0, 0, 
0, 0, 
0, 0, 
0, 0, 
0, 0, 
0, 0, 
0, 0, 
0, 0, 
0, 0, 
0, 0, 
0, 0, 
0, 0, 
0, 0, 
0, 0, 
0, 0, 
0, 0, 
0, 0, 
0, 0, 
0, 0, 
0, 0, 
0, 0, 
0, 0, 
0, 0, 
0, 0, 
0, 0, 
0, 0, 
0, 0, 
0, 0, 
0, 0, 
0, 0, 
0, 0, 
0, 0, 
0, 0, 
0, 0, 
0, 0, 
0, 0, 
0, 0, 
0, 0, 
0, 0, 
0, 0, 
0, 0, 
0, 0, 
0, 0, 
0, 0, 
0, 0, 
0, 0, 
0, 0, 
0, 0, 
0, 0, 
0, 0, 
0, 0, 
0, 0, 
0, 0, 
0, 0, 
0, 0, 
0, 0, 
0, 0, 
0, 0, 
0, 0, 
0, 0, 
0, 0, 
0, 0, 
0, 0, 
0, 0, 
0, 0, 
0, 0, 
0, 0, 
0, 0, 
0, 0, 
0, 0, 
0, 0, 
0, 0, 
0, 0, 
0, 0, 
0, 0, 
0, 0, 
0, 0, 
0, 0, 
0, 0, 
0, 0, 
0, 0, 
0, 0, 
0, 0, 
0, 0, 
0, 0, 
0, 0, 
0, 0, 
0, 0, 
0, 0, 
0, 0, 
0, 0, 
0, 0, 
0, 0, 
0, 0, 
0, 0, 
0, 0, 
0, 0, 
0, 0, 
0, 0, 
0, 0, 
0, 0, 
0, 0, 
0, 0, 
0, 0, 
0, 0, 
0, 0, 
0, 0, 
0, 0, 
0, 0, 
0, 0, 
0, 0, 
0, 0, 
0, 0, 
0, 0, 
0, 0, 
0, 0, 
0, 0, 
0, 0, 
0, 0, 
0, 0, 
0, 0, 
0, 0, 
0, 0, 
0, 0, 
0, 0, 
0, 0, 
0, 0, 
0, 0, 
0, 0, 
0, 0, 
0, 0, 
0, 0, 
0, 0, 
0, 0, 
0, 0, 
0, 0, 
0, 0, 
0, 0, 
0, 0, 
0, 0, 
0, 0, 
0, 0, 
0, 0, 
0, 0, 
0, 0, 
0, 0, 
0, 0, 
0, 0, 
0, 0, 
0, 0, 
0, 0, 
0, 0, 
0, 0, 
0, 0, 
0, 0, 
0, 0, 
0, 0, 
0, 0, 
0, 0, 
0, 0, 
0, 0, 
0, 0, 
0, 0, 
0, 0, 
0, 0, 
0, 0, 
0, 0, 
0, 0, 
0, 0, 
0, 0, 
0, 0, 
0, 0, 
0, 0, 
0, 0, 
0, 0, 
0, 0, 
0, 0, 
0, 0, 
0, 0, 
0, 0, 
0, 0, 
0, 0, 
0, 0, 
0, 0, 
0, 0, 
0, 0, 
0, 0, 
0, 0, 
0, 0, 
0, 0, 
0, 0, 
0, 0, 
0, 0, 
0, 0, 
0, 0, 
0, 0, 
0, 0, 
0, 0, 
0, 0, 
0, 0, 
0, 0, 
0, 0, 
0, 0, 
0, 0, 
0, 0, 
0, 0, 
0, 0, 
0, 0, 
0, 0, 
0, 0, 
0, 0, 
0, 0, 
0, 0, 
0, 0, 
0, 0, 
0, 0, 
0, 0, 
0, 0, 
0, 0, 
0, 0, 
0, 0, 
0, 0, 
0, 0, 
0, 0, 
0, 0, 
0, 0, 
0, 0, 
0, 0, 
0, 0, 
0, 0, 
0, 0, 
0, 0, 
0, 0, 
0, 0, 
0, 0, 
0, 0, 
0, 0, 
0, 0, 
0, 0, 
0, 0, 
0, 0, 
0, 0, 
0, 0, 
0, 0, 
0, 0, 
0, 0, 
0, 0, 
0, 0, 
0, 0, 
0, 0, 
0, 0, 
0, 0, 
0, 0, 
0, 0, 
0, 0, 
0, 0, 
0, 0, 
0, 0, 
0, 0, 
0, 0, 
0, 0, 
0, 0, 
0, 0, 
0, 0, 
0, 0, 
0, 0, 
0, 0, 
0, 0, 
0, 0, 
0, 0, 
0, 0, 
0, 0, 
0, 0, 
0, 0, 
0, 0, 
0, 0, 
0, 0, 
0, 0, 
0, 0, 
0, 0, 
0, 0, 
0, 0, 
0, 0, 
0, 0, 
0, 0, 
0, 0, 
0, 0, 
0, 0, 
0, 0, 
0, 0, 
0, 0, 
0, 0, 
0, 0, 
0, 0, 
0, 0, 
0, 0, 
0, 0, 
0, 0, 
0, 0, 
0, 0, 
0, 0, 
0, 0, 
0, 0, 
0, 0, 
0, 0, 
0, 0, 
0, 0, 
0, 0, 
0, 0, 
0, 0, 
0, 0, 
0, 0, 
0, 0, 
0, 0, 
0, 0, 
0, 0, 
0, 0, 
0, 0, 
0, 0, 
0, 0, 
0, 0, 
0, 0, 
0, 0, 
0, 0, 
0, 0, 
0, 0, 
0, 0, 
0, 0, 
0, 0, 
0, 0, 
0, 0, 
0, 0, 
0, 0, 
0, 0, 
0, 0, 
0, 0, 
0, 0, 
0, 0, 
0, 0, 
0, 0, 
0, 0, 
0, 0, 
0, 0, 
0, 0, 
0, 0, 
0, 0, 
0, 0, 
0, 0, 
0, 0, 
0, 0, 
0, 0, 
0, 0, 
0, 0, 
0, 0, 
0, 0, 
0, 0, 
0, 0, 
0, 0, 
0, 0, 
0, 0, 
0, 0, 
0, 0, 
0, 0, 
0, 0, 
0, 0, 
0, 0, 
0, 0, 
0, 0, 
0, 0, 
0, 0, 
0, 0, 
0, 0, 
0, 0, 
0, 0, 
0, 0, 
0, 0, 
0, 0, 
0, 0, 
0, 0, 
0, 0, 
0, 0, 
0, 0, 
0, 0, 
0, 0, 
0, 0, 
0, 0, 
0, 0, 
0, 0, 
0, 0, 
0, 0, 
0, 0, 
0, 0, 
0, 0, 
0, 0, 
0, 0, 
0, 0, 
0, 0, 
0, 0, 
0, 0, 
0, 0, 
0, 0, 
0, 0, 
0, 0, 
0, 0, 
0, 0, 
0, 0, 
0, 0, 
0, 0, 
0, 0, 
0, 0, 
0, 0, 
0, 0, 
0, 0, 
0, 0, 
0, 0, 
0, 0, 
0, 0, 
0, 0, 
0, 0, 
0, 0, 
0, 0, 
0, 0, 
0, 0, 
0, 0, 
0, 0, 
0, 0, 
0, 0, 
0, 0, 
0, 0, 
0, 0, 
0, 0, 
0, 0, 
0, 0, 
0, 0, 
0, 0, 
0, 0, 
0, 0, 
0, 0, 
0, 0, 
0, 0, 
0, 0, 
0, 0, 
0, 0, 
0, 0, 
0, 0, 
0, 0, 
0, 0, 
0, 0, 
0, 0, 
0, 0, 
0, 0, 
0, 0, 
0, 0, 
0, 0, 
0, 0, 
0, 0, 
0, 0, 
0, 0, 
0, 0, 
0, 0, 
0, 0, 
0, 0, 
0, 0, 
0, 0, 
0, 0, 
0, 0, 
0, 0, 
0, 0, 
0, 0, 
0, 0, 
0, 0, 
0, 0, 
0, 0, 
0, 0, 
0, 0, 
0, 0, 
0, 0, 
0, 0, 
0, 0, 
0, 0, 
0, 0, 
0, 0, 
0, 0, 
0, 0, 
0, 0, 
0, 0, 
0, 0, 
0, 0, 
0, 0, 
0, 0, 
0, 0, 
0, 0, 
0, 0, 
0, 0, 
0, 0, 
0, 0, 
0, 0, 
0, 0, 
0, 0, 
0, 0, 
0, 0, 
0, 0, 
0, 0, 
0, 0, 
0, 0, 
0, 0, 
0, 0, 
0, 0, 
0, 0, 
0, 0, 
0, 0, 
0, 0, 
0, 0, 
0, 0, 
0, 0, 
0, 0, 
0, 0, 
0, 0, 
0, 0, 
0, 0, 
0, 0, 
0, 0, 
0, 0, 
0, 0, 
0, 0, 
0, 0, 
0, 0, 
0, 0, 
0, 0, 
0, 0, 
0, 0, 
0, 0, 
0, 0, 
0, 0, 
0, 0, 
0, 0, 
0, 0, 
0, 0, 
0, 0, 
0, 0, 
0, 0, 
0, 0, 
0, 0, 
0, 0, 
0, 0, 
0, 0, 
0, 0, 
0, 0, 
0, 0, 
0, 0, 
0, 0, 
0, 0, 
0, 0, 
0, 0, 
0, 0, 
0, 0, 
0, 0, 
0, 0, 
0, 0, 
0, 0, 
0, 0, 
0, 0, 
0, 0, 
0, 0, 
0, 0, 
0, 0, 
0, 0, 
0, 0, 
0, 0, 
0, 0, 
0, 0, 
0, 0, 
0, 0, 
0, 0, 
0, 0, 
0, 0, 
0, 0, 
0, 0, 
0, 0, 
0, 0, 
0, 0, 
0, 0, 
0, 0, 
0, 0, 
0, 0, 
0, 0, 
0, 0, 
0, 0, 
0, 0, 
0, 0, 
0, 0, 
0, 0, 
0, 0, 
0, 0, 
0, 0, 
0, 0, 
0, 0, 
0, 0, 
0, 0, 
0, 0, 
0, 0, 
0, 0, 
0, 0, 
0, 0, 
0, 0, 
0, 0, 
0, 0, 
0, 0, 
0, 0, 
0, 0, 
0, 0, 
0, 0, 
0, 0, 
0, 0, 
0, 0, 
0, 0, 
0, 0, 
0, 0, 
0, 0, 
0, 0, 
0, 0, 
0, 0, 
0, 0, 
0, 0, 
0, 0, 
0, 0, 
0, 0, 
0, 0, 
0, 0, 
0, 0, 
0, 0, 
0, 0, 
0, 0, 
0, 0, 
0, 0, 
0, 0, 
0, 0, 
0, 0, 
0, 0, 
0, 0, 
0, 0, 
0, 0, 
0, 0, 
0, 0, 
0, 0, 
0, 0, 
0, 0, 
0, 0, 
0, 0, 
0, 0, 
0, 0, 
0, 0, 
0, 0, 
0, 0, 
0, 0, 
0, 0, 
0, 0, 
0, 0, 
0, 0, 
0, 0, 
0, 0, 
0, 0, 
0, 0, 
0, 0, 
0, 0, 
0, 0, 
0, 0, 
0, 0, 
0, 0, 
0, 0, 
0, 0, 
0, 0, 
0, 0, 
0, 0, 
0, 0, 
0, 0, 
0, 0, 
0, 0, 
0, 0, 
0, 0, 
0, 0, 
0, 0, 
0, 0, 
0, 0, 
0, 0, 
0, 0, 
0, 0, 
0, 0, 
0, 0, 
0, 0, 
0, 0, 
0, 0, 
0, 0, 
0, 0, 
0, 0, 
0, 0, 
0, 0, 
0, 0, 
0, 0, 
0, 0, 
0, 0, 
0, 0, 
0, 0, 
0, 0, 
0, 0, 
0, 0, 
0, 0, 
0, 0, 
0, 0, 
0, 0, 
0, 0, 
0, 0, 
0, 0, 
0, 0, 
0, 0, 
0, 0, 
0, 0, 
0, 0, 
0, 0, 
0, 0, 
0, 0, 
0, 0, 
0, 0, 
0, 0, 
0, 0, 
0, 0, 
0, 0, 
0, 0, 
0, 0, 
0, 0, 
0, 0, 
0, 0, 
0, 0, 
0, 0, 
0, 0, 
0, 0, 
0, 0, 
0, 0, 
0, 0, 
0, 0, 
0, 0, 
0, 0, 
0, 0, 
0, 0, 
0, 0, 
0, 0, 
0, 0, 
0, 0, 
0, 0, 
0, 0, 
0, 0, 
0, 0, 
0, 0, 
0, 0, 
0, 0, 
0, 0, 
0, 0, 
0, 0, 
0, 0, 
0, 0, 
0, 0, 
0, 0, 
0, 0, 
0, 0, 
0, 0, 
0, 0, 
0, 0, 
0, 0, 
0, 0, 
0, 0, 
0, 0, 
0, 0, 
0, 0, 
0, 0, 
0, 0, 
0, 0, 
0, 0, 
0, 0, 
0, 0, 
0, 0, 
0, 0, 
0, 0, 
0, 0, 
0, 0, 
0, 0, 
0, 0, 
0, 0, 
0, 0, 
0, 0, 
0, 0, 
0, 0, 
0, 0, 
0, 0, 
0, 0, 
0, 0, 
0, 0, 
0, 0, 
0, 0, 
0, 0, 
0, 0, 
0, 0, 
0, 0, 
0, 0, 
0, 0, 
0, 0, 
0, 0, 
0, 0, 
0, 0, 
0, 0, 
0, 0, 
0, 0, 
0, 0, 
0, 0, 
0, 0, 
0, 0, 
0, 0, 
0, 0, 
0, 0, 
0, 0, 
0, 0, 
0, 0, 
0, 0, 
0, 0, 
0, 0, 
0, 0, 
0, 0, 
0, 0, 
0, 0, 
0, 0, 
0, 0, 
0, 0, 
0, 0, 
0, 0, 
0, 0, 
0, 0, 
0, 0, 
0, 0, 
0, 0, 
0, 0, 
0, 0, 
0, 0, 
0, 0, 
0, 0, 
0, 0, 
0, 0, 
0, 0, 
0, 0, 
0, 0, 
0, 0, 
0, 0, 
0, 0, 
0, 0, 
0, 0, 
0, 0, 
0, 0, 
0, 0, 
0, 0, 
0, 0, 
0, 0, 
0, 0, 
0, 0, 
0, 0, 
0, 0, 
0, 0, 
0, 0, 
0, 0, 
0, 0, 
0, 0, 
0, 0, 
0, 0, 
0, 0, 
0, 0, 
0, 0, 
0, 0, 
0, 0, 
0, 0, 
0, 0, 
0, 0, 
0, 0, 
0, 0, 
0, 0, 
0, 0, 
0, 0, 
0, 0, 
0, 0, 
0, 0, 
0, 0, 
0, 0, 
0, 0, 
0, 0, 
0, 0, 
0, 0, 
0, 0, 
0, 0, 
0, 0, 
0, 0, 
0, 0, 
0, 0, 
0, 0, 
0, 0, 
0, 0, 
0, 0, 
0, 0, 
0, 0, 
0, 0, 
0, 0, 
0, 0, 
0, 0, 
0, 0, 
0, 0, 
0, 0, 
0, 0, 
0, 0, 
0, 0, 
0, 0, 
0, 0, 
0, 0, 
0, 0, 
0, 0, 
0, 0, 
0, 0, 
0, 0, 
0, 0, 
0, 0, 
0, 0, 
0, 0, 
0, 0, 
0, 0, 
0, 0, 
0, 0, 
0, 0, 
0, 0, 
0, 0, 
0, 0, 
0, 0, 
0, 0, 
0, 0, 
0, 0, 
0, 0, 
0, 0, 
0, 0, 
0, 0, 
0, 0, 
0, 0, 
0, 0, 
0, 0, 
0, 0, 
0, 0, 
0, 0, 
0, 0, 
0, 0, 
0, 0, 
0, 0, 
0, 0, 
0, 0, 
0, 0, 
0, 0, 
0, 0, 
0, 0, 
0, 0, 
0, 0, 
0, 0, 
0, 0, 
0, 0, 
0, 0, 
0, 0, 
0, 0, 
0, 0, 
0, 0, 
0, 0, 
0, 0, 
0, 0, 
0, 0, 
0, 0, 
0, 0, 
0, 0, 
0, 0, 
0, 0, 
0, 0, 
0, 0, 
0, 0, 
0, 0, 
0, 0, 
0, 0, 
0, 0, 
0, 0, 
0, 0, 
0, 0, 
0, 0, 
0, 0, 
0, 0, 
0, 0, 
0, 0, 
0, 0, 
0, 0, 
0, 0, 
0, 0, 
0, 0, 
0, 0, 
0, 0, 
0, 0, 
0, 0, 
0, 0, 
0, 0, 
0, 0, 
0, 0, 
0, 0, 
0, 0, 
0, 0, 
0, 0, 
0, 0, 
0, 0, 
0, 0, 
0, 0, 
0, 0, 
0, 0, 
0, 0, 
0, 0, 
0, 0, 
0, 0, 
0, 0, 
0, 0, 
0, 0, 
0, 0, 
0, 0, 
0, 0, 
0, 0, 
0, 0, 
0, 0, 
0, 0, 
0, 0, 
0, 0, 
0, 0, 
0, 0, 
0, 0, 
0, 0, 
0, 0, 
0, 0, 
0, 0, 
0, 0, 
0, 0, 
0, 0, 
0, 0, 
0, 0, 
0, 0, 
0, 0, 
0, 0, 
0, 0, 
0, 0, 
0, 0, 
0, 0, 
0, 0, 
0, 0, 
0, 0, 
0, 0, 
0, 0, 
0, 0, 
0, 0, 
0, 0, 
0, 0, 
0, 0, 
0, 0, 
0, 0, 
0, 0, 
0, 0, 
0, 0, 
0, 0, 
0, 0, 
0, 0, 
0, 0, 
0, 0, 
0, 0, 
0, 0, 
0, 0, 
0, 0, 
0, 0, 
0, 0, 
0, 0, 
0, 0, 
0, 0, 
0, 0, 
0, 0, 
0, 0, 
0, 0, 
0, 0, 
0, 0, 
0, 0, 
0, 0, 
0, 0, 
0, 0, 
0, 0, 
0, 0, 
0, 0, 
0, 0, 
0, 0, 
0, 0, 
0, 0, 
0, 0, 
0, 0, 
0, 0, 
0, 0, 
0, 0, 
0, 0, 
0, 0, 
0, 0, 
0, 0, 
0, 0, 
0, 0, 
0, 0, 
0, 0, 
0, 0, 
0, 0, 
0, 0, 
0, 0, 
0, 0, 
0, 0, 
0, 0, 
0, 0, 
0, 0, 
0, 0, 
0, 0, 
0, 0, 
0, 0, 
0, 0, 
0, 0, 
0, 0, 
0, 0, 
0, 0, 
0, 0, 
0, 0, 
0, 0, 
0, 0, 
0, 0, 
0, 0, 
0, 0, 
0, 0, 
0, 0, 
0, 0, 
0, 0, 
0, 0, 
0, 0, 
0, 0, 
0, 0, 
0, 0, 
0, 0, 
0, 0, 
0, 0, 
0, 0, 
0, 0, 
0, 0, 
0, 0, 
0, 0, 
0, 0, 
0, 0, 
0, 0, 
0, 0, 
0, 0, 
0, 0, 
0, 0, 
0, 0, 
0, 0, 
0, 0, 
0, 0, 
0, 0, 
0, 0, 
0, 0, 
0, 0, 
0, 0, 
0, 0, 
0, 0, 
0, 0, 
0, 0, 
0, 0, 
0, 0, 
0, 0, 
0, 0, 
0, 0, 
0, 0, 
0, 0, 
0, 0, 
0, 0, 
0, 0, 
0, 0, 
0, 0, 
0, 0, 
0, 0, 
0, 0, 
0, 0, 
0, 0, 
0, 0, 
0, 0, 
0, 0, 
0, 0, 
0, 0, 
0, 0, 
0, 0, 
0, 0, 
0, 0, 
0, 0, 
0, 0, 
0, 0, 
0, 0, 
0, 0, 
0, 0, 
0, 0, 
0, 0, 
0, 0, 
0, 0, 
0, 0, 
0, 0, 
0, 0, 
0, 0, 
0, 0, 
0, 0, 
0, 0, 
0, 0, 
0, 0, 
]);
