var flagbv = new Float32Array([
-0.1, 2, 0.05, 
-0.05, 2, 0.1, 
-0.05, 2, 0.05, 
-0.05, 2, 0.1, 
-0.1, 1, 0.1, 
-0.05, 1, 0.1, 
-0.1, 2, -0.05, 
-0.1, 1, -0.1, 
-0.1, 1, -0.05, 
0.1, -2, 0.05, 
0.05, -2, 0.1, 
0.05, -2, 0.05, 
0.1, 2, 0.05, 
0.1, 1, 0.1, 
0.1, 1, 0.05, 
0.05, 2, -0.1, 
0.1, 1, -0.1, 
0.05, 1, -0.1, 
0.05, 0, -0.1, 
0.1, -1, -0.1, 
0.05, -1, -0.1, 
-0.05, 0, -0.1, 
0, -1, -0.1, 
-0.05, -1, -0.1, 
0.05, 2, -0.1, 
0, 2, -3.10493, 
0, 2, -0.1, 
0.1, 0, 0.05, 
0.1, -1, 0.1, 
0.1, -1, 0.05, 
0.1, 0, -0.05, 
0.1, -1, 0, 
0.1, -1, -0.05, 
0.1, 2, -0.05, 
0.1, 1, 0, 
0.1, 1, -0.05, 
0, -2, 0.05, 
-0.05, -2, 0.1, 
-0.05, -2, 0.05, 
0, -2, -0.05, 
-0.05, -2, 0, 
-0.05, -2, -0.05, 
0.1, -2, -0.05, 
0.05, -2, 0, 
0.05, -2, -0.05, 
-0.1, 0, -0.05, 
-0.1, -1, -0.1, 
-0.1, -1, -0.05, 
-0.1, 0, 0.05, 
-0.1, -1, 0, 
-0.1, -1, 0.05, 
-0.1, 2, 0.05, 
-0.1, 1, 0, 
-0.1, 1, 0.05, 
-0.05, 0, 0.1, 
-0.1, -1, 0.1, 
-0.05, -1, 0.1, 
0.05, 0, 0.1, 
0, -1, 0.1, 
0.05, -1, 0.1, 
0.05, 2, 0.1, 
0, 1, 0.1, 
0.05, 1, 0.1, 
0, 2, 0.05, 
0.05, 2, 0.1, 
0.05, 2, 0.05, 
0, 2, -0.05, 
0.05, 2, 0, 
0.05, 2, -0.05, 
-0.1, 2, -0.05, 
-0.05, 2, 0, 
-0.05, 2, -0.05, 
-0.05, 2, -0.05, 
0, 2, 0, 
0, 2, -0.05, 
-0.05, 2, -0.1, 
0, 2, -0.05, 
0, 2, -0.1, 
-0.1, 2, -0.1, 
-0.05, 2, -0.05, 
-0.05, 2, -0.1, 
0.05, 2, -0.05, 
0.1, 2, 0, 
0.1, 2, -0.05, 
0.05, 2, -0.1, 
0.1, 2, -0.05, 
0.1, 2, -0.1, 
0, 2, -0.1, 
0.05, 2, -0.05, 
0.05, 2, -0.1, 
0.05, 2, 0.05, 
0.1, 2, 0.1, 
0.1, 2, 0.05, 
0.05, 2, 0, 
0.1, 2, 0.05, 
0.1, 2, 0, 
0, 2, 0, 
0.05, 2, 0.05, 
0.05, 2, 0, 
0.05, 1, 0.1, 
0, 0, 0.1, 
0.05, 0, 0.1, 
0.1, 1, 0.1, 
0.05, 0, 0.1, 
0.1, 0, 0.1, 
0.1, 2, 0.1, 
0.05, 1, 0.1, 
0.1, 1, 0.1, 
0.05, -1, 0.1, 
0, -2, 0.1, 
0.05, -2, 0.1, 
0.1, -1, 0.1, 
0.05, -2, 0.1, 
0.1, -2, 0.1, 
0.1, 0, 0.1, 
0.05, -1, 0.1, 
0.1, -1, 0.1, 
-0.05, -1, 0.1, 
-0.1, -2, 0.1, 
-0.05, -2, 0.1, 
0, -1, 0.1, 
-0.05, -2, 0.1, 
0, -2, 0.1, 
0, 0, 0.1, 
-0.05, -1, 0.1, 
0, -1, 0.1, 
-0.1, 1, 0.05, 
-0.1, 0, 0, 
-0.1, 0, 0.05, 
-0.1, 1, 0.1, 
-0.1, 0, 0.05, 
-0.1, 0, 0.1, 
-0.1, 2, 0.1, 
-0.1, 1, 0.05, 
-0.1, 1, 0.1, 
-0.1, -1, 0.05, 
-0.1, -2, 0, 
-0.1, -2, 0.05, 
-0.1, -1, 0.1, 
-0.1, -2, 0.05, 
-0.1, -2, 0.1, 
-0.1, 0, 0.1, 
-0.1, -1, 0.05, 
-0.1, -1, 0.1, 
-0.1, -1, -0.05, 
-0.1, -2, -0.1, 
-0.1, -2, -0.05, 
-0.1, -1, 0, 
-0.1, -2, -0.05, 
-0.1, -2, 0, 
-0.1, 0, 0, 
-0.1, -1, -0.05, 
-0.1, -1, 0, 
0.05, -2, -0.05, 
0, -2, 0, 
0, -2, -0.05, 
0.05, -2, -0.1, 
0, -2, -0.05, 
0, -2, -0.1, 
0.1, -2, -0.1, 
0.05, -2, -0.05, 
0.05, -2, -0.1, 
-0.05, -2, -0.05, 
-0.1, -2, 0, 
-0.1, -2, -0.05, 
-0.05, -2, -0.1, 
-0.1, -2, -0.05, 
-0.1, -2, -0.1, 
0, -2, -0.1, 
-0.05, -2, -0.05, 
-0.05, -2, -0.1, 
-0.05, -2, 0.05, 
-0.1, -2, 0.1, 
-0.1, -2, 0.05, 
-0.05, -2, 0, 
-0.1, -2, 0.05, 
-0.1, -2, 0, 
0, -2, 0, 
-0.05, -2, 0.05, 
-0.05, -2, 0, 
0.1, 1, -0.05, 
0.1, 0, 0, 
0.1, 0, -0.05, 
0.1, 1, -0.1, 
0.1, 0, -0.05, 
0.1, 0, -0.1, 
0.1, 2, -0.1, 
0.1, 1, -0.05, 
0.1, 1, -0.1, 
0.1, -1, -0.05, 
0.1, -2, 0, 
0.1, -2, -0.05, 
0.1, -1, -0.1, 
0.1, -2, -0.05, 
0.1, -2, -0.1, 
0.1, 0, -0.1, 
0.1, -1, -0.05, 
0.1, -1, -0.1, 
0.1, -1, 0.05, 
0.1, -2, 0.1, 
0.1, -2, 0.05, 
0.1, -1, 0, 
0.1, -2, 0.05, 
0.1, -2, 0, 
0.1, 0, 0, 
0.1, -1, 0.05, 
0.1, -1, 0, 
-0.05, 0, -0.1, 
0, 0, -3.10493, 
0, 0, -0.1, 
-0.1, 1, -0.1, 
-0.05, 0, -0.1, 
-0.1, 0, -0.1, 
-0.1, 2, -0.1, 
-0.05, 1, -0.1, 
-0.1, 1, -0.1, 
-0.05, -1, -0.1, 
0, -2, -0.1, 
-0.05, -2, -0.1, 
-0.1, -1, -0.1, 
-0.05, -2, -0.1, 
-0.1, -2, -0.1, 
-0.1, 0, -0.1, 
-0.05, -1, -0.1, 
-0.1, -1, -0.1, 
0.05, -1, -0.1, 
0.1, -2, -0.1, 
0.05, -2, -0.1, 
0, -1, -0.1, 
0.05, -2, -0.1, 
0, -2, -0.1, 
0, 0, -0.1, 
0.05, -1, -0.1, 
0, -1, -0.1, 
0.05, 1, -0.1, 
0.1, 0, -0.1, 
0.05, 0, -0.1, 
-0.05, 2, -0.1, 
-0.05, 1, -3.10493, 
-0.05, 1, -0.1, 
0.05, 0, -0.1, 
0.05, 1, -3.10493, 
0.05, 1, -0.1, 
0.1, 1, 0.05, 
0.1, 0, 0.1, 
0.1, 0, 0.05, 
0.1, 1, 0, 
0.1, 0, 0.05, 
0.1, 0, 0, 
0.1, 2, 0, 
0.1, 1, 0.05, 
0.1, 1, 0, 
0.05, -2, 0.05, 
0, -2, 0.1, 
0, -2, 0.05, 
0.05, -2, 0, 
0, -2, 0.05, 
0, -2, 0, 
0.1, -2, 0, 
0.05, -2, 0.05, 
0.05, -2, 0, 
-0.1, 1, -0.05, 
-0.1, 0, -0.1, 
-0.1, 0, -0.05, 
-0.1, 1, 0, 
-0.1, 0, -0.05, 
-0.1, 0, 0, 
-0.1, 2, 0, 
-0.1, 1, -0.05, 
-0.1, 1, 0, 
-0.05, 1, 0.1, 
-0.1, 0, 0.1, 
-0.05, 0, 0.1, 
0, 1, 0.1, 
-0.05, 0, 0.1, 
0, 0, 0.1, 
0, 2, 0.1, 
-0.05, 1, 0.1, 
0, 1, 0.1, 
-0.05, 2, 0.05, 
0, 2, 0.1, 
0, 2, 0.05, 
-0.05, 2, 0, 
0, 2, 0.05, 
0, 2, 0, 
-0.1, 2, 0, 
-0.05, 2, 0.05, 
-0.05, 2, 0, 
-0.05, 2, -3.10493, 
0, 1, -3.10493, 
-0.05, 1, -3.10493, 
-0.05, 1, -3.10493, 
0, 0, -3.10493, 
-0.05, 0, -3.10493, 
0, 1, -3.10493, 
0.05, 0, -3.10493, 
0, 0, -3.10493, 
0, 2, -3.10493, 
0.05, 1, -3.10493, 
0, 1, -3.10493, 
0.05, 1, -0.1, 
0.05, 2, -3.10493, 
0.05, 2, -0.1, 
0, 0, -0.1, 
0.05, 0, -3.10493, 
0.05, 0, -0.1, 
-0.05, 1, -0.1, 
-0.05, 0, -3.10493, 
-0.05, 0, -0.1, 
0, 2, -0.1, 
-0.05, 2, -3.10493, 
-0.05, 2, -0.1, 
-0.1, 2, 0.05, 
-0.1, 2, 0.1, 
-0.05, 2, 0.1, 
-0.05, 2, 0.1, 
-0.1, 2, 0.1, 
-0.1, 1, 0.1, 
-0.1, 2, -0.05, 
-0.1, 2, -0.1, 
-0.1, 1, -0.1, 
0.1, -2, 0.05, 
0.1, -2, 0.1, 
0.05, -2, 0.1, 
0.1, 2, 0.05, 
0.1, 2, 0.1, 
0.1, 1, 0.1, 
0.05, 2, -0.1, 
0.1, 2, -0.1, 
0.1, 1, -0.1, 
0.05, 0, -0.1, 
0.1, 0, -0.1, 
0.1, -1, -0.1, 
-0.05, 0, -0.1, 
0, 0, -0.1, 
0, -1, -0.1, 
0.05, 2, -0.1, 
0.05, 2, -3.10493, 
0, 2, -3.10493, 
0.1, 0, 0.05, 
0.1, 0, 0.1, 
0.1, -1, 0.1, 
0.1, 0, -0.05, 
0.1, 0, 0, 
0.1, -1, 0, 
0.1, 2, -0.05, 
0.1, 2, 0, 
0.1, 1, 0, 
0, -2, 0.05, 
0, -2, 0.1, 
-0.05, -2, 0.1, 
0, -2, -0.05, 
0, -2, 0, 
-0.05, -2, 0, 
0.1, -2, -0.05, 
0.1, -2, 0, 
0.05, -2, 0, 
-0.1, 0, -0.05, 
-0.1, 0, -0.1, 
-0.1, -1, -0.1, 
-0.1, 0, 0.05, 
-0.1, 0, 0, 
-0.1, -1, 0, 
-0.1, 2, 0.05, 
-0.1, 2, 0, 
-0.1, 1, 0, 
-0.05, 0, 0.1, 
-0.1, 0, 0.1, 
-0.1, -1, 0.1, 
0.05, 0, 0.1, 
0, 0, 0.1, 
0, -1, 0.1, 
0.05, 2, 0.1, 
0, 2, 0.1, 
0, 1, 0.1, 
0, 2, 0.05, 
0, 2, 0.1, 
0.05, 2, 0.1, 
0, 2, -0.05, 
0, 2, 0, 
0.05, 2, 0, 
-0.1, 2, -0.05, 
-0.1, 2, 0, 
-0.05, 2, 0, 
-0.05, 2, -0.05, 
-0.05, 2, 0, 
0, 2, 0, 
-0.05, 2, -0.1, 
-0.05, 2, -0.05, 
0, 2, -0.05, 
-0.1, 2, -0.1, 
-0.1, 2, -0.05, 
-0.05, 2, -0.05, 
0.05, 2, -0.05, 
0.05, 2, 0, 
0.1, 2, 0, 
0.05, 2, -0.1, 
0.05, 2, -0.05, 
0.1, 2, -0.05, 
0, 2, -0.1, 
0, 2, -0.05, 
0.05, 2, -0.05, 
0.05, 2, 0.05, 
0.05, 2, 0.1, 
0.1, 2, 0.1, 
0.05, 2, 0, 
0.05, 2, 0.05, 
0.1, 2, 0.05, 
0, 2, 0, 
0, 2, 0.05, 
0.05, 2, 0.05, 
0.05, 1, 0.1, 
0, 1, 0.1, 
0, 0, 0.1, 
0.1, 1, 0.1, 
0.05, 1, 0.1, 
0.05, 0, 0.1, 
0.1, 2, 0.1, 
0.05, 2, 0.1, 
0.05, 1, 0.1, 
0.05, -1, 0.1, 
0, -1, 0.1, 
0, -2, 0.1, 
0.1, -1, 0.1, 
0.05, -1, 0.1, 
0.05, -2, 0.1, 
0.1, 0, 0.1, 
0.05, 0, 0.1, 
0.05, -1, 0.1, 
-0.05, -1, 0.1, 
-0.1, -1, 0.1, 
-0.1, -2, 0.1, 
0, -1, 0.1, 
-0.05, -1, 0.1, 
-0.05, -2, 0.1, 
0, 0, 0.1, 
-0.05, 0, 0.1, 
-0.05, -1, 0.1, 
-0.1, 1, 0.05, 
-0.1, 1, 0, 
-0.1, 0, 0, 
-0.1, 1, 0.1, 
-0.1, 1, 0.05, 
-0.1, 0, 0.05, 
-0.1, 2, 0.1, 
-0.1, 2, 0.05, 
-0.1, 1, 0.05, 
-0.1, -1, 0.05, 
-0.1, -1, 0, 
-0.1, -2, 0, 
-0.1, -1, 0.1, 
-0.1, -1, 0.05, 
-0.1, -2, 0.05, 
-0.1, 0, 0.1, 
-0.1, 0, 0.05, 
-0.1, -1, 0.05, 
-0.1, -1, -0.05, 
-0.1, -1, -0.1, 
-0.1, -2, -0.1, 
-0.1, -1, 0, 
-0.1, -1, -0.05, 
-0.1, -2, -0.05, 
-0.1, 0, 0, 
-0.1, 0, -0.05, 
-0.1, -1, -0.05, 
0.05, -2, -0.05, 
0.05, -2, 0, 
0, -2, 0, 
0.05, -2, -0.1, 
0.05, -2, -0.05, 
0, -2, -0.05, 
0.1, -2, -0.1, 
0.1, -2, -0.05, 
0.05, -2, -0.05, 
-0.05, -2, -0.05, 
-0.05, -2, 0, 
-0.1, -2, 0, 
-0.05, -2, -0.1, 
-0.05, -2, -0.05, 
-0.1, -2, -0.05, 
0, -2, -0.1, 
0, -2, -0.05, 
-0.05, -2, -0.05, 
-0.05, -2, 0.05, 
-0.05, -2, 0.1, 
-0.1, -2, 0.1, 
-0.05, -2, 0, 
-0.05, -2, 0.05, 
-0.1, -2, 0.05, 
0, -2, 0, 
0, -2, 0.05, 
-0.05, -2, 0.05, 
0.1, 1, -0.05, 
0.1, 1, 0, 
0.1, 0, 0, 
0.1, 1, -0.1, 
0.1, 1, -0.05, 
0.1, 0, -0.05, 
0.1, 2, -0.1, 
0.1, 2, -0.05, 
0.1, 1, -0.05, 
0.1, -1, -0.05, 
0.1, -1, 0, 
0.1, -2, 0, 
0.1, -1, -0.1, 
0.1, -1, -0.05, 
0.1, -2, -0.05, 
0.1, 0, -0.1, 
0.1, 0, -0.05, 
0.1, -1, -0.05, 
0.1, -1, 0.05, 
0.1, -1, 0.1, 
0.1, -2, 0.1, 
0.1, -1, 0, 
0.1, -1, 0.05, 
0.1, -2, 0.05, 
0.1, 0, 0, 
0.1, 0, 0.05, 
0.1, -1, 0.05, 
-0.05, 0, -0.1, 
-0.05, 0, -3.10493, 
0, 0, -3.10493, 
-0.1, 1, -0.1, 
-0.05, 1, -0.1, 
-0.05, 0, -0.1, 
-0.1, 2, -0.1, 
-0.05, 2, -0.1, 
-0.05, 1, -0.1, 
-0.05, -1, -0.1, 
0, -1, -0.1, 
0, -2, -0.1, 
-0.1, -1, -0.1, 
-0.05, -1, -0.1, 
-0.05, -2, -0.1, 
-0.1, 0, -0.1, 
-0.05, 0, -0.1, 
-0.05, -1, -0.1, 
0.05, -1, -0.1, 
0.1, -1, -0.1, 
0.1, -2, -0.1, 
0, -1, -0.1, 
0.05, -1, -0.1, 
0.05, -2, -0.1, 
0, 0, -0.1, 
0.05, 0, -0.1, 
0.05, -1, -0.1, 
0.05, 1, -0.1, 
0.1, 1, -0.1, 
0.1, 0, -0.1, 
-0.05, 2, -0.1, 
-0.05, 2, -3.10493, 
-0.05, 1, -3.10493, 
0.05, 0, -0.1, 
0.05, 0, -3.10493, 
0.05, 1, -3.10493, 
0.1, 1, 0.05, 
0.1, 1, 0.1, 
0.1, 0, 0.1, 
0.1, 1, 0, 
0.1, 1, 0.05, 
0.1, 0, 0.05, 
0.1, 2, 0, 
0.1, 2, 0.05, 
0.1, 1, 0.05, 
0.05, -2, 0.05, 
0.05, -2, 0.1, 
0, -2, 0.1, 
0.05, -2, 0, 
0.05, -2, 0.05, 
0, -2, 0.05, 
0.1, -2, 0, 
0.1, -2, 0.05, 
0.05, -2, 0.05, 
-0.1, 1, -0.05, 
-0.1, 1, -0.1, 
-0.1, 0, -0.1, 
-0.1, 1, 0, 
-0.1, 1, -0.05, 
-0.1, 0, -0.05, 
-0.1, 2, 0, 
-0.1, 2, -0.05, 
-0.1, 1, -0.05, 
-0.05, 1, 0.1, 
-0.1, 1, 0.1, 
-0.1, 0, 0.1, 
0, 1, 0.1, 
-0.05, 1, 0.1, 
-0.05, 0, 0.1, 
0, 2, 0.1, 
-0.05, 2, 0.1, 
-0.05, 1, 0.1, 
-0.05, 2, 0.05, 
-0.05, 2, 0.1, 
0, 2, 0.1, 
-0.05, 2, 0, 
-0.05, 2, 0.05, 
0, 2, 0.05, 
-0.1, 2, 0, 
-0.1, 2, 0.05, 
-0.05, 2, 0.05, 
-0.05, 2, -3.10493, 
0, 2, -3.10493, 
0, 1, -3.10493, 
-0.05, 1, -3.10493, 
0, 1, -3.10493, 
0, 0, -3.10493, 
0, 1, -3.10493, 
0.05, 1, -3.10493, 
0.05, 0, -3.10493, 
0, 2, -3.10493, 
0.05, 2, -3.10493, 
0.05, 1, -3.10493, 
0.05, 1, -0.1, 
0.05, 1, -3.10493, 
0.05, 2, -3.10493, 
0, 0, -0.1, 
0, 0, -3.10493, 
0.05, 0, -3.10493, 
-0.05, 1, -0.1, 
-0.05, 1, -3.10493, 
-0.05, 0, -3.10493, 
0, 2, -0.1, 
0, 2, -3.10493, 
-0.05, 2, -3.10493, 
0, 0, 0, 
0, 0, 0, 
0, 0, 0, 
0, 0, 0, 
0, 0, 0, 
0, 0, 0, 
0, 0, 0, 
0, 0, 0, 
0, 0, 0, 
0, 0, 0, 
0, 0, 0, 
0, 0, 0, 
0, 0, 0, 
0, 0, 0, 
0, 0, 0, 
0, 0, 0, 
0, 0, 0, 
0, 0, 0, 
0, 0, 0, 
0, 0, 0, 
0, 0, 0, 
0, 0, 0, 
0, 0, 0, 
0, 0, 0, 
0, 0, 0, 
0, 0, 0, 
0, 0, 0, 
0, 0, 0, 
0, 0, 0, 
0, 0, 0, 
0, 0, 0, 
0, 0, 0, 
0, 0, 0, 
0, 0, 0, 
0, 0, 0, 
0, 0, 0, 
0, 0, 0, 
0, 0, 0, 
0, 0, 0, 
0, 0, 0, 
0, 0, 0, 
0, 0, 0, 
0, 0, 0, 
0, 0, 0, 
0, 0, 0, 
0, 0, 0, 
0, 0, 0, 
0, 0, 0, 
0, 0, 0, 
0, 0, 0, 
0, 0, 0, 
0, 0, 0, 
0, 0, 0, 
0, 0, 0, 
0, 0, 0, 
0, 0, 0, 
0, 0, 0, 
0, 0, 0, 
0, 0, 0, 
0, 0, 0, 
0, 0, 0, 
0, 0, 0, 
0, 0, 0, 
0, 0, 0, 
0, 0, 0, 
0, 0, 0, 
0, 0, 0, 
0, 0, 0, 
0, 0, 0, 
0, 0, 0, 
0, 0, 0, 
0, 0, 0, 
0, 0, 0, 
0, 0, 0, 
0, 0, 0, 
0, 0, 0, 
0, 0, 0, 
0, 0, 0, 
0, 0, 0, 
0, 0, 0, 
0, 0, 0, 
0, 0, 0, 
0, 0, 0, 
0, 0, 0, 
0, 0, 0, 
0, 0, 0, 
0, 0, 0, 
0, 0, 0, 
0, 0, 0, 
0, 0, 0, 
0, 0, 0, 
0, 0, 0, 
0, 0, 0, 
0, 0, 0, 
0, 0, 0, 
0, 0, 0, 
0, 0, 0, 
0, 0, 0, 
0, 0, 0, 
0, 0, 0, 
0, 0, 0, 
0, 0, 0, 
0, 0, 0, 
0, 0, 0, 
0, 0, 0, 
0, 0, 0, 
0, 0, 0, 
0, 0, 0, 
0, 0, 0, 
0, 0, 0, 
0, 0, 0, 
0, 0, 0, 
0, 0, 0, 
0, 0, 0, 
0, 0, 0, 
0, 0, 0, 
0, 0, 0, 
0, 0, 0, 
0, 0, 0, 
0, 0, 0, 
0, 0, 0, 
0, 0, 0, 
0, 0, 0, 
0, 0, 0, 
0, 0, 0, 
0, 0, 0, 
0, 0, 0, 
0, 0, 0, 
0, 0, 0, 
0, 0, 0, 
0, 0, 0, 
0, 0, 0, 
0, 0, 0, 
0, 0, 0, 
0, 0, 0, 
0, 0, 0, 
0, 0, 0, 
0, 0, 0, 
0, 0, 0, 
0, 0, 0, 
0, 0, 0, 
0, 0, 0, 
0, 0, 0, 
0, 0, 0, 
0, 0, 0, 
0, 0, 0, 
0, 0, 0, 
0, 0, 0, 
0, 0, 0, 
0, 0, 0, 
0, 0, 0, 
0, 0, 0, 
0, 0, 0, 
0, 0, 0, 
0, 0, 0, 
0, 0, 0, 
0, 0, 0, 
0, 0, 0, 
0, 0, 0, 
0, 0, 0, 
0, 0, 0, 
0, 0, 0, 
0, 0, 0, 
0, 0, 0, 
0, 0, 0, 
0, 0, 0, 
0, 0, 0, 
0, 0, 0, 
0, 0, 0, 
0, 0, 0, 
0, 0, 0, 
0, 0, 0, 
0, 0, 0, 
0, 0, 0, 
0, 0, 0, 
0, 0, 0, 
0, 0, 0, 
0, 0, 0, 
0, 0, 0, 
0, 0, 0, 
0, 0, 0, 
0, 0, 0, 
0, 0, 0, 
0, 0, 0, 
0, 0, 0, 
0, 0, 0, 
0, 0, 0, 
0, 0, 0, 
0, 0, 0, 
0, 0, 0, 
0, 0, 0, 
0, 0, 0, 
0, 0, 0, 
0, 0, 0, 
0, 0, 0, 
0, 0, 0, 
0, 0, 0, 
0, 0, 0, 
0, 0, 0, 
0, 0, 0, 
0, 0, 0, 
0, 0, 0, 
0, 0, 0, 
0, 0, 0, 
0, 0, 0, 
0, 0, 0, 
0, 0, 0, 
0, 0, 0, 
0, 0, 0, 
0, 0, 0, 
0, 0, 0, 
0, 0, 0, 
0, 0, 0, 
0, 0, 0, 
0, 0, 0, 
0, 0, 0, 
0, 0, 0, 
0, 0, 0, 
0, 0, 0, 
0, 0, 0, 
0, 0, 0, 
0, 0, 0, 
0, 0, 0, 
0, 0, 0, 
0, 0, 0, 
0, 0, 0, 
0, 0, 0, 
0, 0, 0, 
0, 0, 0, 
0, 0, 0, 
0, 0, 0, 
0, 0, 0, 
0, 0, 0, 
0, 0, 0, 
0, 0, 0, 
0, 0, 0, 
0, 0, 0, 
0, 0, 0, 
0, 0, 0, 
0, 0, 0, 
0, 0, 0, 
0, 0, 0, 
0, 0, 0, 
0, 0, 0, 
0, 0, 0, 
0, 0, 0, 
0, 0, 0, 
0, 0, 0, 
0, 0, 0, 
0, 0, 0, 
0, 0, 0, 
0, 0, 0, 
0, 0, 0, 
0, 0, 0, 
0, 0, 0, 
0, 0, 0, 
0, 0, 0, 
0, 0, 0, 
0, 0, 0, 
0, 0, 0, 
0, 0, 0, 
0, 0, 0, 
0, 0, 0, 
0, 0, 0, 
0, 0, 0, 
0, 0, 0, 
0, 0, 0, 
0, 0, 0, 
0, 0, 0, 
0, 0, 0, 
0, 0, 0, 
0, 0, 0, 
0, 0, 0, 
0, 0, 0, 
0, 0, 0, 
0, 0, 0, 
0, 0, 0, 
0, 0, 0, 
0, 0, 0, 
0, 0, 0, 
0, 0, 0, 
0, 0, 0, 
0, 0, 0, 
0, 0, 0, 
0, 0, 0, 
0, 0, 0, 
0, 0, 0, 
0, 0, 0, 
0, 0, 0, 
0, 0, 0, 
0, 0, 0, 
0, 0, 0, 
0, 0, 0, 
0, 0, 0, 
0, 0, 0, 
0, 0, 0, 
0, 0, 0, 
0, 0, 0, 
0, 0, 0, 
0, 0, 0, 
0, 0, 0, 
0, 0, 0, 
0, 0, 0, 
0, 0, 0, 
0, 0, 0, 
0, 0, 0, 
0, 0, 0, 
0, 0, 0, 
0, 0, 0, 
0, 0, 0, 
0, 0, 0, 
0, 0, 0, 
0, 0, 0, 
0, 0, 0, 
0, 0, 0, 
0, 0, 0, 
0, 0, 0, 
0, 0, 0, 
0, 0, 0, 
0, 0, 0, 
0, 0, 0, 
0, 0, 0, 
0, 0, 0, 
0, 0, 0, 
0, 0, 0, 
0, 0, 0, 
0, 0, 0, 
0, 0, 0, 
0, 0, 0, 
0, 0, 0, 
0, 0, 0, 
0, 0, 0, 
0, 0, 0, 
0, 0, 0, 
0, 0, 0, 
0, 0, 0, 
0, 0, 0, 
0, 0, 0, 
0, 0, 0, 
0, 0, 0, 
0, 0, 0, 
0, 0, 0, 
0, 0, 0, 
0, 0, 0, 
0, 0, 0, 
0, 0, 0, 
0, 0, 0, 
0, 0, 0, 
0, 0, 0, 
0, 0, 0, 
0, 0, 0, 
0, 0, 0, 
0, 0, 0, 
0, 0, 0, 
0, 0, 0, 
0, 0, 0, 
0, 0, 0, 
0, 0, 0, 
0, 0, 0, 
0, 0, 0, 
0, 0, 0, 
0, 0, 0, 
0, 0, 0, 
0, 0, 0, 
0, 0, 0, 
0, 0, 0, 
0, 0, 0, 
0, 0, 0, 
0, 0, 0, 
0, 0, 0, 
0, 0, 0, 
0, 0, 0, 
0, 0, 0, 
0, 0, 0, 
0, 0, 0, 
0, 0, 0, 
0, 0, 0, 
0, 0, 0, 
0, 0, 0, 
0, 0, 0, 
0, 0, 0, 
0, 0, 0, 
0, 0, 0, 
0, 0, 0, 
0, 0, 0, 
0, 0, 0, 
0, 0, 0, 
0, 0, 0, 
0, 0, 0, 
0, 0, 0, 
0, 0, 0, 
0, 0, 0, 
0, 0, 0, 
0, 0, 0, 
0, 0, 0, 
0, 0, 0, 
0, 0, 0, 
0, 0, 0, 
0, 0, 0, 
0, 0, 0, 
0, 0, 0, 
0, 0, 0, 
0, 0, 0, 
0, 0, 0, 
0, 0, 0, 
0, 0, 0, 
0, 0, 0, 
0, 0, 0, 
0, 0, 0, 
0, 0, 0, 
0, 0, 0, 
0, 0, 0, 
0, 0, 0, 
0, 0, 0, 
0, 0, 0, 
0, 0, 0, 
0, 0, 0, 
0, 0, 0, 
0, 0, 0, 
0, 0, 0, 
0, 0, 0, 
0, 0, 0, 
0, 0, 0, 
0, 0, 0, 
0, 0, 0, 
0, 0, 0, 
0, 0, 0, 
0, 0, 0, 
0, 0, 0, 
0, 0, 0, 
0, 0, 0, 
0, 0, 0, 
0, 0, 0, 
0, 0, 0, 
0, 0, 0, 
0, 0, 0, 
0, 0, 0, 
0, 0, 0, 
0, 0, 0, 
0, 0, 0, 
0, 0, 0, 
0, 0, 0, 
0, 0, 0, 
0, 0, 0, 
0, 0, 0, 
0, 0, 0, 
0, 0, 0, 
0, 0, 0, 
0, 0, 0, 
0, 0, 0, 
0, 0, 0, 
0, 0, 0, 
0, 0, 0, 
0, 0, 0, 
0, 0, 0, 
0, 0, 0, 
0, 0, 0, 
0, 0, 0, 
0, 0, 0, 
0, 0, 0, 
0, 0, 0, 
0, 0, 0, 
0, 0, 0, 
0, 0, 0, 
0, 0, 0, 
0, 0, 0, 
0, 0, 0, 
0, 0, 0, 
0, 0, 0, 
0, 0, 0, 
0, 0, 0, 
0, 0, 0, 
0, 0, 0, 
0, 0, 0, 
0, 0, 0, 
0, 0, 0, 
0, 0, 0, 
0, 0, 0, 
0, 0, 0, 
0, 0, 0, 
0, 0, 0, 
0, 0, 0, 
0, 0, 0, 
0, 0, 0, 
0, 0, 0, 
0, 0, 0, 
0, 0, 0, 
0, 0, 0, 
0, 0, 0, 
0, 0, 0, 
0, 0, 0, 
0, 0, 0, 
0, 0, 0, 
0, 0, 0, 
0, 0, 0, 
0, 0, 0, 
0, 0, 0, 
0, 0, 0, 
0, 0, 0, 
0, 0, 0, 
0, 0, 0, 
0, 0, 0, 
0, 0, 0, 
0, 0, 0, 
0, 0, 0, 
0, 0, 0, 
0, 0, 0, 
0, 0, 0, 
0, 0, 0, 
0, 0, 0, 
0, 0, 0, 
0, 0, 0, 
0, 0, 0, 
0, 0, 0, 
0, 0, 0, 
0, 0, 0, 
0, 0, 0, 
0, 0, 0, 
0, 0, 0, 
0, 0, 0, 
0, 0, 0, 
0, 0, 0, 
0, 0, 0, 
0, 0, 0, 
0, 0, 0, 
0, 0, 0, 
0, 0, 0, 
0, 0, 0, 
0, 0, 0, 
0, 0, 0, 
0, 0, 0, 
0, 0, 0, 
0, 0, 0, 
0, 0, 0, 
0, 0, 0, 
0, 0, 0, 
0, 0, 0, 
0, 0, 0, 
0, 0, 0, 
0, 0, 0, 
0, 0, 0, 
0, 0, 0, 
0, 0, 0, 
0, 0, 0, 
0, 0, 0, 
0, 0, 0, 
0, 0, 0, 
0, 0, 0, 
0, 0, 0, 
0, 0, 0, 
0, 0, 0, 
0, 0, 0, 
0, 0, 0, 
0, 0, 0, 
0, 0, 0, 
0, 0, 0, 
0, 0, 0, 
0, 0, 0, 
0, 0, 0, 
0, 0, 0, 
0, 0, 0, 
0, 0, 0, 
0, 0, 0, 
0, 0, 0, 
0, 0, 0, 
0, 0, 0, 
0, 0, 0, 
0, 0, 0, 
0, 0, 0, 
0, 0, 0, 
0, 0, 0, 
0, 0, 0, 
0, 0, 0, 
0, 0, 0, 
0, 0, 0, 
0, 0, 0, 
0, 0, 0, 
0, 0, 0, 
0, 0, 0, 
0, 0, 0, 
0, 0, 0, 
0, 0, 0, 
0, 0, 0, 
0, 0, 0, 
0, 0, 0, 
0, 0, 0, 
0, 0, 0, 
0, 0, 0, 
0, 0, 0, 
0, 0, 0, 
0, 0, 0, 
0, 0, 0, 
0, 0, 0, 
0, 0, 0, 
0, 0, 0, 
0, 0, 0, 
0, 0, 0, 
0, 0, 0, 
0, 0, 0, 
0, 0, 0, 
0, 0, 0, 
0, 0, 0, 
0, 0, 0, 
0, 0, 0, 
0, 0, 0, 
0, 0, 0, 
0, 0, 0, 
0, 0, 0, 
0, 0, 0, 
0, 0, 0, 
0, 0, 0, 
0, 0, 0, 
0, 0, 0, 
0, 0, 0, 
0, 0, 0, 
0, 0, 0, 
0, 0, 0, 
0, 0, 0, 
0, 0, 0, 
0, 0, 0, 
0, 0, 0, 
0, 0, 0, 
0, 0, 0, 
0, 0, 0, 
0, 0, 0, 
0, 0, 0, 
0, 0, 0, 
0, 0, 0, 
0, 0, 0, 
0, 0, 0, 
0, 0, 0, 
0, 0, 0, 
0, 0, 0, 
0, 0, 0, 
0, 0, 0, 
0, 0, 0, 
0, 0, 0, 
0, 0, 0, 
0, 0, 0, 
0, 0, 0, 
0, 0, 0, 
0, 0, 0, 
0, 0, 0, 
0, 0, 0, 
0, 0, 0, 
0, 0, 0, 
0, 0, 0, 
0, 0, 0, 
0, 0, 0, 
0, 0, 0, 
0, 0, 0, 
0, 0, 0, 
0, 0, 0, 
0, 0, 0, 
0, 0, 0, 
0, 0, 0, 
0, 0, 0, 
0, 0, 0, 
0, 0, 0, 
0, 0, 0, 
0, 0, 0, 
0, 0, 0, 
0, 0, 0, 
0, 0, 0, 
0, 0, 0, 
0, 0, 0, 
0, 0, 0, 
0, 0, 0, 
0, 0, 0, 
0, 0, 0, 
0, 0, 0, 
0, 0, 0, 
0, 0, 0, 
0, 0, 0, 
0, 0, 0, 
0, 0, 0, 
0, 0, 0, 
0, 0, 0, 
0, 0, 0, 
0, 0, 0, 
0, 0, 0, 
0, 0, 0, 
0, 0, 0, 
0, 0, 0, 
0, 0, 0, 
0, 0, 0, 
0, 0, 0, 
0, 0, 0, 
0, 0, 0, 
0, 0, 0, 
0, 0, 0, 
0, 0, 0, 
0, 0, 0, 
0, 0, 0, 
0, 0, 0, 
0, 0, 0, 
0, 0, 0, 
0, 0, 0, 
0, 0, 0, 
0, 0, 0, 
0, 0, 0, 
0, 0, 0, 
0, 0, 0, 
0, 0, 0, 
0, 0, 0, 
0, 0, 0, 
0, 0, 0, 
0, 0, 0, 
0, 0, 0, 
0, 0, 0, 
0, 0, 0, 
0, 0, 0, 
0, 0, 0, 
0, 0, 0, 
0, 0, 0, 
0, 0, 0, 
0, 0, 0, 
0, 0, 0, 
0, 0, 0, 
0, 0, 0, 
0, 0, 0, 
0, 0, 0, 
0, 0, 0, 
0, 0, 0, 
0, 0, 0, 
0, 0, 0, 
0, 0, 0, 
0, 0, 0, 
0, 0, 0, 
0, 0, 0, 
0, 0, 0, 
0, 0, 0, 
0, 0, 0, 
0, 0, 0, 
0, 0, 0, 
0, 0, 0, 
0, 0, 0, 
0, 0, 0, 
0, 0, 0, 
0, 0, 0, 
0, 0, 0, 
0, 0, 0, 
0, 0, 0, 
0, 0, 0, 
0, 0, 0, 
0, 0, 0, 
0, 0, 0, 
0, 0, 0, 
0, 0, 0, 
0, 0, 0, 
0, 0, 0, 
0, 0, 0, 
0, 0, 0, 
0, 0, 0, 
0, 0, 0, 
0, 0, 0, 
0, 0, 0, 
0, 0, 0, 
0, 0, 0, 
0, 0, 0, 
0, 0, 0, 
0, 0, 0, 
0, 0, 0, 
0, 0, 0, 
0, 0, 0, 
0, 0, 0, 
0, 0, 0, 
0, 0, 0, 
0, 0, 0, 
0, 0, 0, 
0, 0, 0, 
0, 0, 0, 
0, 0, 0, 
0, 0, 0, 
0, 0, 0, 
0, 0, 0, 
0, 0, 0, 
0, 0, 0, 
0, 0, 0, 
0, 0, 0, 
0, 0, 0, 
0, 0, 0, 
0, 0, 0, 
0, 0, 0, 
0, 0, 0, 
0, 0, 0, 
0, 0, 0, 
0, 0, 0, 
0, 0, 0, 
0, 0, 0, 
0, 0, 0, 
0, 0, 0, 
0, 0, 0, 
0, 0, 0, 
0, 0, 0, 
0, 0, 0, 
0, 0, 0, 
0, 0, 0, 
0, 0, 0, 
0, 0, 0, 
0, 0, 0, 
0, 0, 0, 
0, 0, 0, 
0, 0, 0, 
0, 0, 0, 
0, 0, 0, 
0, 0, 0, 
0, 0, 0, 
0, 0, 0, 
0, 0, 0, 
0, 0, 0, 
0, 0, 0, 
0, 0, 0, 
0, 0, 0, 
0, 0, 0, 
0, 0, 0, 
0, 0, 0, 
0, 0, 0, 
0, 0, 0, 
0, 0, 0, 
0, 0, 0, 
0, 0, 0, 
0, 0, 0, 
0, 0, 0, 
0, 0, 0, 
0, 0, 0, 
0, 0, 0, 
0, 0, 0, 
0, 0, 0, 
0, 0, 0, 
0, 0, 0, 
0, 0, 0, 
0, 0, 0, 
0, 0, 0, 
0, 0, 0, 
0, 0, 0, 
0, 0, 0, 
0, 0, 0, 
0, 0, 0, 
0, 0, 0, 
0, 0, 0, 
0, 0, 0, 
0, 0, 0, 
0, 0, 0, 
0, 0, 0, 
0, 0, 0, 
0, 0, 0, 
0, 0, 0, 
0, 0, 0, 
0, 0, 0, 
0, 0, 0, 
0, 0, 0, 
0, 0, 0, 
0, 0, 0, 
0, 0, 0, 
0, 0, 0, 
0, 0, 0, 
0, 0, 0, 
0, 0, 0, 
0, 0, 0, 
0, 0, 0, 
0, 0, 0, 
0, 0, 0, 
0, 0, 0, 
0, 0, 0, 
0, 0, 0, 
0, 0, 0, 
0, 0, 0, 
0, 0, 0, 
0, 0, 0, 
0, 0, 0, 
0, 0, 0, 
0, 0, 0, 
0, 0, 0, 
0, 0, 0, 
0, 0, 0, 
0, 0, 0, 
0, 0, 0, 
0, 0, 0, 
0, 0, 0, 
0, 0, 0, 
0, 0, 0, 
0, 0, 0, 
0, 0, 0, 
0, 0, 0, 
0, 0, 0, 
0, 0, 0, 
0, 0, 0, 
0, 0, 0, 
0, 0, 0, 
0, 0, 0, 
0, 0, 0, 
0, 0, 0, 
0, 0, 0, 
0, 0, 0, 
0, 0, 0, 
0, 0, 0, 
0, 0, 0, 
0, 0, 0, 
0, 0, 0, 
0, 0, 0, 
0, 0, 0, 
0, 0, 0, 
0, 0, 0, 
0, 0, 0, 
0, 0, 0, 
0, 0, 0, 
0, 0, 0, 
0, 0, 0, 
0, 0, 0, 
0, 0, 0, 
0, 0, 0, 
0, 0, 0, 
0, 0, 0, 
0, 0, 0, 
0, 0, 0, 
0, 0, 0, 
0, 0, 0, 
0, 0, 0, 
0, 0, 0, 
0, 0, 0, 
0, 0, 0, 
0, 0, 0, 
0, 0, 0, 
0, 0, 0, 
0, 0, 0, 
0, 0, 0, 
0, 0, 0, 
0, 0, 0, 
0, 0, 0, 
0, 0, 0, 
0, 0, 0, 
0, 0, 0, 
0, 0, 0, 
0, 0, 0, 
0, 0, 0, 
0, 0, 0, 
0, 0, 0, 
0, 0, 0, 
0, 0, 0, 
0, 0, 0, 
0, 0, 0, 
0, 0, 0, 
0, 0, 0, 
0, 0, 0, 
0, 0, 0, 
0, 0, 0, 
0, 0, 0, 
0, 0, 0, 
0, 0, 0, 
0, 0, 0, 
0, 0, 0, 
0, 0, 0, 
0, 0, 0, 
0, 0, 0, 
0, 0, 0, 
0, 0, 0, 
0, 0, 0, 
0, 0, 0, 
0, 0, 0, 
0, 0, 0, 
0, 0, 0, 
0, 0, 0, 
0, 0, 0, 
0, 0, 0, 
0, 0, 0, 
0, 0, 0, 
0, 0, 0, 
0, 0, 0, 
0, 0, 0, 
0, 0, 0, 
0, 0, 0, 
0, 0, 0, 
0, 0, 0, 
0, 0, 0, 
0, 0, 0, 
0, 0, 0, 
0, 0, 0, 
0, 0, 0, 
0, 0, 0, 
0, 0, 0, 
0, 0, 0, 
0, 0, 0, 
0, 0, 0, 
0, 0, 0, 
0, 0, 0, 
0, 0, 0, 
0, 0, 0, 
0, 0, 0, 
0, 0, 0, 
0, 0, 0, 
0, 0, 0, 
0, 0, 0, 
0, 0, 0, 
0, 0, 0, 
0, 0, 0, 
0, 0, 0, 
0, 0, 0, 
0, 0, 0, 
0, 0, 0, 
0, 0, 0, 
0, 0, 0, 
0, 0, 0, 
0, 0, 0, 
0, 0, 0, 
0, 0, 0, 
0, 0, 0, 
0, 0, 0, 
0, 0, 0, 
0, 0, 0, 
0, 0, 0, 
0, 0, 0, 
0, 0, 0, 
0, 0, 0, 
0, 0, 0, 
0, 0, 0, 
0, 0, 0, 
0, 0, 0, 
0, 0, 0, 
0, 0, 0, 
0, 0, 0, 
0, 0, 0, 
0, 0, 0, 
0, 0, 0, 
0, 0, 0, 
0, 0, 0, 
0, 0, 0, 
0, 0, 0, 
0, 0, 0, 
0, 0, 0, 
0, 0, 0, 
0, 0, 0, 
0, 0, 0, 
0, 0, 0, 
0, 0, 0, 
0, 0, 0, 
0, 0, 0, 
0, 0, 0, 
0, 0, 0, 
0, 0, 0, 
0, 0, 0, 
0, 0, 0, 
0, 0, 0, 
0, 0, 0, 
0, 0, 0, 
0, 0, 0, 
0, 0, 0, 
0, 0, 0, 
0, 0, 0, 
0, 0, 0, 
0, 0, 0, 
0, 0, 0, 
0, 0, 0, 
0, 0, 0, 
0, 0, 0, 
0, 0, 0, 
0, 0, 0, 
0, 0, 0, 
0, 0, 0, 
0, 0, 0, 
0, 0, 0, 
0, 0, 0, 
0, 0, 0, 
0, 0, 0, 
0, 0, 0, 
0, 0, 0, 
0, 0, 0, 
0, 0, 0, 
0, 0, 0, 
0, 0, 0, 
0, 0, 0, 
0, 0, 0, 
0, 0, 0, 
0, 0, 0, 
0, 0, 0, 
0, 0, 0, 
0, 0, 0, 
0, 0, 0, 
0, 0, 0, 
0, 0, 0, 
0, 0, 0, 
0, 0, 0, 
0, 0, 0, 
0, 0, 0, 
0, 0, 0, 
0, 0, 0, 
0, 0, 0, 
0, 0, 0, 
0, 0, 0, 
0, 0, 0, 
0, 0, 0, 
0, 0, 0, 
0, 0, 0, 
0, 0, 0, 
0, 0, 0, 
0, 0, 0, 
0, 0, 0, 
0, 0, 0, 
0, 0, 0, 
0, 0, 0, 
0, 0, 0, 
0, 0, 0, 
0, 0, 0, 
0, 0, 0, 
0, 0, 0, 
0, 0, 0, 
0, 0, 0, 
0, 0, 0, 
0, 0, 0, 
0, 0, 0, 
0, 0, 0, 
0, 0, 0, 
0, 0, 0, 
0, 0, 0, 
0, 0, 0, 
0, 0, 0, 
0, 0, 0, 
0, 0, 0, 
0, 0, 0, 
0, 0, 0, 
0, 0, 0, 
0, 0, 0, 
0, 0, 0, 
0, 0, 0, 
0, 0, 0, 
0, 0, 0, 
0, 0, 0, 
0, 0, 0, 
0, 0, 0, 
0, 0, 0, 
0, 0, 0, 
0, 0, 0, 
0, 0, 0, 
0, 0, 0, 
0, 0, 0, 
0, 0, 0, 
0, 0, 0, 
0, 0, 0, 
0, 0, 0, 
0, 0, 0, 
0, 0, 0, 
0, 0, 0, 
0, 0, 0, 
0, 0, 0, 
0, 0, 0, 
0, 0, 0, 
0, 0, 0, 
0, 0, 0, 
0, 0, 0, 
0, 0, 0, 
0, 0, 0, 
0, 0, 0, 
0, 0, 0, 
0, 0, 0, 
0, 0, 0, 
0, 0, 0, 
0, 0, 0, 
0, 0, 0, 
0, 0, 0, 
0, 0, 0, 
0, 0, 0, 
0, 0, 0, 
0, 0, 0, 
0, 0, 0, 
0, 0, 0, 
0, 0, 0, 
0, 0, 0, 
0, 0, 0, 
0, 0, 0, 
0, 0, 0, 
0, 0, 0, 
0, 0, 0, 
0, 0, 0, 
0, 0, 0, 
0, 0, 0, 
0, 0, 0, 
0, 0, 0, 
0, 0, 0, 
0, 0, 0, 
0, 0, 0, 
0, 0, 0, 
0, 0, 0, 
0, 0, 0, 
0, 0, 0, 
0, 0, 0, 
0, 0, 0, 
0, 0, 0, 
0, 0, 0, 
0, 0, 0, 
0, 0, 0, 
0, 0, 0, 
0, 0, 0, 
0, 0, 0, 
0, 0, 0, 
0, 0, 0, 
0, 0, 0, 
0, 0, 0, 
0, 0, 0, 
0, 0, 0, 
0, 0, 0, 
0, 0, 0, 
0, 0, 0, 
0, 0, 0, 
0, 0, 0, 
0, 0, 0, 
0, 0, 0, 
0, 0, 0, 
0, 0, 0, 
0, 0, 0, 
0, 0, 0, 
0, 0, 0, 
0, 0, 0, 
0, 0, 0, 
0, 0, 0, 
0, 0, 0, 
0, 0, 0, 
0, 0, 0, 
0, 0, 0, 
0, 0, 0, 
0, 0, 0, 
0, 0, 0, 
0, 0, 0, 
0, 0, 0, 
0, 0, 0, 
0, 0, 0, 
0, 0, 0, 
0, 0, 0, 
0, 0, 0, 
0, 0, 0, 
0, 0, 0, 
0, 0, 0, 
0, 0, 0, 
0, 0, 0, 
0, 0, 0, 
0, 0, 0, 
0, 0, 0, 
0, 0, 0, 
0, 0, 0, 
0, 0, 0, 
0, 0, 0, 
0, 0, 0, 
0, 0, 0, 
0, 0, 0, 
0, 0, 0, 
0, 0, 0, 
0, 0, 0, 
0, 0, 0, 
0, 0, 0, 
]);
var flagbn = new Float32Array([
0, 1, 0, 
0, 1, 0, 
0, 1, 0, 
0, 0, 1, 
0, 0, 1, 
0, 0, 1, 
-1, 0, 0, 
-1, 0, 0, 
-1, 0, 0, 
0, -1, 0, 
0, -1, 0, 
0, -1, 0, 
1, 0, 0, 
1, 0, 0, 
1, 0, 0, 
0, 0, -1, 
0, 0, -1, 
0, 0, -1, 
0, 0, -1, 
0, 0, -1, 
0, 0, -1, 
0, 0, -1, 
0, 0, -1, 
0, 0, -1, 
0, 1, 0, 
0, 1, 0, 
0, 1, 0, 
1, 0, 0, 
1, 0, 0, 
1, 0, 0, 
1, 0, 0, 
1, 0, 0, 
1, 0, 0, 
1, 0, 0, 
1, 0, 0, 
1, 0, 0, 
0, -1, 0, 
0, -1, 0, 
0, -1, 0, 
0, -1, 0, 
0, -1, 0, 
0, -1, 0, 
0, -1, 0, 
0, -1, 0, 
0, -1, 0, 
-1, 0, 0, 
-1, 0, 0, 
-1, 0, 0, 
-1, 0, 0, 
-1, 0, 0, 
-1, 0, 0, 
-1, 0, 0, 
-1, 0, 0, 
-1, 0, 0, 
0, 0, 1, 
0, 0, 1, 
0, 0, 1, 
0, 0, 1, 
0, 0, 1, 
0, 0, 1, 
0, 0, 1, 
0, 0, 1, 
0, 0, 1, 
0, 1, 0, 
0, 1, 0, 
0, 1, 0, 
0, 1, 0, 
0, 1, 0, 
0, 1, 0, 
0, 1, 0, 
0, 1, 0, 
0, 1, 0, 
0, 1, 0, 
0, 1, 0, 
0, 1, 0, 
0, 1, 0, 
0, 1, 0, 
0, 1, 0, 
0, 1, 0, 
0, 1, 0, 
0, 1, 0, 
0, 1, 0, 
0, 1, 0, 
0, 1, 0, 
0, 1, 0, 
0, 1, 0, 
0, 1, 0, 
0, 1, 0, 
0, 1, 0, 
0, 1, 0, 
0, 1, 0, 
0, 1, 0, 
0, 1, 0, 
0, 1, 0, 
0, 1, 0, 
0, 1, 0, 
0, 1, 0, 
0, 1, 0, 
0, 1, 0, 
0, 0, 1, 
0, 0, 1, 
0, 0, 1, 
0, 0, 1, 
0, 0, 1, 
0, 0, 1, 
0, 0, 1, 
0, 0, 1, 
0, 0, 1, 
0, 0, 1, 
0, 0, 1, 
0, 0, 1, 
0, 0, 1, 
0, 0, 1, 
0, 0, 1, 
0, 0, 1, 
0, 0, 1, 
0, 0, 1, 
0, 0, 1, 
0, 0, 1, 
0, 0, 1, 
0, 0, 1, 
0, 0, 1, 
0, 0, 1, 
0, 0, 1, 
0, 0, 1, 
0, 0, 1, 
-1, 0, 0, 
-1, 0, 0, 
-1, 0, 0, 
-1, 0, 0, 
-1, 0, 0, 
-1, 0, 0, 
-1, 0, 0, 
-1, 0, 0, 
-1, 0, 0, 
-1, 0, 0, 
-1, 0, 0, 
-1, 0, 0, 
-1, 0, 0, 
-1, 0, 0, 
-1, 0, 0, 
-1, 0, 0, 
-1, 0, 0, 
-1, 0, 0, 
-1, 0, 0, 
-1, 0, 0, 
-1, 0, 0, 
-1, 0, 0, 
-1, 0, 0, 
-1, 0, 0, 
-1, 0, 0, 
-1, 0, 0, 
-1, 0, 0, 
0, -1, 0, 
0, -1, 0, 
0, -1, 0, 
0, -1, 0, 
0, -1, 0, 
0, -1, 0, 
0, -1, 0, 
0, -1, 0, 
0, -1, 0, 
0, -1, 0, 
0, -1, 0, 
0, -1, 0, 
0, -1, 0, 
0, -1, 0, 
0, -1, 0, 
0, -1, 0, 
0, -1, 0, 
0, -1, 0, 
0, -1, 0, 
0, -1, 0, 
0, -1, 0, 
0, -1, 0, 
0, -1, 0, 
0, -1, 0, 
0, -1, 0, 
0, -1, 0, 
0, -1, 0, 
1, 0, 0, 
1, 0, 0, 
1, 0, 0, 
1, 0, 0, 
1, 0, 0, 
1, 0, 0, 
1, 0, 0, 
1, 0, 0, 
1, 0, 0, 
1, 0, 0, 
1, 0, 0, 
1, 0, 0, 
1, 0, 0, 
1, 0, 0, 
1, 0, 0, 
1, 0, 0, 
1, 0, 0, 
1, 0, 0, 
1, 0, 0, 
1, 0, 0, 
1, 0, 0, 
1, 0, 0, 
1, 0, 0, 
1, 0, 0, 
1, 0, 0, 
1, 0, 0, 
1, 0, 0, 
0, -1, 0, 
0, -1, 0, 
0, -1, 0, 
0, 0, -1, 
0, 0, -1, 
0, 0, -1, 
0, 0, -1, 
0, 0, -1, 
0, 0, -1, 
0, 0, -1, 
0, 0, -1, 
0, 0, -1, 
0, 0, -1, 
0, 0, -1, 
0, 0, -1, 
0, 0, -1, 
0, 0, -1, 
0, 0, -1, 
0, 0, -1, 
0, 0, -1, 
0, 0, -1, 
0, 0, -1, 
0, 0, -1, 
0, 0, -1, 
0, 0, -1, 
0, 0, -1, 
0, 0, -1, 
0, 0, -1, 
0, 0, -1, 
0, 0, -1, 
-1, 0, 0, 
-1, 0, 0, 
-1, 0, 0, 
1, 0, 0, 
1, 0, 0, 
1, 0, 0, 
1, 0, 0, 
1, 0, 0, 
1, 0, 0, 
1, 0, 0, 
1, 0, 0, 
1, 0, 0, 
1, 0, 0, 
1, 0, 0, 
1, 0, 0, 
0, -1, 0, 
0, -1, 0, 
0, -1, 0, 
0, -1, 0, 
0, -1, 0, 
0, -1, 0, 
0, -1, 0, 
0, -1, 0, 
0, -1, 0, 
-1, 0, 0, 
-1, 0, 0, 
-1, 0, 0, 
-1, 0, 0, 
-1, 0, 0, 
-1, 0, 0, 
-1, 0, 0, 
-1, 0, 0, 
-1, 0, 0, 
0, 0, 1, 
0, 0, 1, 
0, 0, 1, 
0, 0, 1, 
0, 0, 1, 
0, 0, 1, 
0, 0, 1, 
0, 0, 1, 
0, 0, 1, 
0, 1, 0, 
0, 1, 0, 
0, 1, 0, 
0, 1, 0, 
0, 1, 0, 
0, 1, 0, 
0, 1, 0, 
0, 1, 0, 
0, 1, 0, 
0, 0, -1, 
0, 0, -1, 
0, 0, -1, 
0, 0, -1, 
0, 0, -1, 
0, 0, -1, 
0, 0, -1, 
0, 0, -1, 
0, 0, -1, 
0, 0, -1, 
0, 0, -1, 
0, 0, -1, 
1, 0, 0, 
1, 0, 0, 
1, 0, 0, 
0, -1, 0, 
0, -1, 0, 
0, -1, 0, 
-1, 0, 0, 
-1, 0, 0, 
-1, 0, 0, 
0, 1, 0, 
0, 1, 0, 
0, 1, 0, 
0, 1, 0, 
0, 1, 0, 
0, 1, 0, 
0, 0, 1, 
0, 0, 1, 
0, 0, 1, 
-1, 0, 0, 
-1, 0, 0, 
-1, 0, 0, 
0, -1, 0, 
0, -1, 0, 
0, -1, 0, 
1, 0, 0, 
1, 0, 0, 
1, 0, 0, 
0, 0, -1, 
0, 0, -1, 
0, 0, -1, 
0, 0, -1, 
0, 0, -1, 
0, 0, -1, 
0, 0, -1, 
0, 0, -1, 
0, 0, -1, 
0, 1, 0, 
0, 1, 0, 
0, 1, 0, 
1, 0, 0, 
1, 0, 0, 
1, 0, 0, 
1, 0, 0, 
1, 0, 0, 
1, 0, 0, 
1, 0, 0, 
1, 0, 0, 
1, 0, 0, 
0, -1, 0, 
0, -1, 0, 
0, -1, 0, 
0, -1, 0, 
0, -1, 0, 
0, -1, 0, 
0, -1, 0, 
0, -1, 0, 
0, -1, 0, 
-1, 0, 0, 
-1, 0, 0, 
-1, 0, 0, 
-1, 0, 0, 
-1, 0, 0, 
-1, 0, 0, 
-1, 0, 0, 
-1, 0, 0, 
-1, 0, 0, 
0, 0, 1, 
0, 0, 1, 
0, 0, 1, 
0, 0, 1, 
0, 0, 1, 
0, 0, 1, 
0, 0, 1, 
0, 0, 1, 
0, 0, 1, 
0, 1, 0, 
0, 1, 0, 
0, 1, 0, 
0, 1, 0, 
0, 1, 0, 
0, 1, 0, 
0, 1, 0, 
0, 1, 0, 
0, 1, 0, 
0, 1, 0, 
0, 1, 0, 
0, 1, 0, 
0, 1, 0, 
0, 1, 0, 
0, 1, 0, 
0, 1, 0, 
0, 1, 0, 
0, 1, 0, 
0, 1, 0, 
0, 1, 0, 
0, 1, 0, 
0, 1, 0, 
0, 1, 0, 
0, 1, 0, 
0, 1, 0, 
0, 1, 0, 
0, 1, 0, 
0, 1, 0, 
0, 1, 0, 
0, 1, 0, 
0, 1, 0, 
0, 1, 0, 
0, 1, 0, 
0, 1, 0, 
0, 1, 0, 
0, 1, 0, 
0, 0, 1, 
0, 0, 1, 
0, 0, 1, 
0, 0, 1, 
0, 0, 1, 
0, 0, 1, 
0, 0, 1, 
0, 0, 1, 
0, 0, 1, 
0, 0, 1, 
0, 0, 1, 
0, 0, 1, 
0, 0, 1, 
0, 0, 1, 
0, 0, 1, 
0, 0, 1, 
0, 0, 1, 
0, 0, 1, 
0, 0, 1, 
0, 0, 1, 
0, 0, 1, 
0, 0, 1, 
0, 0, 1, 
0, 0, 1, 
0, 0, 1, 
0, 0, 1, 
0, 0, 1, 
-1, 0, 0, 
-1, 0, 0, 
-1, 0, 0, 
-1, 0, 0, 
-1, 0, 0, 
-1, 0, 0, 
-1, 0, 0, 
-1, 0, 0, 
-1, 0, 0, 
-1, 0, 0, 
-1, 0, 0, 
-1, 0, 0, 
-1, 0, 0, 
-1, 0, 0, 
-1, 0, 0, 
-1, 0, 0, 
-1, 0, 0, 
-1, 0, 0, 
-1, 0, 0, 
-1, 0, 0, 
-1, 0, 0, 
-1, 0, 0, 
-1, 0, 0, 
-1, 0, 0, 
-1, 0, 0, 
-1, 0, 0, 
-1, 0, 0, 
0, -1, 0, 
0, -1, 0, 
0, -1, 0, 
0, -1, 0, 
0, -1, 0, 
0, -1, 0, 
0, -1, 0, 
0, -1, 0, 
0, -1, 0, 
0, -1, 0, 
0, -1, 0, 
0, -1, 0, 
0, -1, 0, 
0, -1, 0, 
0, -1, 0, 
0, -1, 0, 
0, -1, 0, 
0, -1, 0, 
0, -1, 0, 
0, -1, 0, 
0, -1, 0, 
0, -1, 0, 
0, -1, 0, 
0, -1, 0, 
0, -1, 0, 
0, -1, 0, 
0, -1, 0, 
1, 0, 0, 
1, 0, 0, 
1, 0, 0, 
1, 0, 0, 
1, 0, 0, 
1, 0, 0, 
1, 0, 0, 
1, 0, 0, 
1, 0, 0, 
1, 0, 0, 
1, 0, 0, 
1, 0, 0, 
1, 0, 0, 
1, 0, 0, 
1, 0, 0, 
1, 0, 0, 
1, 0, 0, 
1, 0, 0, 
1, 0, 0, 
1, 0, 0, 
1, 0, 0, 
1, 0, 0, 
1, 0, 0, 
1, 0, 0, 
1, 0, 0, 
1, 0, 0, 
1, 0, 0, 
0, -1, 0, 
0, -1, 0, 
0, -1, 0, 
0, 0, -1, 
0, 0, -1, 
0, 0, -1, 
0, 0, -1, 
0, 0, -1, 
0, 0, -1, 
0, 0, -1, 
0, 0, -1, 
0, 0, -1, 
0, 0, -1, 
0, 0, -1, 
0, 0, -1, 
0, 0, -1, 
0, 0, -1, 
0, 0, -1, 
0, 0, -1, 
0, 0, -1, 
0, 0, -1, 
0, 0, -1, 
0, 0, -1, 
0, 0, -1, 
0, 0, -1, 
0, 0, -1, 
0, 0, -1, 
0, 0, -1, 
0, 0, -1, 
0, 0, -1, 
-1, 0, 0, 
-1, 0, 0, 
-1, 0, 0, 
1, 0, 0, 
1, 0, 0, 
1, 0, 0, 
1, 0, 0, 
1, 0, 0, 
1, 0, 0, 
1, 0, 0, 
1, 0, 0, 
1, 0, 0, 
1, 0, 0, 
1, 0, 0, 
1, 0, 0, 
0, -1, 0, 
0, -1, 0, 
0, -1, 0, 
0, -1, 0, 
0, -1, 0, 
0, -1, 0, 
0, -1, 0, 
0, -1, 0, 
0, -1, 0, 
-1, 0, 0, 
-1, 0, 0, 
-1, 0, 0, 
-1, 0, 0, 
-1, 0, 0, 
-1, 0, 0, 
-1, 0, 0, 
-1, 0, 0, 
-1, 0, 0, 
0, 0, 1, 
0, 0, 1, 
0, 0, 1, 
0, 0, 1, 
0, 0, 1, 
0, 0, 1, 
0, 0, 1, 
0, 0, 1, 
0, 0, 1, 
0, 1, 0, 
0, 1, 0, 
0, 1, 0, 
0, 1, 0, 
0, 1, 0, 
0, 1, 0, 
0, 1, 0, 
0, 1, 0, 
0, 1, 0, 
0, 0, -1, 
0, 0, -1, 
0, 0, -1, 
0, 0, -1, 
0, 0, -1, 
0, 0, -1, 
0, 0, -1, 
0, 0, -1, 
0, 0, -1, 
0, 0, -1, 
0, 0, -1, 
0, 0, -1, 
1, 0, 0, 
1, 0, 0, 
1, 0, 0, 
0, -1, 0, 
0, -1, 0, 
0, -1, 0, 
-1, 0, 0, 
-1, 0, 0, 
-1, 0, 0, 
0, 1, 0, 
0, 1, 0, 
0, 1, 0, 
0, 0, 0, 
0, 0, 0, 
0, 0, 0, 
0, 0, 0, 
0, 0, 0, 
0, 0, 0, 
0, 0, 0, 
0, 0, 0, 
0, 0, 0, 
0, 0, 0, 
0, 0, 0, 
0, 0, 0, 
0, 0, 0, 
0, 0, 0, 
0, 0, 0, 
0, 0, 0, 
0, 0, 0, 
0, 0, 0, 
0, 0, 0, 
0, 0, 0, 
0, 0, 0, 
0, 0, 0, 
0, 0, 0, 
0, 0, 0, 
0, 0, 0, 
0, 0, 0, 
0, 0, 0, 
0, 0, 0, 
0, 0, 0, 
0, 0, 0, 
0, 0, 0, 
0, 0, 0, 
0, 0, 0, 
0, 0, 0, 
0, 0, 0, 
0, 0, 0, 
0, 0, 0, 
0, 0, 0, 
0, 0, 0, 
0, 0, 0, 
0, 0, 0, 
0, 0, 0, 
0, 0, 0, 
0, 0, 0, 
0, 0, 0, 
0, 0, 0, 
0, 0, 0, 
0, 0, 0, 
0, 0, 0, 
0, 0, 0, 
0, 0, 0, 
0, 0, 0, 
0, 0, 0, 
0, 0, 0, 
0, 0, 0, 
0, 0, 0, 
0, 0, 0, 
0, 0, 0, 
0, 0, 0, 
0, 0, 0, 
0, 0, 0, 
0, 0, 0, 
0, 0, 0, 
0, 0, 0, 
0, 0, 0, 
0, 0, 0, 
0, 0, 0, 
0, 0, 0, 
0, 0, 0, 
0, 0, 0, 
0, 0, 0, 
0, 0, 0, 
0, 0, 0, 
0, 0, 0, 
0, 0, 0, 
0, 0, 0, 
0, 0, 0, 
0, 0, 0, 
0, 0, 0, 
0, 0, 0, 
0, 0, 0, 
0, 0, 0, 
0, 0, 0, 
0, 0, 0, 
0, 0, 0, 
0, 0, 0, 
0, 0, 0, 
0, 0, 0, 
0, 0, 0, 
0, 0, 0, 
0, 0, 0, 
0, 0, 0, 
0, 0, 0, 
0, 0, 0, 
0, 0, 0, 
0, 0, 0, 
0, 0, 0, 
0, 0, 0, 
0, 0, 0, 
0, 0, 0, 
0, 0, 0, 
0, 0, 0, 
0, 0, 0, 
0, 0, 0, 
0, 0, 0, 
0, 0, 0, 
0, 0, 0, 
0, 0, 0, 
0, 0, 0, 
0, 0, 0, 
0, 0, 0, 
0, 0, 0, 
0, 0, 0, 
0, 0, 0, 
0, 0, 0, 
0, 0, 0, 
0, 0, 0, 
0, 0, 0, 
0, 0, 0, 
0, 0, 0, 
0, 0, 0, 
0, 0, 0, 
0, 0, 0, 
0, 0, 0, 
0, 0, 0, 
0, 0, 0, 
0, 0, 0, 
0, 0, 0, 
0, 0, 0, 
0, 0, 0, 
0, 0, 0, 
0, 0, 0, 
0, 0, 0, 
0, 0, 0, 
0, 0, 0, 
0, 0, 0, 
0, 0, 0, 
0, 0, 0, 
0, 0, 0, 
0, 0, 0, 
0, 0, 0, 
0, 0, 0, 
0, 0, 0, 
0, 0, 0, 
0, 0, 0, 
0, 0, 0, 
0, 0, 0, 
0, 0, 0, 
0, 0, 0, 
0, 0, 0, 
0, 0, 0, 
0, 0, 0, 
0, 0, 0, 
0, 0, 0, 
0, 0, 0, 
0, 0, 0, 
0, 0, 0, 
0, 0, 0, 
0, 0, 0, 
0, 0, 0, 
0, 0, 0, 
0, 0, 0, 
0, 0, 0, 
0, 0, 0, 
0, 0, 0, 
0, 0, 0, 
0, 0, 0, 
0, 0, 0, 
0, 0, 0, 
0, 0, 0, 
0, 0, 0, 
0, 0, 0, 
0, 0, 0, 
0, 0, 0, 
0, 0, 0, 
0, 0, 0, 
0, 0, 0, 
0, 0, 0, 
0, 0, 0, 
0, 0, 0, 
0, 0, 0, 
0, 0, 0, 
0, 0, 0, 
0, 0, 0, 
0, 0, 0, 
0, 0, 0, 
0, 0, 0, 
0, 0, 0, 
0, 0, 0, 
0, 0, 0, 
0, 0, 0, 
0, 0, 0, 
0, 0, 0, 
0, 0, 0, 
0, 0, 0, 
0, 0, 0, 
0, 0, 0, 
0, 0, 0, 
0, 0, 0, 
0, 0, 0, 
0, 0, 0, 
0, 0, 0, 
0, 0, 0, 
0, 0, 0, 
0, 0, 0, 
0, 0, 0, 
0, 0, 0, 
0, 0, 0, 
0, 0, 0, 
0, 0, 0, 
0, 0, 0, 
0, 0, 0, 
0, 0, 0, 
0, 0, 0, 
0, 0, 0, 
0, 0, 0, 
0, 0, 0, 
0, 0, 0, 
0, 0, 0, 
0, 0, 0, 
0, 0, 0, 
0, 0, 0, 
0, 0, 0, 
0, 0, 0, 
0, 0, 0, 
0, 0, 0, 
0, 0, 0, 
0, 0, 0, 
0, 0, 0, 
0, 0, 0, 
0, 0, 0, 
0, 0, 0, 
0, 0, 0, 
0, 0, 0, 
0, 0, 0, 
0, 0, 0, 
0, 0, 0, 
0, 0, 0, 
0, 0, 0, 
0, 0, 0, 
0, 0, 0, 
0, 0, 0, 
0, 0, 0, 
0, 0, 0, 
0, 0, 0, 
0, 0, 0, 
0, 0, 0, 
0, 0, 0, 
0, 0, 0, 
0, 0, 0, 
0, 0, 0, 
0, 0, 0, 
0, 0, 0, 
0, 0, 0, 
0, 0, 0, 
0, 0, 0, 
0, 0, 0, 
0, 0, 0, 
0, 0, 0, 
0, 0, 0, 
0, 0, 0, 
0, 0, 0, 
0, 0, 0, 
0, 0, 0, 
0, 0, 0, 
0, 0, 0, 
0, 0, 0, 
0, 0, 0, 
0, 0, 0, 
0, 0, 0, 
0, 0, 0, 
0, 0, 0, 
0, 0, 0, 
0, 0, 0, 
0, 0, 0, 
0, 0, 0, 
0, 0, 0, 
0, 0, 0, 
0, 0, 0, 
0, 0, 0, 
0, 0, 0, 
0, 0, 0, 
0, 0, 0, 
0, 0, 0, 
0, 0, 0, 
0, 0, 0, 
0, 0, 0, 
0, 0, 0, 
0, 0, 0, 
0, 0, 0, 
0, 0, 0, 
0, 0, 0, 
0, 0, 0, 
0, 0, 0, 
0, 0, 0, 
0, 0, 0, 
0, 0, 0, 
0, 0, 0, 
0, 0, 0, 
0, 0, 0, 
0, 0, 0, 
0, 0, 0, 
0, 0, 0, 
0, 0, 0, 
0, 0, 0, 
0, 0, 0, 
0, 0, 0, 
0, 0, 0, 
0, 0, 0, 
0, 0, 0, 
0, 0, 0, 
0, 0, 0, 
0, 0, 0, 
0, 0, 0, 
0, 0, 0, 
0, 0, 0, 
0, 0, 0, 
0, 0, 0, 
0, 0, 0, 
0, 0, 0, 
0, 0, 0, 
0, 0, 0, 
0, 0, 0, 
0, 0, 0, 
0, 0, 0, 
0, 0, 0, 
0, 0, 0, 
0, 0, 0, 
0, 0, 0, 
0, 0, 0, 
0, 0, 0, 
0, 0, 0, 
0, 0, 0, 
0, 0, 0, 
0, 0, 0, 
0, 0, 0, 
0, 0, 0, 
0, 0, 0, 
0, 0, 0, 
0, 0, 0, 
0, 0, 0, 
0, 0, 0, 
0, 0, 0, 
0, 0, 0, 
0, 0, 0, 
0, 0, 0, 
0, 0, 0, 
0, 0, 0, 
0, 0, 0, 
0, 0, 0, 
0, 0, 0, 
0, 0, 0, 
0, 0, 0, 
0, 0, 0, 
0, 0, 0, 
0, 0, 0, 
0, 0, 0, 
0, 0, 0, 
0, 0, 0, 
0, 0, 0, 
0, 0, 0, 
0, 0, 0, 
0, 0, 0, 
0, 0, 0, 
0, 0, 0, 
0, 0, 0, 
0, 0, 0, 
0, 0, 0, 
0, 0, 0, 
0, 0, 0, 
0, 0, 0, 
0, 0, 0, 
0, 0, 0, 
0, 0, 0, 
0, 0, 0, 
0, 0, 0, 
0, 0, 0, 
0, 0, 0, 
0, 0, 0, 
0, 0, 0, 
0, 0, 0, 
0, 0, 0, 
0, 0, 0, 
0, 0, 0, 
0, 0, 0, 
0, 0, 0, 
0, 0, 0, 
0, 0, 0, 
0, 0, 0, 
0, 0, 0, 
0, 0, 0, 
0, 0, 0, 
0, 0, 0, 
0, 0, 0, 
0, 0, 0, 
0, 0, 0, 
0, 0, 0, 
0, 0, 0, 
0, 0, 0, 
0, 0, 0, 
0, 0, 0, 
0, 0, 0, 
0, 0, 0, 
0, 0, 0, 
0, 0, 0, 
0, 0, 0, 
0, 0, 0, 
0, 0, 0, 
0, 0, 0, 
0, 0, 0, 
0, 0, 0, 
0, 0, 0, 
0, 0, 0, 
0, 0, 0, 
0, 0, 0, 
0, 0, 0, 
0, 0, 0, 
0, 0, 0, 
0, 0, 0, 
0, 0, 0, 
0, 0, 0, 
0, 0, 0, 
0, 0, 0, 
0, 0, 0, 
0, 0, 0, 
0, 0, 0, 
0, 0, 0, 
0, 0, 0, 
0, 0, 0, 
0, 0, 0, 
0, 0, 0, 
0, 0, 0, 
0, 0, 0, 
0, 0, 0, 
0, 0, 0, 
0, 0, 0, 
0, 0, 0, 
0, 0, 0, 
0, 0, 0, 
0, 0, 0, 
0, 0, 0, 
0, 0, 0, 
0, 0, 0, 
0, 0, 0, 
0, 0, 0, 
0, 0, 0, 
0, 0, 0, 
0, 0, 0, 
0, 0, 0, 
0, 0, 0, 
0, 0, 0, 
0, 0, 0, 
0, 0, 0, 
0, 0, 0, 
0, 0, 0, 
0, 0, 0, 
0, 0, 0, 
0, 0, 0, 
0, 0, 0, 
0, 0, 0, 
0, 0, 0, 
0, 0, 0, 
0, 0, 0, 
0, 0, 0, 
0, 0, 0, 
0, 0, 0, 
0, 0, 0, 
0, 0, 0, 
0, 0, 0, 
0, 0, 0, 
0, 0, 0, 
0, 0, 0, 
0, 0, 0, 
0, 0, 0, 
0, 0, 0, 
0, 0, 0, 
0, 0, 0, 
0, 0, 0, 
0, 0, 0, 
0, 0, 0, 
0, 0, 0, 
0, 0, 0, 
0, 0, 0, 
0, 0, 0, 
0, 0, 0, 
0, 0, 0, 
0, 0, 0, 
0, 0, 0, 
0, 0, 0, 
0, 0, 0, 
0, 0, 0, 
0, 0, 0, 
0, 0, 0, 
0, 0, 0, 
0, 0, 0, 
0, 0, 0, 
0, 0, 0, 
0, 0, 0, 
0, 0, 0, 
0, 0, 0, 
0, 0, 0, 
0, 0, 0, 
0, 0, 0, 
0, 0, 0, 
0, 0, 0, 
0, 0, 0, 
0, 0, 0, 
0, 0, 0, 
0, 0, 0, 
0, 0, 0, 
0, 0, 0, 
0, 0, 0, 
0, 0, 0, 
0, 0, 0, 
0, 0, 0, 
0, 0, 0, 
0, 0, 0, 
0, 0, 0, 
0, 0, 0, 
0, 0, 0, 
0, 0, 0, 
0, 0, 0, 
0, 0, 0, 
0, 0, 0, 
0, 0, 0, 
0, 0, 0, 
0, 0, 0, 
0, 0, 0, 
0, 0, 0, 
0, 0, 0, 
0, 0, 0, 
0, 0, 0, 
0, 0, 0, 
0, 0, 0, 
0, 0, 0, 
0, 0, 0, 
0, 0, 0, 
0, 0, 0, 
0, 0, 0, 
0, 0, 0, 
0, 0, 0, 
0, 0, 0, 
0, 0, 0, 
0, 0, 0, 
0, 0, 0, 
0, 0, 0, 
0, 0, 0, 
0, 0, 0, 
0, 0, 0, 
0, 0, 0, 
0, 0, 0, 
0, 0, 0, 
0, 0, 0, 
0, 0, 0, 
0, 0, 0, 
0, 0, 0, 
0, 0, 0, 
0, 0, 0, 
0, 0, 0, 
0, 0, 0, 
0, 0, 0, 
0, 0, 0, 
0, 0, 0, 
0, 0, 0, 
0, 0, 0, 
0, 0, 0, 
0, 0, 0, 
0, 0, 0, 
0, 0, 0, 
0, 0, 0, 
0, 0, 0, 
0, 0, 0, 
0, 0, 0, 
0, 0, 0, 
0, 0, 0, 
0, 0, 0, 
0, 0, 0, 
0, 0, 0, 
0, 0, 0, 
0, 0, 0, 
0, 0, 0, 
0, 0, 0, 
0, 0, 0, 
0, 0, 0, 
0, 0, 0, 
0, 0, 0, 
0, 0, 0, 
0, 0, 0, 
0, 0, 0, 
0, 0, 0, 
0, 0, 0, 
0, 0, 0, 
0, 0, 0, 
0, 0, 0, 
0, 0, 0, 
0, 0, 0, 
0, 0, 0, 
0, 0, 0, 
0, 0, 0, 
0, 0, 0, 
0, 0, 0, 
0, 0, 0, 
0, 0, 0, 
0, 0, 0, 
0, 0, 0, 
0, 0, 0, 
0, 0, 0, 
0, 0, 0, 
0, 0, 0, 
0, 0, 0, 
0, 0, 0, 
0, 0, 0, 
0, 0, 0, 
0, 0, 0, 
0, 0, 0, 
0, 0, 0, 
0, 0, 0, 
0, 0, 0, 
0, 0, 0, 
0, 0, 0, 
0, 0, 0, 
0, 0, 0, 
0, 0, 0, 
0, 0, 0, 
0, 0, 0, 
0, 0, 0, 
0, 0, 0, 
0, 0, 0, 
0, 0, 0, 
0, 0, 0, 
0, 0, 0, 
0, 0, 0, 
0, 0, 0, 
0, 0, 0, 
0, 0, 0, 
0, 0, 0, 
0, 0, 0, 
0, 0, 0, 
0, 0, 0, 
0, 0, 0, 
0, 0, 0, 
0, 0, 0, 
0, 0, 0, 
0, 0, 0, 
0, 0, 0, 
0, 0, 0, 
0, 0, 0, 
0, 0, 0, 
0, 0, 0, 
0, 0, 0, 
0, 0, 0, 
0, 0, 0, 
0, 0, 0, 
0, 0, 0, 
0, 0, 0, 
0, 0, 0, 
0, 0, 0, 
0, 0, 0, 
0, 0, 0, 
0, 0, 0, 
0, 0, 0, 
0, 0, 0, 
0, 0, 0, 
0, 0, 0, 
0, 0, 0, 
0, 0, 0, 
0, 0, 0, 
0, 0, 0, 
0, 0, 0, 
0, 0, 0, 
0, 0, 0, 
0, 0, 0, 
0, 0, 0, 
0, 0, 0, 
0, 0, 0, 
0, 0, 0, 
0, 0, 0, 
0, 0, 0, 
0, 0, 0, 
0, 0, 0, 
0, 0, 0, 
0, 0, 0, 
0, 0, 0, 
0, 0, 0, 
0, 0, 0, 
0, 0, 0, 
0, 0, 0, 
0, 0, 0, 
0, 0, 0, 
0, 0, 0, 
0, 0, 0, 
0, 0, 0, 
0, 0, 0, 
0, 0, 0, 
0, 0, 0, 
0, 0, 0, 
0, 0, 0, 
0, 0, 0, 
0, 0, 0, 
0, 0, 0, 
0, 0, 0, 
0, 0, 0, 
0, 0, 0, 
0, 0, 0, 
0, 0, 0, 
0, 0, 0, 
0, 0, 0, 
0, 0, 0, 
0, 0, 0, 
0, 0, 0, 
0, 0, 0, 
0, 0, 0, 
0, 0, 0, 
0, 0, 0, 
0, 0, 0, 
0, 0, 0, 
0, 0, 0, 
0, 0, 0, 
0, 0, 0, 
0, 0, 0, 
0, 0, 0, 
0, 0, 0, 
0, 0, 0, 
0, 0, 0, 
0, 0, 0, 
0, 0, 0, 
0, 0, 0, 
0, 0, 0, 
0, 0, 0, 
0, 0, 0, 
0, 0, 0, 
0, 0, 0, 
0, 0, 0, 
0, 0, 0, 
0, 0, 0, 
0, 0, 0, 
0, 0, 0, 
0, 0, 0, 
0, 0, 0, 
0, 0, 0, 
0, 0, 0, 
0, 0, 0, 
0, 0, 0, 
0, 0, 0, 
0, 0, 0, 
0, 0, 0, 
0, 0, 0, 
0, 0, 0, 
0, 0, 0, 
0, 0, 0, 
0, 0, 0, 
0, 0, 0, 
0, 0, 0, 
0, 0, 0, 
0, 0, 0, 
0, 0, 0, 
0, 0, 0, 
0, 0, 0, 
0, 0, 0, 
0, 0, 0, 
0, 0, 0, 
0, 0, 0, 
0, 0, 0, 
0, 0, 0, 
0, 0, 0, 
0, 0, 0, 
0, 0, 0, 
0, 0, 0, 
0, 0, 0, 
0, 0, 0, 
0, 0, 0, 
0, 0, 0, 
0, 0, 0, 
0, 0, 0, 
0, 0, 0, 
0, 0, 0, 
0, 0, 0, 
0, 0, 0, 
0, 0, 0, 
0, 0, 0, 
0, 0, 0, 
0, 0, 0, 
0, 0, 0, 
0, 0, 0, 
0, 0, 0, 
0, 0, 0, 
0, 0, 0, 
0, 0, 0, 
0, 0, 0, 
0, 0, 0, 
0, 0, 0, 
0, 0, 0, 
0, 0, 0, 
0, 0, 0, 
0, 0, 0, 
0, 0, 0, 
0, 0, 0, 
0, 0, 0, 
0, 0, 0, 
0, 0, 0, 
0, 0, 0, 
0, 0, 0, 
0, 0, 0, 
0, 0, 0, 
0, 0, 0, 
0, 0, 0, 
0, 0, 0, 
0, 0, 0, 
0, 0, 0, 
0, 0, 0, 
0, 0, 0, 
0, 0, 0, 
0, 0, 0, 
0, 0, 0, 
0, 0, 0, 
0, 0, 0, 
0, 0, 0, 
0, 0, 0, 
0, 0, 0, 
0, 0, 0, 
0, 0, 0, 
0, 0, 0, 
0, 0, 0, 
0, 0, 0, 
0, 0, 0, 
0, 0, 0, 
0, 0, 0, 
0, 0, 0, 
0, 0, 0, 
0, 0, 0, 
0, 0, 0, 
0, 0, 0, 
0, 0, 0, 
0, 0, 0, 
0, 0, 0, 
0, 0, 0, 
0, 0, 0, 
0, 0, 0, 
0, 0, 0, 
0, 0, 0, 
0, 0, 0, 
0, 0, 0, 
0, 0, 0, 
0, 0, 0, 
0, 0, 0, 
0, 0, 0, 
0, 0, 0, 
0, 0, 0, 
0, 0, 0, 
0, 0, 0, 
0, 0, 0, 
0, 0, 0, 
0, 0, 0, 
0, 0, 0, 
0, 0, 0, 
0, 0, 0, 
0, 0, 0, 
0, 0, 0, 
0, 0, 0, 
0, 0, 0, 
0, 0, 0, 
0, 0, 0, 
0, 0, 0, 
0, 0, 0, 
0, 0, 0, 
0, 0, 0, 
0, 0, 0, 
0, 0, 0, 
0, 0, 0, 
0, 0, 0, 
0, 0, 0, 
0, 0, 0, 
0, 0, 0, 
0, 0, 0, 
0, 0, 0, 
0, 0, 0, 
0, 0, 0, 
0, 0, 0, 
0, 0, 0, 
0, 0, 0, 
0, 0, 0, 
0, 0, 0, 
0, 0, 0, 
0, 0, 0, 
0, 0, 0, 
0, 0, 0, 
0, 0, 0, 
0, 0, 0, 
0, 0, 0, 
0, 0, 0, 
0, 0, 0, 
0, 0, 0, 
0, 0, 0, 
0, 0, 0, 
0, 0, 0, 
0, 0, 0, 
0, 0, 0, 
0, 0, 0, 
0, 0, 0, 
0, 0, 0, 
0, 0, 0, 
0, 0, 0, 
0, 0, 0, 
0, 0, 0, 
0, 0, 0, 
0, 0, 0, 
0, 0, 0, 
0, 0, 0, 
0, 0, 0, 
0, 0, 0, 
0, 0, 0, 
0, 0, 0, 
0, 0, 0, 
0, 0, 0, 
0, 0, 0, 
0, 0, 0, 
0, 0, 0, 
0, 0, 0, 
0, 0, 0, 
0, 0, 0, 
0, 0, 0, 
0, 0, 0, 
0, 0, 0, 
0, 0, 0, 
0, 0, 0, 
0, 0, 0, 
0, 0, 0, 
0, 0, 0, 
0, 0, 0, 
0, 0, 0, 
0, 0, 0, 
0, 0, 0, 
0, 0, 0, 
0, 0, 0, 
0, 0, 0, 
0, 0, 0, 
0, 0, 0, 
0, 0, 0, 
0, 0, 0, 
0, 0, 0, 
0, 0, 0, 
0, 0, 0, 
0, 0, 0, 
0, 0, 0, 
0, 0, 0, 
0, 0, 0, 
0, 0, 0, 
0, 0, 0, 
0, 0, 0, 
0, 0, 0, 
0, 0, 0, 
0, 0, 0, 
0, 0, 0, 
0, 0, 0, 
0, 0, 0, 
0, 0, 0, 
0, 0, 0, 
0, 0, 0, 
0, 0, 0, 
0, 0, 0, 
0, 0, 0, 
0, 0, 0, 
0, 0, 0, 
0, 0, 0, 
0, 0, 0, 
0, 0, 0, 
0, 0, 0, 
0, 0, 0, 
0, 0, 0, 
0, 0, 0, 
0, 0, 0, 
0, 0, 0, 
0, 0, 0, 
0, 0, 0, 
0, 0, 0, 
0, 0, 0, 
0, 0, 0, 
0, 0, 0, 
0, 0, 0, 
0, 0, 0, 
0, 0, 0, 
0, 0, 0, 
0, 0, 0, 
0, 0, 0, 
0, 0, 0, 
0, 0, 0, 
0, 0, 0, 
0, 0, 0, 
0, 0, 0, 
0, 0, 0, 
0, 0, 0, 
0, 0, 0, 
0, 0, 0, 
0, 0, 0, 
0, 0, 0, 
0, 0, 0, 
0, 0, 0, 
0, 0, 0, 
0, 0, 0, 
0, 0, 0, 
0, 0, 0, 
0, 0, 0, 
0, 0, 0, 
0, 0, 0, 
0, 0, 0, 
0, 0, 0, 
0, 0, 0, 
0, 0, 0, 
0, 0, 0, 
0, 0, 0, 
0, 0, 0, 
0, 0, 0, 
0, 0, 0, 
0, 0, 0, 
0, 0, 0, 
0, 0, 0, 
0, 0, 0, 
0, 0, 0, 
0, 0, 0, 
0, 0, 0, 
0, 0, 0, 
0, 0, 0, 
0, 0, 0, 
0, 0, 0, 
0, 0, 0, 
0, 0, 0, 
0, 0, 0, 
0, 0, 0, 
0, 0, 0, 
0, 0, 0, 
0, 0, 0, 
0, 0, 0, 
0, 0, 0, 
0, 0, 0, 
0, 0, 0, 
0, 0, 0, 
0, 0, 0, 
0, 0, 0, 
0, 0, 0, 
0, 0, 0, 
0, 0, 0, 
0, 0, 0, 
0, 0, 0, 
0, 0, 0, 
0, 0, 0, 
0, 0, 0, 
0, 0, 0, 
0, 0, 0, 
0, 0, 0, 
0, 0, 0, 
0, 0, 0, 
0, 0, 0, 
0, 0, 0, 
0, 0, 0, 
0, 0, 0, 
0, 0, 0, 
0, 0, 0, 
0, 0, 0, 
0, 0, 0, 
0, 0, 0, 
0, 0, 0, 
0, 0, 0, 
0, 0, 0, 
0, 0, 0, 
0, 0, 0, 
0, 0, 0, 
0, 0, 0, 
0, 0, 0, 
0, 0, 0, 
0, 0, 0, 
0, 0, 0, 
0, 0, 0, 
0, 0, 0, 
0, 0, 0, 
0, 0, 0, 
0, 0, 0, 
0, 0, 0, 
0, 0, 0, 
0, 0, 0, 
0, 0, 0, 
0, 0, 0, 
0, 0, 0, 
0, 0, 0, 
0, 0, 0, 
0, 0, 0, 
0, 0, 0, 
0, 0, 0, 
0, 0, 0, 
0, 0, 0, 
0, 0, 0, 
0, 0, 0, 
0, 0, 0, 
0, 0, 0, 
0, 0, 0, 
0, 0, 0, 
0, 0, 0, 
0, 0, 0, 
0, 0, 0, 
0, 0, 0, 
0, 0, 0, 
0, 0, 0, 
0, 0, 0, 
0, 0, 0, 
0, 0, 0, 
0, 0, 0, 
0, 0, 0, 
0, 0, 0, 
0, 0, 0, 
0, 0, 0, 
0, 0, 0, 
0, 0, 0, 
0, 0, 0, 
0, 0, 0, 
0, 0, 0, 
0, 0, 0, 
0, 0, 0, 
0, 0, 0, 
0, 0, 0, 
0, 0, 0, 
0, 0, 0, 
0, 0, 0, 
0, 0, 0, 
0, 0, 0, 
0, 0, 0, 
0, 0, 0, 
0, 0, 0, 
0, 0, 0, 
0, 0, 0, 
0, 0, 0, 
0, 0, 0, 
0, 0, 0, 
0, 0, 0, 
0, 0, 0, 
0, 0, 0, 
0, 0, 0, 
0, 0, 0, 
0, 0, 0, 
0, 0, 0, 
0, 0, 0, 
0, 0, 0, 
0, 0, 0, 
0, 0, 0, 
0, 0, 0, 
0, 0, 0, 
0, 0, 0, 
0, 0, 0, 
0, 0, 0, 
0, 0, 0, 
0, 0, 0, 
0, 0, 0, 
0, 0, 0, 
0, 0, 0, 
0, 0, 0, 
0, 0, 0, 
0, 0, 0, 
0, 0, 0, 
0, 0, 0, 
0, 0, 0, 
0, 0, 0, 
0, 0, 0, 
0, 0, 0, 
0, 0, 0, 
0, 0, 0, 
0, 0, 0, 
0, 0, 0, 
0, 0, 0, 
0, 0, 0, 
0, 0, 0, 
0, 0, 0, 
0, 0, 0, 
0, 0, 0, 
0, 0, 0, 
0, 0, 0, 
0, 0, 0, 
0, 0, 0, 
0, 0, 0, 
0, 0, 0, 
0, 0, 0, 
0, 0, 0, 
0, 0, 0, 
0, 0, 0, 
0, 0, 0, 
0, 0, 0, 
0, 0, 0, 
0, 0, 0, 
0, 0, 0, 
0, 0, 0, 
0, 0, 0, 
0, 0, 0, 
0, 0, 0, 
0, 0, 0, 
0, 0, 0, 
0, 0, 0, 
0, 0, 0, 
0, 0, 0, 
0, 0, 0, 
0, 0, 0, 
0, 0, 0, 
0, 0, 0, 
0, 0, 0, 
0, 0, 0, 
0, 0, 0, 
0, 0, 0, 
0, 0, 0, 
0, 0, 0, 
0, 0, 0, 
0, 0, 0, 
0, 0, 0, 
0, 0, 0, 
0, 0, 0, 
0, 0, 0, 
0, 0, 0, 
0, 0, 0, 
0, 0, 0, 
0, 0, 0, 
0, 0, 0, 
0, 0, 0, 
0, 0, 0, 
0, 0, 0, 
0, 0, 0, 
0, 0, 0, 
0, 0, 0, 
0, 0, 0, 
0, 0, 0, 
0, 0, 0, 
0, 0, 0, 
0, 0, 0, 
0, 0, 0, 
0, 0, 0, 
0, 0, 0, 
0, 0, 0, 
0, 0, 0, 
0, 0, 0, 
0, 0, 0, 
0, 0, 0, 
0, 0, 0, 
0, 0, 0, 
0, 0, 0, 
0, 0, 0, 
0, 0, 0, 
0, 0, 0, 
0, 0, 0, 
0, 0, 0, 
0, 0, 0, 
0, 0, 0, 
0, 0, 0, 
0, 0, 0, 
0, 0, 0, 
]);
var flagbu = new Float32Array([
0.198739, 0.86094, 
0.198739, 0.86094, 
0.198739, 0.86094, 
0.198739, 0.86094, 
0.198739, 0.86094, 
0.198739, 0.86094, 
0.198739, 0.86094, 
0.198739, 0.86094, 
0.198739, 0.86094, 
0.198739, 0.86094, 
0.198739, 0.86094, 
0.198739, 0.86094, 
0.198739, 0.86094, 
0.198739, 0.86094, 
0.198739, 0.86094, 
0.198739, 0.86094, 
0.198739, 0.86094, 
0.198739, 0.86094, 
0.198739, 0.86094, 
0.198739, 0.86094, 
0.198739, 0.86094, 
0.198739, 0.86094, 
0.198739, 0.86094, 
0.198739, 0.86094, 
0.400945, 0.893262, 
0.400945, 0.893262, 
0.400945, 0.893262, 
0.198739, 0.86094, 
0.198739, 0.86094, 
0.198739, 0.86094, 
0.198739, 0.86094, 
0.198739, 0.86094, 
0.198739, 0.86094, 
0.198739, 0.86094, 
0.198739, 0.86094, 
0.198739, 0.86094, 
0.198739, 0.86094, 
0.198739, 0.86094, 
0.198739, 0.86094, 
0.198739, 0.86094, 
0.198739, 0.86094, 
0.198739, 0.86094, 
0.198739, 0.86094, 
0.198739, 0.86094, 
0.198739, 0.86094, 
0.198739, 0.86094, 
0.198739, 0.86094, 
0.198739, 0.86094, 
0.198739, 0.86094, 
0.198739, 0.86094, 
0.198739, 0.86094, 
0.198739, 0.86094, 
0.198739, 0.86094, 
0.198739, 0.86094, 
0.198739, 0.86094, 
0.198739, 0.86094, 
0.198739, 0.86094, 
0.198739, 0.86094, 
0.198739, 0.86094, 
0.198739, 0.86094, 
0.198739, 0.86094, 
0.198739, 0.86094, 
0.198739, 0.86094, 
0.198739, 0.86094, 
0.198739, 0.86094, 
0.198739, 0.86094, 
0.198739, 0.86094, 
0.198739, 0.86094, 
0.198739, 0.86094, 
0.198739, 0.86094, 
0.198739, 0.86094, 
0.198739, 0.86094, 
0.198739, 0.86094, 
0.198739, 0.86094, 
0.198739, 0.86094, 
0.198739, 0.86094, 
0.198739, 0.86094, 
0.198739, 0.86094, 
0.198739, 0.86094, 
0.198739, 0.86094, 
0.198739, 0.86094, 
0.198739, 0.86094, 
0.198739, 0.86094, 
0.198739, 0.86094, 
0.198739, 0.86094, 
0.198739, 0.86094, 
0.198739, 0.86094, 
0.198739, 0.86094, 
0.198739, 0.86094, 
0.198739, 0.86094, 
0.198739, 0.86094, 
0.198739, 0.86094, 
0.198739, 0.86094, 
0.198739, 0.86094, 
0.198739, 0.86094, 
0.198739, 0.86094, 
0.198739, 0.86094, 
0.198739, 0.86094, 
0.198739, 0.86094, 
0.198739, 0.86094, 
0.198739, 0.86094, 
0.198739, 0.86094, 
0.198739, 0.86094, 
0.198739, 0.86094, 
0.198739, 0.86094, 
0.198739, 0.86094, 
0.198739, 0.86094, 
0.198739, 0.86094, 
0.198739, 0.86094, 
0.198739, 0.86094, 
0.198739, 0.86094, 
0.198739, 0.86094, 
0.198739, 0.86094, 
0.198739, 0.86094, 
0.198739, 0.86094, 
0.198739, 0.86094, 
0.198739, 0.86094, 
0.198739, 0.86094, 
0.198739, 0.86094, 
0.198739, 0.86094, 
0.198739, 0.86094, 
0.198739, 0.86094, 
0.198739, 0.86094, 
0.198739, 0.86094, 
0.198739, 0.86094, 
0.198739, 0.86094, 
0.198739, 0.86094, 
0.198739, 0.86094, 
0.198739, 0.86094, 
0.198739, 0.86094, 
0.198739, 0.86094, 
0.198739, 0.86094, 
0.198739, 0.86094, 
0.198739, 0.86094, 
0.198739, 0.86094, 
0.198739, 0.86094, 
0.198739, 0.86094, 
0.198739, 0.86094, 
0.198739, 0.86094, 
0.198739, 0.86094, 
0.198739, 0.86094, 
0.198739, 0.86094, 
0.198739, 0.86094, 
0.198739, 0.86094, 
0.198739, 0.86094, 
0.198739, 0.86094, 
0.198739, 0.86094, 
0.198739, 0.86094, 
0.198739, 0.86094, 
0.198739, 0.86094, 
0.198739, 0.86094, 
0.198739, 0.86094, 
0.198739, 0.86094, 
0.198739, 0.86094, 
0.198739, 0.86094, 
0.198739, 0.86094, 
0.198739, 0.86094, 
0.198739, 0.86094, 
0.198739, 0.86094, 
0.198739, 0.86094, 
0.198739, 0.86094, 
0.198739, 0.86094, 
0.198739, 0.86094, 
0.198739, 0.86094, 
0.198739, 0.86094, 
0.198739, 0.86094, 
0.198739, 0.86094, 
0.198739, 0.86094, 
0.198739, 0.86094, 
0.198739, 0.86094, 
0.198739, 0.86094, 
0.198739, 0.86094, 
0.198739, 0.86094, 
0.198739, 0.86094, 
0.198739, 0.86094, 
0.198739, 0.86094, 
0.198739, 0.86094, 
0.198739, 0.86094, 
0.198739, 0.86094, 
0.198739, 0.86094, 
0.198739, 0.86094, 
0.198739, 0.86094, 
0.198739, 0.86094, 
0.198739, 0.86094, 
0.198739, 0.86094, 
0.198739, 0.86094, 
0.198739, 0.86094, 
0.198739, 0.86094, 
0.198739, 0.86094, 
0.198739, 0.86094, 
0.198739, 0.86094, 
0.198739, 0.86094, 
0.198739, 0.86094, 
0.198739, 0.86094, 
0.198739, 0.86094, 
0.198739, 0.86094, 
0.198739, 0.86094, 
0.198739, 0.86094, 
0.198739, 0.86094, 
0.198739, 0.86094, 
0.198739, 0.86094, 
0.198739, 0.86094, 
0.198739, 0.86094, 
0.198739, 0.86094, 
0.198739, 0.86094, 
0.198739, 0.86094, 
0.198739, 0.86094, 
0.400945, 0.893262, 
0.400945, 0.893262, 
0.400945, 0.893262, 
0.198739, 0.86094, 
0.198739, 0.86094, 
0.198739, 0.86094, 
0.198739, 0.86094, 
0.198739, 0.86094, 
0.198739, 0.86094, 
0.198739, 0.86094, 
0.198739, 0.86094, 
0.198739, 0.86094, 
0.198739, 0.86094, 
0.198739, 0.86094, 
0.198739, 0.86094, 
0.198739, 0.86094, 
0.198739, 0.86094, 
0.198739, 0.86094, 
0.198739, 0.86094, 
0.198739, 0.86094, 
0.198739, 0.86094, 
0.198739, 0.86094, 
0.198739, 0.86094, 
0.198739, 0.86094, 
0.198739, 0.86094, 
0.198739, 0.86094, 
0.198739, 0.86094, 
0.198739, 0.86094, 
0.198739, 0.86094, 
0.198739, 0.86094, 
0.851537, 0.433918, 
0.004969, 0.216695, 
0.855096, 0.220814, 
0.01172, 0.007321, 
0.852417, 0.220061, 
0.008254, 0.220725, 
0.198739, 0.86094, 
0.198739, 0.86094, 
0.198739, 0.86094, 
0.198739, 0.86094, 
0.198739, 0.86094, 
0.198739, 0.86094, 
0.198739, 0.86094, 
0.198739, 0.86094, 
0.198739, 0.86094, 
0.198739, 0.86094, 
0.198739, 0.86094, 
0.198739, 0.86094, 
0.198739, 0.86094, 
0.198739, 0.86094, 
0.198739, 0.86094, 
0.198739, 0.86094, 
0.198739, 0.86094, 
0.198739, 0.86094, 
0.198739, 0.86094, 
0.198739, 0.86094, 
0.198739, 0.86094, 
0.198739, 0.86094, 
0.198739, 0.86094, 
0.198739, 0.86094, 
0.198739, 0.86094, 
0.198739, 0.86094, 
0.198739, 0.86094, 
0.198739, 0.86094, 
0.198739, 0.86094, 
0.198739, 0.86094, 
0.198739, 0.86094, 
0.198739, 0.86094, 
0.198739, 0.86094, 
0.198739, 0.86094, 
0.198739, 0.86094, 
0.198739, 0.86094, 
0.198739, 0.86094, 
0.198739, 0.86094, 
0.198739, 0.86094, 
0.198739, 0.86094, 
0.198739, 0.86094, 
0.198739, 0.86094, 
0.198739, 0.86094, 
0.198739, 0.86094, 
0.198739, 0.86094, 
0.400945, 0.893262, 
0.400945, 0.893262, 
0.400945, 0.893262, 
0.400945, 0.893262, 
0.400945, 0.893262, 
0.400945, 0.893262, 
0.400945, 0.893262, 
0.400945, 0.893262, 
0.400945, 0.893262, 
0.400945, 0.893262, 
0.400945, 0.893262, 
0.400945, 0.893262, 
0.008254, 0.220725, 
0.848951, 0.433466, 
0.004789, 0.43413, 
0.400945, 0.893262, 
0.400945, 0.893262, 
0.400945, 0.893262, 
0.855096, 0.220814, 
0.008527, 0.003592, 
0.858655, 0.007711, 
0.400945, 0.893262, 
0.400945, 0.893262, 
0.400945, 0.893262, 
0.198739, 0.86094, 
0.198739, 0.86094, 
0.198739, 0.86094, 
0.198739, 0.86094, 
0.198739, 0.86094, 
0.198739, 0.86094, 
0.198739, 0.86094, 
0.198739, 0.86094, 
0.198739, 0.86094, 
0.198739, 0.86094, 
0.198739, 0.86094, 
0.198739, 0.86094, 
0.198739, 0.86094, 
0.198739, 0.86094, 
0.198739, 0.86094, 
0.198739, 0.86094, 
0.198739, 0.86094, 
0.198739, 0.86094, 
0.198739, 0.86094, 
0.198739, 0.86094, 
0.198739, 0.86094, 
0.198739, 0.86094, 
0.198739, 0.86094, 
0.198739, 0.86094, 
0.400945, 0.893262, 
0.400945, 0.893262, 
0.400945, 0.893262, 
0.198739, 0.86094, 
0.198739, 0.86094, 
0.198739, 0.86094, 
0.198739, 0.86094, 
0.198739, 0.86094, 
0.198739, 0.86094, 
0.198739, 0.86094, 
0.198739, 0.86094, 
0.198739, 0.86094, 
0.198739, 0.86094, 
0.198739, 0.86094, 
0.198739, 0.86094, 
0.198739, 0.86094, 
0.198739, 0.86094, 
0.198739, 0.86094, 
0.198739, 0.86094, 
0.198739, 0.86094, 
0.198739, 0.86094, 
0.198739, 0.86094, 
0.198739, 0.86094, 
0.198739, 0.86094, 
0.198739, 0.86094, 
0.198739, 0.86094, 
0.198739, 0.86094, 
0.198739, 0.86094, 
0.198739, 0.86094, 
0.198739, 0.86094, 
0.198739, 0.86094, 
0.198739, 0.86094, 
0.198739, 0.86094, 
0.198739, 0.86094, 
0.198739, 0.86094, 
0.198739, 0.86094, 
0.198739, 0.86094, 
0.198739, 0.86094, 
0.198739, 0.86094, 
0.198739, 0.86094, 
0.198739, 0.86094, 
0.198739, 0.86094, 
0.198739, 0.86094, 
0.198739, 0.86094, 
0.198739, 0.86094, 
0.198739, 0.86094, 
0.198739, 0.86094, 
0.198739, 0.86094, 
0.198739, 0.86094, 
0.198739, 0.86094, 
0.198739, 0.86094, 
0.198739, 0.86094, 
0.198739, 0.86094, 
0.198739, 0.86094, 
0.198739, 0.86094, 
0.198739, 0.86094, 
0.198739, 0.86094, 
0.198739, 0.86094, 
0.198739, 0.86094, 
0.198739, 0.86094, 
0.198739, 0.86094, 
0.198739, 0.86094, 
0.198739, 0.86094, 
0.198739, 0.86094, 
0.198739, 0.86094, 
0.198739, 0.86094, 
0.198739, 0.86094, 
0.198739, 0.86094, 
0.198739, 0.86094, 
0.198739, 0.86094, 
0.198739, 0.86094, 
0.198739, 0.86094, 
0.198739, 0.86094, 
0.198739, 0.86094, 
0.198739, 0.86094, 
0.198739, 0.86094, 
0.198739, 0.86094, 
0.198739, 0.86094, 
0.198739, 0.86094, 
0.198739, 0.86094, 
0.198739, 0.86094, 
0.198739, 0.86094, 
0.198739, 0.86094, 
0.198739, 0.86094, 
0.198739, 0.86094, 
0.198739, 0.86094, 
0.198739, 0.86094, 
0.198739, 0.86094, 
0.198739, 0.86094, 
0.198739, 0.86094, 
0.198739, 0.86094, 
0.198739, 0.86094, 
0.198739, 0.86094, 
0.198739, 0.86094, 
0.198739, 0.86094, 
0.198739, 0.86094, 
0.198739, 0.86094, 
0.198739, 0.86094, 
0.198739, 0.86094, 
0.198739, 0.86094, 
0.198739, 0.86094, 
0.198739, 0.86094, 
0.198739, 0.86094, 
0.198739, 0.86094, 
0.198739, 0.86094, 
0.198739, 0.86094, 
0.198739, 0.86094, 
0.198739, 0.86094, 
0.198739, 0.86094, 
0.198739, 0.86094, 
0.198739, 0.86094, 
0.198739, 0.86094, 
0.198739, 0.86094, 
0.198739, 0.86094, 
0.198739, 0.86094, 
0.198739, 0.86094, 
0.198739, 0.86094, 
0.198739, 0.86094, 
0.198739, 0.86094, 
0.198739, 0.86094, 
0.198739, 0.86094, 
0.198739, 0.86094, 
0.198739, 0.86094, 
0.198739, 0.86094, 
0.198739, 0.86094, 
0.198739, 0.86094, 
0.198739, 0.86094, 
0.198739, 0.86094, 
0.198739, 0.86094, 
0.198739, 0.86094, 
0.198739, 0.86094, 
0.198739, 0.86094, 
0.198739, 0.86094, 
0.198739, 0.86094, 
0.198739, 0.86094, 
0.198739, 0.86094, 
0.198739, 0.86094, 
0.198739, 0.86094, 
0.198739, 0.86094, 
0.198739, 0.86094, 
0.198739, 0.86094, 
0.198739, 0.86094, 
0.198739, 0.86094, 
0.198739, 0.86094, 
0.198739, 0.86094, 
0.198739, 0.86094, 
0.198739, 0.86094, 
0.198739, 0.86094, 
0.198739, 0.86094, 
0.198739, 0.86094, 
0.198739, 0.86094, 
0.198739, 0.86094, 
0.198739, 0.86094, 
0.198739, 0.86094, 
0.198739, 0.86094, 
0.198739, 0.86094, 
0.198739, 0.86094, 
0.198739, 0.86094, 
0.198739, 0.86094, 
0.198739, 0.86094, 
0.198739, 0.86094, 
0.198739, 0.86094, 
0.198739, 0.86094, 
0.198739, 0.86094, 
0.198739, 0.86094, 
0.198739, 0.86094, 
0.198739, 0.86094, 
0.198739, 0.86094, 
0.198739, 0.86094, 
0.198739, 0.86094, 
0.198739, 0.86094, 
0.198739, 0.86094, 
0.198739, 0.86094, 
0.198739, 0.86094, 
0.198739, 0.86094, 
0.198739, 0.86094, 
0.198739, 0.86094, 
0.198739, 0.86094, 
0.198739, 0.86094, 
0.198739, 0.86094, 
0.198739, 0.86094, 
0.198739, 0.86094, 
0.198739, 0.86094, 
0.400945, 0.893262, 
0.400945, 0.893262, 
0.400945, 0.893262, 
0.198739, 0.86094, 
0.198739, 0.86094, 
0.198739, 0.86094, 
0.198739, 0.86094, 
0.198739, 0.86094, 
0.198739, 0.86094, 
0.198739, 0.86094, 
0.198739, 0.86094, 
0.198739, 0.86094, 
0.198739, 0.86094, 
0.198739, 0.86094, 
0.198739, 0.86094, 
0.198739, 0.86094, 
0.198739, 0.86094, 
0.198739, 0.86094, 
0.198739, 0.86094, 
0.198739, 0.86094, 
0.198739, 0.86094, 
0.198739, 0.86094, 
0.198739, 0.86094, 
0.198739, 0.86094, 
0.198739, 0.86094, 
0.198739, 0.86094, 
0.198739, 0.86094, 
0.198739, 0.86094, 
0.198739, 0.86094, 
0.198739, 0.86094, 
0.851537, 0.433918, 
0.00141, 0.429798, 
0.004969, 0.216695, 
0.01172, 0.007321, 
0.855883, 0.006656, 
0.852417, 0.220061, 
0.198739, 0.86094, 
0.198739, 0.86094, 
0.198739, 0.86094, 
0.198739, 0.86094, 
0.198739, 0.86094, 
0.198739, 0.86094, 
0.198739, 0.86094, 
0.198739, 0.86094, 
0.198739, 0.86094, 
0.198739, 0.86094, 
0.198739, 0.86094, 
0.198739, 0.86094, 
0.198739, 0.86094, 
0.198739, 0.86094, 
0.198739, 0.86094, 
0.198739, 0.86094, 
0.198739, 0.86094, 
0.198739, 0.86094, 
0.198739, 0.86094, 
0.198739, 0.86094, 
0.198739, 0.86094, 
0.198739, 0.86094, 
0.198739, 0.86094, 
0.198739, 0.86094, 
0.198739, 0.86094, 
0.198739, 0.86094, 
0.198739, 0.86094, 
0.198739, 0.86094, 
0.198739, 0.86094, 
0.198739, 0.86094, 
0.198739, 0.86094, 
0.198739, 0.86094, 
0.198739, 0.86094, 
0.198739, 0.86094, 
0.198739, 0.86094, 
0.198739, 0.86094, 
0.198739, 0.86094, 
0.198739, 0.86094, 
0.198739, 0.86094, 
0.198739, 0.86094, 
0.198739, 0.86094, 
0.198739, 0.86094, 
0.198739, 0.86094, 
0.198739, 0.86094, 
0.198739, 0.86094, 
0.400945, 0.893262, 
0.400945, 0.893262, 
0.400945, 0.893262, 
0.400945, 0.893262, 
0.400945, 0.893262, 
0.400945, 0.893262, 
0.400945, 0.893262, 
0.400945, 0.893262, 
0.400945, 0.893262, 
0.400945, 0.893262, 
0.400945, 0.893262, 
0.400945, 0.893262, 
0.008254, 0.220725, 
0.852417, 0.220061, 
0.848951, 0.433466, 
0.400945, 0.893262, 
0.400945, 0.893262, 
0.400945, 0.893262, 
0.855096, 0.220814, 
0.004969, 0.216695, 
0.008527, 0.003592, 
0.400945, 0.893262, 
0.400945, 0.893262, 
0.400945, 0.893262, 
0, 0, 
0, 0, 
0, 0, 
0, 0, 
0, 0, 
0, 0, 
0, 0, 
0, 0, 
0, 0, 
0, 0, 
0, 0, 
0, 0, 
0, 0, 
0, 0, 
0, 0, 
0, 0, 
0, 0, 
0, 0, 
0, 0, 
0, 0, 
0, 0, 
0, 0, 
0, 0, 
0, 0, 
0, 0, 
0, 0, 
0, 0, 
0, 0, 
0, 0, 
0, 0, 
0, 0, 
0, 0, 
0, 0, 
0, 0, 
0, 0, 
0, 0, 
0, 0, 
0, 0, 
0, 0, 
0, 0, 
0, 0, 
0, 0, 
0, 0, 
0, 0, 
0, 0, 
0, 0, 
0, 0, 
0, 0, 
0, 0, 
0, 0, 
0, 0, 
0, 0, 
0, 0, 
0, 0, 
0, 0, 
0, 0, 
0, 0, 
0, 0, 
0, 0, 
0, 0, 
0, 0, 
0, 0, 
0, 0, 
0, 0, 
0, 0, 
0, 0, 
0, 0, 
0, 0, 
0, 0, 
0, 0, 
0, 0, 
0, 0, 
0, 0, 
0, 0, 
0, 0, 
0, 0, 
0, 0, 
0, 0, 
0, 0, 
0, 0, 
0, 0, 
0, 0, 
0, 0, 
0, 0, 
0, 0, 
0, 0, 
0, 0, 
0, 0, 
0, 0, 
0, 0, 
0, 0, 
0, 0, 
0, 0, 
0, 0, 
0, 0, 
0, 0, 
0, 0, 
0, 0, 
0, 0, 
0, 0, 
0, 0, 
0, 0, 
0, 0, 
0, 0, 
0, 0, 
0, 0, 
0, 0, 
0, 0, 
0, 0, 
0, 0, 
0, 0, 
0, 0, 
0, 0, 
0, 0, 
0, 0, 
0, 0, 
0, 0, 
0, 0, 
0, 0, 
0, 0, 
0, 0, 
0, 0, 
0, 0, 
0, 0, 
0, 0, 
0, 0, 
0, 0, 
0, 0, 
0, 0, 
0, 0, 
0, 0, 
0, 0, 
0, 0, 
0, 0, 
0, 0, 
0, 0, 
0, 0, 
0, 0, 
0, 0, 
0, 0, 
0, 0, 
0, 0, 
0, 0, 
0, 0, 
0, 0, 
0, 0, 
0, 0, 
0, 0, 
0, 0, 
0, 0, 
0, 0, 
0, 0, 
0, 0, 
0, 0, 
0, 0, 
0, 0, 
0, 0, 
0, 0, 
0, 0, 
0, 0, 
0, 0, 
0, 0, 
0, 0, 
0, 0, 
0, 0, 
0, 0, 
0, 0, 
0, 0, 
0, 0, 
0, 0, 
0, 0, 
0, 0, 
0, 0, 
0, 0, 
0, 0, 
0, 0, 
0, 0, 
0, 0, 
0, 0, 
0, 0, 
0, 0, 
0, 0, 
0, 0, 
0, 0, 
0, 0, 
0, 0, 
0, 0, 
0, 0, 
0, 0, 
0, 0, 
0, 0, 
0, 0, 
0, 0, 
0, 0, 
0, 0, 
0, 0, 
0, 0, 
0, 0, 
0, 0, 
0, 0, 
0, 0, 
0, 0, 
0, 0, 
0, 0, 
0, 0, 
0, 0, 
0, 0, 
0, 0, 
0, 0, 
0, 0, 
0, 0, 
0, 0, 
0, 0, 
0, 0, 
0, 0, 
0, 0, 
0, 0, 
0, 0, 
0, 0, 
0, 0, 
0, 0, 
0, 0, 
0, 0, 
0, 0, 
0, 0, 
0, 0, 
0, 0, 
0, 0, 
0, 0, 
0, 0, 
0, 0, 
0, 0, 
0, 0, 
0, 0, 
0, 0, 
0, 0, 
0, 0, 
0, 0, 
0, 0, 
0, 0, 
0, 0, 
0, 0, 
0, 0, 
0, 0, 
0, 0, 
0, 0, 
0, 0, 
0, 0, 
0, 0, 
0, 0, 
0, 0, 
0, 0, 
0, 0, 
0, 0, 
0, 0, 
0, 0, 
0, 0, 
0, 0, 
0, 0, 
0, 0, 
0, 0, 
0, 0, 
0, 0, 
0, 0, 
0, 0, 
0, 0, 
0, 0, 
0, 0, 
0, 0, 
0, 0, 
0, 0, 
0, 0, 
0, 0, 
0, 0, 
0, 0, 
0, 0, 
0, 0, 
0, 0, 
0, 0, 
0, 0, 
0, 0, 
0, 0, 
0, 0, 
0, 0, 
0, 0, 
0, 0, 
0, 0, 
0, 0, 
0, 0, 
0, 0, 
0, 0, 
0, 0, 
0, 0, 
0, 0, 
0, 0, 
0, 0, 
0, 0, 
0, 0, 
0, 0, 
0, 0, 
0, 0, 
0, 0, 
0, 0, 
0, 0, 
0, 0, 
0, 0, 
0, 0, 
0, 0, 
0, 0, 
0, 0, 
0, 0, 
0, 0, 
0, 0, 
0, 0, 
0, 0, 
0, 0, 
0, 0, 
0, 0, 
0, 0, 
0, 0, 
0, 0, 
0, 0, 
0, 0, 
0, 0, 
0, 0, 
0, 0, 
0, 0, 
0, 0, 
0, 0, 
0, 0, 
0, 0, 
0, 0, 
0, 0, 
0, 0, 
0, 0, 
0, 0, 
0, 0, 
0, 0, 
0, 0, 
0, 0, 
0, 0, 
0, 0, 
0, 0, 
0, 0, 
0, 0, 
0, 0, 
0, 0, 
0, 0, 
0, 0, 
0, 0, 
0, 0, 
0, 0, 
0, 0, 
0, 0, 
0, 0, 
0, 0, 
0, 0, 
0, 0, 
0, 0, 
0, 0, 
0, 0, 
0, 0, 
0, 0, 
0, 0, 
0, 0, 
0, 0, 
0, 0, 
0, 0, 
0, 0, 
0, 0, 
0, 0, 
0, 0, 
0, 0, 
0, 0, 
0, 0, 
0, 0, 
0, 0, 
0, 0, 
0, 0, 
0, 0, 
0, 0, 
0, 0, 
0, 0, 
0, 0, 
0, 0, 
0, 0, 
0, 0, 
0, 0, 
0, 0, 
0, 0, 
0, 0, 
0, 0, 
0, 0, 
0, 0, 
0, 0, 
0, 0, 
0, 0, 
0, 0, 
0, 0, 
0, 0, 
0, 0, 
0, 0, 
0, 0, 
0, 0, 
0, 0, 
0, 0, 
0, 0, 
0, 0, 
0, 0, 
0, 0, 
0, 0, 
0, 0, 
0, 0, 
0, 0, 
0, 0, 
0, 0, 
0, 0, 
0, 0, 
0, 0, 
0, 0, 
0, 0, 
0, 0, 
0, 0, 
0, 0, 
0, 0, 
0, 0, 
0, 0, 
0, 0, 
0, 0, 
0, 0, 
0, 0, 
0, 0, 
0, 0, 
0, 0, 
0, 0, 
0, 0, 
0, 0, 
0, 0, 
0, 0, 
0, 0, 
0, 0, 
0, 0, 
0, 0, 
0, 0, 
0, 0, 
0, 0, 
0, 0, 
0, 0, 
0, 0, 
0, 0, 
0, 0, 
0, 0, 
0, 0, 
0, 0, 
0, 0, 
0, 0, 
0, 0, 
0, 0, 
0, 0, 
0, 0, 
0, 0, 
0, 0, 
0, 0, 
0, 0, 
0, 0, 
0, 0, 
0, 0, 
0, 0, 
0, 0, 
0, 0, 
0, 0, 
0, 0, 
0, 0, 
0, 0, 
0, 0, 
0, 0, 
0, 0, 
0, 0, 
0, 0, 
0, 0, 
0, 0, 
0, 0, 
0, 0, 
0, 0, 
0, 0, 
0, 0, 
0, 0, 
0, 0, 
0, 0, 
0, 0, 
0, 0, 
0, 0, 
0, 0, 
0, 0, 
0, 0, 
0, 0, 
0, 0, 
0, 0, 
0, 0, 
0, 0, 
0, 0, 
0, 0, 
0, 0, 
0, 0, 
0, 0, 
0, 0, 
0, 0, 
0, 0, 
0, 0, 
0, 0, 
0, 0, 
0, 0, 
0, 0, 
0, 0, 
0, 0, 
0, 0, 
0, 0, 
0, 0, 
0, 0, 
0, 0, 
0, 0, 
0, 0, 
0, 0, 
0, 0, 
0, 0, 
0, 0, 
0, 0, 
0, 0, 
0, 0, 
0, 0, 
0, 0, 
0, 0, 
0, 0, 
0, 0, 
0, 0, 
0, 0, 
0, 0, 
0, 0, 
0, 0, 
0, 0, 
0, 0, 
0, 0, 
0, 0, 
0, 0, 
0, 0, 
0, 0, 
0, 0, 
0, 0, 
0, 0, 
0, 0, 
0, 0, 
0, 0, 
0, 0, 
0, 0, 
0, 0, 
0, 0, 
0, 0, 
0, 0, 
0, 0, 
0, 0, 
0, 0, 
0, 0, 
0, 0, 
0, 0, 
0, 0, 
0, 0, 
0, 0, 
0, 0, 
0, 0, 
0, 0, 
0, 0, 
0, 0, 
0, 0, 
0, 0, 
0, 0, 
0, 0, 
0, 0, 
0, 0, 
0, 0, 
0, 0, 
0, 0, 
0, 0, 
0, 0, 
0, 0, 
0, 0, 
0, 0, 
0, 0, 
0, 0, 
0, 0, 
0, 0, 
0, 0, 
0, 0, 
0, 0, 
0, 0, 
0, 0, 
0, 0, 
0, 0, 
0, 0, 
0, 0, 
0, 0, 
0, 0, 
0, 0, 
0, 0, 
0, 0, 
0, 0, 
0, 0, 
0, 0, 
0, 0, 
0, 0, 
0, 0, 
0, 0, 
0, 0, 
0, 0, 
0, 0, 
0, 0, 
0, 0, 
0, 0, 
0, 0, 
0, 0, 
0, 0, 
0, 0, 
0, 0, 
0, 0, 
0, 0, 
0, 0, 
0, 0, 
0, 0, 
0, 0, 
0, 0, 
0, 0, 
0, 0, 
0, 0, 
0, 0, 
0, 0, 
0, 0, 
0, 0, 
0, 0, 
0, 0, 
0, 0, 
0, 0, 
0, 0, 
0, 0, 
0, 0, 
0, 0, 
0, 0, 
0, 0, 
0, 0, 
0, 0, 
0, 0, 
0, 0, 
0, 0, 
0, 0, 
0, 0, 
0, 0, 
0, 0, 
0, 0, 
0, 0, 
0, 0, 
0, 0, 
0, 0, 
0, 0, 
0, 0, 
0, 0, 
0, 0, 
0, 0, 
0, 0, 
0, 0, 
0, 0, 
0, 0, 
0, 0, 
0, 0, 
0, 0, 
0, 0, 
0, 0, 
0, 0, 
0, 0, 
0, 0, 
0, 0, 
0, 0, 
0, 0, 
0, 0, 
0, 0, 
0, 0, 
0, 0, 
0, 0, 
0, 0, 
0, 0, 
0, 0, 
0, 0, 
0, 0, 
0, 0, 
0, 0, 
0, 0, 
0, 0, 
0, 0, 
0, 0, 
0, 0, 
0, 0, 
0, 0, 
0, 0, 
0, 0, 
0, 0, 
0, 0, 
0, 0, 
0, 0, 
0, 0, 
0, 0, 
0, 0, 
0, 0, 
0, 0, 
0, 0, 
0, 0, 
0, 0, 
0, 0, 
0, 0, 
0, 0, 
0, 0, 
0, 0, 
0, 0, 
0, 0, 
0, 0, 
0, 0, 
0, 0, 
0, 0, 
0, 0, 
0, 0, 
0, 0, 
0, 0, 
0, 0, 
0, 0, 
0, 0, 
0, 0, 
0, 0, 
0, 0, 
0, 0, 
0, 0, 
0, 0, 
0, 0, 
0, 0, 
0, 0, 
0, 0, 
0, 0, 
0, 0, 
0, 0, 
0, 0, 
0, 0, 
0, 0, 
0, 0, 
0, 0, 
0, 0, 
0, 0, 
0, 0, 
0, 0, 
0, 0, 
0, 0, 
0, 0, 
0, 0, 
0, 0, 
0, 0, 
0, 0, 
0, 0, 
0, 0, 
0, 0, 
0, 0, 
0, 0, 
0, 0, 
0, 0, 
0, 0, 
0, 0, 
0, 0, 
0, 0, 
0, 0, 
0, 0, 
0, 0, 
0, 0, 
0, 0, 
0, 0, 
0, 0, 
0, 0, 
0, 0, 
0, 0, 
0, 0, 
0, 0, 
0, 0, 
0, 0, 
0, 0, 
0, 0, 
0, 0, 
0, 0, 
0, 0, 
0, 0, 
0, 0, 
0, 0, 
0, 0, 
0, 0, 
0, 0, 
0, 0, 
0, 0, 
0, 0, 
0, 0, 
0, 0, 
0, 0, 
0, 0, 
0, 0, 
0, 0, 
0, 0, 
0, 0, 
0, 0, 
0, 0, 
0, 0, 
0, 0, 
0, 0, 
0, 0, 
0, 0, 
0, 0, 
0, 0, 
0, 0, 
0, 0, 
0, 0, 
0, 0, 
0, 0, 
0, 0, 
0, 0, 
0, 0, 
0, 0, 
0, 0, 
0, 0, 
0, 0, 
0, 0, 
0, 0, 
0, 0, 
0, 0, 
0, 0, 
0, 0, 
0, 0, 
0, 0, 
0, 0, 
0, 0, 
0, 0, 
0, 0, 
0, 0, 
0, 0, 
0, 0, 
0, 0, 
0, 0, 
0, 0, 
0, 0, 
0, 0, 
0, 0, 
0, 0, 
0, 0, 
0, 0, 
0, 0, 
0, 0, 
0, 0, 
0, 0, 
0, 0, 
0, 0, 
0, 0, 
0, 0, 
0, 0, 
0, 0, 
0, 0, 
0, 0, 
0, 0, 
0, 0, 
0, 0, 
0, 0, 
0, 0, 
0, 0, 
0, 0, 
0, 0, 
0, 0, 
0, 0, 
0, 0, 
0, 0, 
0, 0, 
0, 0, 
0, 0, 
0, 0, 
0, 0, 
0, 0, 
0, 0, 
0, 0, 
0, 0, 
0, 0, 
0, 0, 
0, 0, 
0, 0, 
0, 0, 
0, 0, 
0, 0, 
0, 0, 
0, 0, 
0, 0, 
0, 0, 
0, 0, 
0, 0, 
0, 0, 
0, 0, 
0, 0, 
0, 0, 
0, 0, 
0, 0, 
0, 0, 
0, 0, 
0, 0, 
0, 0, 
0, 0, 
0, 0, 
0, 0, 
0, 0, 
0, 0, 
0, 0, 
0, 0, 
0, 0, 
0, 0, 
0, 0, 
0, 0, 
0, 0, 
0, 0, 
0, 0, 
0, 0, 
0, 0, 
0, 0, 
0, 0, 
0, 0, 
0, 0, 
0, 0, 
0, 0, 
0, 0, 
0, 0, 
0, 0, 
0, 0, 
0, 0, 
0, 0, 
0, 0, 
0, 0, 
0, 0, 
0, 0, 
0, 0, 
0, 0, 
0, 0, 
0, 0, 
0, 0, 
0, 0, 
0, 0, 
0, 0, 
0, 0, 
0, 0, 
0, 0, 
0, 0, 
0, 0, 
0, 0, 
0, 0, 
0, 0, 
0, 0, 
0, 0, 
0, 0, 
0, 0, 
0, 0, 
0, 0, 
0, 0, 
0, 0, 
0, 0, 
0, 0, 
0, 0, 
0, 0, 
0, 0, 
0, 0, 
0, 0, 
0, 0, 
0, 0, 
0, 0, 
0, 0, 
0, 0, 
0, 0, 
0, 0, 
0, 0, 
0, 0, 
0, 0, 
0, 0, 
0, 0, 
0, 0, 
0, 0, 
0, 0, 
0, 0, 
0, 0, 
0, 0, 
0, 0, 
0, 0, 
0, 0, 
0, 0, 
0, 0, 
0, 0, 
0, 0, 
0, 0, 
0, 0, 
0, 0, 
0, 0, 
0, 0, 
0, 0, 
0, 0, 
0, 0, 
0, 0, 
0, 0, 
0, 0, 
0, 0, 
0, 0, 
0, 0, 
0, 0, 
0, 0, 
0, 0, 
0, 0, 
0, 0, 
0, 0, 
0, 0, 
0, 0, 
0, 0, 
0, 0, 
0, 0, 
0, 0, 
0, 0, 
0, 0, 
0, 0, 
0, 0, 
0, 0, 
0, 0, 
0, 0, 
0, 0, 
0, 0, 
0, 0, 
0, 0, 
0, 0, 
0, 0, 
0, 0, 
0, 0, 
0, 0, 
0, 0, 
0, 0, 
0, 0, 
0, 0, 
0, 0, 
0, 0, 
0, 0, 
0, 0, 
0, 0, 
0, 0, 
0, 0, 
0, 0, 
0, 0, 
0, 0, 
0, 0, 
0, 0, 
0, 0, 
0, 0, 
0, 0, 
0, 0, 
0, 0, 
0, 0, 
0, 0, 
0, 0, 
0, 0, 
0, 0, 
0, 0, 
0, 0, 
0, 0, 
0, 0, 
0, 0, 
0, 0, 
0, 0, 
0, 0, 
0, 0, 
0, 0, 
0, 0, 
0, 0, 
0, 0, 
0, 0, 
0, 0, 
0, 0, 
0, 0, 
0, 0, 
0, 0, 
0, 0, 
0, 0, 
0, 0, 
0, 0, 
0, 0, 
0, 0, 
0, 0, 
0, 0, 
0, 0, 
0, 0, 
0, 0, 
0, 0, 
0, 0, 
0, 0, 
0, 0, 
0, 0, 
0, 0, 
0, 0, 
0, 0, 
0, 0, 
0, 0, 
0, 0, 
0, 0, 
0, 0, 
0, 0, 
0, 0, 
0, 0, 
0, 0, 
0, 0, 
0, 0, 
0, 0, 
0, 0, 
0, 0, 
0, 0, 
0, 0, 
0, 0, 
0, 0, 
0, 0, 
0, 0, 
0, 0, 
0, 0, 
0, 0, 
0, 0, 
0, 0, 
0, 0, 
0, 0, 
0, 0, 
0, 0, 
0, 0, 
0, 0, 
0, 0, 
0, 0, 
0, 0, 
0, 0, 
0, 0, 
0, 0, 
0, 0, 
0, 0, 
0, 0, 
0, 0, 
0, 0, 
0, 0, 
0, 0, 
0, 0, 
0, 0, 
0, 0, 
0, 0, 
0, 0, 
0, 0, 
0, 0, 
0, 0, 
0, 0, 
0, 0, 
0, 0, 
0, 0, 
0, 0, 
0, 0, 
0, 0, 
0, 0, 
0, 0, 
0, 0, 
0, 0, 
0, 0, 
0, 0, 
0, 0, 
0, 0, 
0, 0, 
0, 0, 
0, 0, 
0, 0, 
0, 0, 
0, 0, 
0, 0, 
0, 0, 
0, 0, 
0, 0, 
0, 0, 
0, 0, 
0, 0, 
0, 0, 
0, 0, 
0, 0, 
0, 0, 
0, 0, 
0, 0, 
0, 0, 
0, 0, 
0, 0, 
0, 0, 
0, 0, 
0, 0, 
0, 0, 
0, 0, 
0, 0, 
0, 0, 
0, 0, 
0, 0, 
0, 0, 
0, 0, 
0, 0, 
0, 0, 
0, 0, 
0, 0, 
0, 0, 
0, 0, 
0, 0, 
0, 0, 
0, 0, 
0, 0, 
0, 0, 
0, 0, 
0, 0, 
0, 0, 
0, 0, 
0, 0, 
0, 0, 
0, 0, 
0, 0, 
0, 0, 
0, 0, 
0, 0, 
0, 0, 
0, 0, 
0, 0, 
0, 0, 
0, 0, 
0, 0, 
0, 0, 
0, 0, 
0, 0, 
0, 0, 
0, 0, 
0, 0, 
0, 0, 
0, 0, 
0, 0, 
0, 0, 
0, 0, 
0, 0, 
0, 0, 
0, 0, 
0, 0, 
0, 0, 
0, 0, 
0, 0, 
]);
