var flagfv = new Float32Array([
-0.1, 2, 0.05, 
-0.05, 2, 0.1, 
-0.05, 2, 0.05, 
-0.05, 2, 0.1, 
-0.1, 1, 0.1, 
-0.05, 1, 0.1, 
-0.1, 2, -0.05, 
-0.1, 1, -0.1, 
-0.1, 1, -0.05, 
0.1, -2, 0.05, 
0.05, -2, 0.1, 
0.05, -2, 0.05, 
0.1, 2, 0.05, 
0.1, 1, 0.1, 
0.1, 1, 0.05, 
0.05, 2, -0.1, 
0.1, 1, -0.1, 
0.05, 1, -0.1, 
0.05, 0, -0.1, 
0.1, -1, -0.1, 
0.05, -1, -0.1, 
-0.05, 0, -0.1, 
0, -1, -0.1, 
-0.05, -1, -0.1, 
0.05, 2, -0.1, 
0, 2, -3.10493, 
0, 2, -0.1, 
0.1, 0, 0.05, 
0.1, -1, 0.1, 
0.1, -1, 0.05, 
0.1, 0, -0.05, 
0.1, -1, 0, 
0.1, -1, -0.05, 
0.1, 2, -0.05, 
0.1, 1, 0, 
0.1, 1, -0.05, 
0, -2, 0.05, 
-0.05, -2, 0.1, 
-0.05, -2, 0.05, 
0, -2, -0.05, 
-0.05, -2, 0, 
-0.05, -2, -0.05, 
0.1, -2, -0.05, 
0.05, -2, 0, 
0.05, -2, -0.05, 
-0.1, 0, -0.05, 
-0.1, -1, -0.1, 
-0.1, -1, -0.05, 
-0.1, 0, 0.05, 
-0.1, -1, 0, 
-0.1, -1, 0.05, 
-0.1, 2, 0.05, 
-0.1, 1, 0, 
-0.1, 1, 0.05, 
-0.05, 0, 0.1, 
-0.1, -1, 0.1, 
-0.05, -1, 0.1, 
0.05, 0, 0.1, 
0, -1, 0.1, 
0.05, -1, 0.1, 
0.05, 2, 0.1, 
0, 1, 0.1, 
0.05, 1, 0.1, 
0, 2, 0.05, 
0.05, 2, 0.1, 
0.05, 2, 0.05, 
0, 2, -0.05, 
0.05, 2, 0, 
0.05, 2, -0.05, 
-0.1, 2, -0.05, 
-0.05, 2, 0, 
-0.05, 2, -0.05, 
-0.05, 2, -0.05, 
0, 2, 0, 
0, 2, -0.05, 
-0.05, 2, -0.1, 
0, 2, -0.05, 
0, 2, -0.1, 
-0.1, 2, -0.1, 
-0.05, 2, -0.05, 
-0.05, 2, -0.1, 
0.05, 2, -0.05, 
0.1, 2, 0, 
0.1, 2, -0.05, 
0.05, 2, -0.1, 
0.1, 2, -0.05, 
0.1, 2, -0.1, 
0, 2, -0.1, 
0.05, 2, -0.05, 
0.05, 2, -0.1, 
0.05, 2, 0.05, 
0.1, 2, 0.1, 
0.1, 2, 0.05, 
0.05, 2, 0, 
0.1, 2, 0.05, 
0.1, 2, 0, 
0, 2, 0, 
0.05, 2, 0.05, 
0.05, 2, 0, 
0.05, 1, 0.1, 
0, 0, 0.1, 
0.05, 0, 0.1, 
0.1, 1, 0.1, 
0.05, 0, 0.1, 
0.1, 0, 0.1, 
0.1, 2, 0.1, 
0.05, 1, 0.1, 
0.1, 1, 0.1, 
0.05, -1, 0.1, 
0, -2, 0.1, 
0.05, -2, 0.1, 
0.1, -1, 0.1, 
0.05, -2, 0.1, 
0.1, -2, 0.1, 
0.1, 0, 0.1, 
0.05, -1, 0.1, 
0.1, -1, 0.1, 
-0.05, -1, 0.1, 
-0.1, -2, 0.1, 
-0.05, -2, 0.1, 
0, -1, 0.1, 
-0.05, -2, 0.1, 
0, -2, 0.1, 
0, 0, 0.1, 
-0.05, -1, 0.1, 
0, -1, 0.1, 
-0.1, 1, 0.05, 
-0.1, 0, 0, 
-0.1, 0, 0.05, 
-0.1, 1, 0.1, 
-0.1, 0, 0.05, 
-0.1, 0, 0.1, 
-0.1, 2, 0.1, 
-0.1, 1, 0.05, 
-0.1, 1, 0.1, 
-0.1, -1, 0.05, 
-0.1, -2, 0, 
-0.1, -2, 0.05, 
-0.1, -1, 0.1, 
-0.1, -2, 0.05, 
-0.1, -2, 0.1, 
-0.1, 0, 0.1, 
-0.1, -1, 0.05, 
-0.1, -1, 0.1, 
-0.1, -1, -0.05, 
-0.1, -2, -0.1, 
-0.1, -2, -0.05, 
-0.1, -1, 0, 
-0.1, -2, -0.05, 
-0.1, -2, 0, 
-0.1, 0, 0, 
-0.1, -1, -0.05, 
-0.1, -1, 0, 
0.05, -2, -0.05, 
0, -2, 0, 
0, -2, -0.05, 
0.05, -2, -0.1, 
0, -2, -0.05, 
0, -2, -0.1, 
0.1, -2, -0.1, 
0.05, -2, -0.05, 
0.05, -2, -0.1, 
-0.05, -2, -0.05, 
-0.1, -2, 0, 
-0.1, -2, -0.05, 
-0.05, -2, -0.1, 
-0.1, -2, -0.05, 
-0.1, -2, -0.1, 
0, -2, -0.1, 
-0.05, -2, -0.05, 
-0.05, -2, -0.1, 
-0.05, -2, 0.05, 
-0.1, -2, 0.1, 
-0.1, -2, 0.05, 
-0.05, -2, 0, 
-0.1, -2, 0.05, 
-0.1, -2, 0, 
0, -2, 0, 
-0.05, -2, 0.05, 
-0.05, -2, 0, 
0.1, 1, -0.05, 
0.1, 0, 0, 
0.1, 0, -0.05, 
0.1, 1, -0.1, 
0.1, 0, -0.05, 
0.1, 0, -0.1, 
0.1, 2, -0.1, 
0.1, 1, -0.05, 
0.1, 1, -0.1, 
0.1, -1, -0.05, 
0.1, -2, 0, 
0.1, -2, -0.05, 
0.1, -1, -0.1, 
0.1, -2, -0.05, 
0.1, -2, -0.1, 
0.1, 0, -0.1, 
0.1, -1, -0.05, 
0.1, -1, -0.1, 
0.1, -1, 0.05, 
0.1, -2, 0.1, 
0.1, -2, 0.05, 
0.1, -1, 0, 
0.1, -2, 0.05, 
0.1, -2, 0, 
0.1, 0, 0, 
0.1, -1, 0.05, 
0.1, -1, 0, 
-0.05, 0, -0.1, 
0, 0, -3.10493, 
0, 0, -0.1, 
-0.1, 1, -0.1, 
-0.05, 0, -0.1, 
-0.1, 0, -0.1, 
-0.1, 2, -0.1, 
-0.05, 1, -0.1, 
-0.1, 1, -0.1, 
-0.05, -1, -0.1, 
0, -2, -0.1, 
-0.05, -2, -0.1, 
-0.1, -1, -0.1, 
-0.05, -2, -0.1, 
-0.1, -2, -0.1, 
-0.1, 0, -0.1, 
-0.05, -1, -0.1, 
-0.1, -1, -0.1, 
0.05, -1, -0.1, 
0.1, -2, -0.1, 
0.05, -2, -0.1, 
0, -1, -0.1, 
0.05, -2, -0.1, 
0, -2, -0.1, 
0, 0, -0.1, 
0.05, -1, -0.1, 
0, -1, -0.1, 
0.05, 1, -0.1, 
0.1, 0, -0.1, 
0.05, 0, -0.1, 
-0.05, 2, -0.1, 
-0.05, 1, -3.10493, 
-0.05, 1, -0.1, 
0.05, 0, -0.1, 
0.05, 1, -3.10493, 
0.05, 1, -0.1, 
0.1, 1, 0.05, 
0.1, 0, 0.1, 
0.1, 0, 0.05, 
0.1, 1, 0, 
0.1, 0, 0.05, 
0.1, 0, 0, 
0.1, 2, 0, 
0.1, 1, 0.05, 
0.1, 1, 0, 
0.05, -2, 0.05, 
0, -2, 0.1, 
0, -2, 0.05, 
0.05, -2, 0, 
0, -2, 0.05, 
0, -2, 0, 
0.1, -2, 0, 
0.05, -2, 0.05, 
0.05, -2, 0, 
-0.1, 1, -0.05, 
-0.1, 0, -0.1, 
-0.1, 0, -0.05, 
-0.1, 1, 0, 
-0.1, 0, -0.05, 
-0.1, 0, 0, 
-0.1, 2, 0, 
-0.1, 1, -0.05, 
-0.1, 1, 0, 
-0.05, 1, 0.1, 
-0.1, 0, 0.1, 
-0.05, 0, 0.1, 
0, 1, 0.1, 
-0.05, 0, 0.1, 
0, 0, 0.1, 
0, 2, 0.1, 
-0.05, 1, 0.1, 
0, 1, 0.1, 
-0.05, 2, 0.05, 
0, 2, 0.1, 
0, 2, 0.05, 
-0.05, 2, 0, 
0, 2, 0.05, 
0, 2, 0, 
-0.1, 2, 0, 
-0.05, 2, 0.05, 
-0.05, 2, 0, 
-0.05, 2, -3.10493, 
0, 1, -3.10493, 
-0.05, 1, -3.10493, 
-0.05, 1, -3.10493, 
0, 0, -3.10493, 
-0.05, 0, -3.10493, 
0, 1, -3.10493, 
0.05, 0, -3.10493, 
0, 0, -3.10493, 
0, 2, -3.10493, 
0.05, 1, -3.10493, 
0, 1, -3.10493, 
0.05, 1, -0.1, 
0.05, 2, -3.10493, 
0.05, 2, -0.1, 
0, 0, -0.1, 
0.05, 0, -3.10493, 
0.05, 0, -0.1, 
-0.05, 1, -0.1, 
-0.05, 0, -3.10493, 
-0.05, 0, -0.1, 
0, 2, -0.1, 
-0.05, 2, -3.10493, 
-0.05, 2, -0.1, 
-0.1, 2, 0.05, 
-0.1, 2, 0.1, 
-0.05, 2, 0.1, 
-0.05, 2, 0.1, 
-0.1, 2, 0.1, 
-0.1, 1, 0.1, 
-0.1, 2, -0.05, 
-0.1, 2, -0.1, 
-0.1, 1, -0.1, 
0.1, -2, 0.05, 
0.1, -2, 0.1, 
0.05, -2, 0.1, 
0.1, 2, 0.05, 
0.1, 2, 0.1, 
0.1, 1, 0.1, 
0.05, 2, -0.1, 
0.1, 2, -0.1, 
0.1, 1, -0.1, 
0.05, 0, -0.1, 
0.1, 0, -0.1, 
0.1, -1, -0.1, 
-0.05, 0, -0.1, 
0, 0, -0.1, 
0, -1, -0.1, 
0.05, 2, -0.1, 
0.05, 2, -3.10493, 
0, 2, -3.10493, 
0.1, 0, 0.05, 
0.1, 0, 0.1, 
0.1, -1, 0.1, 
0.1, 0, -0.05, 
0.1, 0, 0, 
0.1, -1, 0, 
0.1, 2, -0.05, 
0.1, 2, 0, 
0.1, 1, 0, 
0, -2, 0.05, 
0, -2, 0.1, 
-0.05, -2, 0.1, 
0, -2, -0.05, 
0, -2, 0, 
-0.05, -2, 0, 
0.1, -2, -0.05, 
0.1, -2, 0, 
0.05, -2, 0, 
-0.1, 0, -0.05, 
-0.1, 0, -0.1, 
-0.1, -1, -0.1, 
-0.1, 0, 0.05, 
-0.1, 0, 0, 
-0.1, -1, 0, 
-0.1, 2, 0.05, 
-0.1, 2, 0, 
-0.1, 1, 0, 
-0.05, 0, 0.1, 
-0.1, 0, 0.1, 
-0.1, -1, 0.1, 
0.05, 0, 0.1, 
0, 0, 0.1, 
0, -1, 0.1, 
0.05, 2, 0.1, 
0, 2, 0.1, 
0, 1, 0.1, 
0, 2, 0.05, 
0, 2, 0.1, 
0.05, 2, 0.1, 
0, 2, -0.05, 
0, 2, 0, 
0.05, 2, 0, 
-0.1, 2, -0.05, 
-0.1, 2, 0, 
-0.05, 2, 0, 
-0.05, 2, -0.05, 
-0.05, 2, 0, 
0, 2, 0, 
-0.05, 2, -0.1, 
-0.05, 2, -0.05, 
0, 2, -0.05, 
-0.1, 2, -0.1, 
-0.1, 2, -0.05, 
-0.05, 2, -0.05, 
0.05, 2, -0.05, 
0.05, 2, 0, 
0.1, 2, 0, 
0.05, 2, -0.1, 
0.05, 2, -0.05, 
0.1, 2, -0.05, 
0, 2, -0.1, 
0, 2, -0.05, 
0.05, 2, -0.05, 
0.05, 2, 0.05, 
0.05, 2, 0.1, 
0.1, 2, 0.1, 
0.05, 2, 0, 
0.05, 2, 0.05, 
0.1, 2, 0.05, 
0, 2, 0, 
0, 2, 0.05, 
0.05, 2, 0.05, 
0.05, 1, 0.1, 
0, 1, 0.1, 
0, 0, 0.1, 
0.1, 1, 0.1, 
0.05, 1, 0.1, 
0.05, 0, 0.1, 
0.1, 2, 0.1, 
0.05, 2, 0.1, 
0.05, 1, 0.1, 
0.05, -1, 0.1, 
0, -1, 0.1, 
0, -2, 0.1, 
0.1, -1, 0.1, 
0.05, -1, 0.1, 
0.05, -2, 0.1, 
0.1, 0, 0.1, 
0.05, 0, 0.1, 
0.05, -1, 0.1, 
-0.05, -1, 0.1, 
-0.1, -1, 0.1, 
-0.1, -2, 0.1, 
0, -1, 0.1, 
-0.05, -1, 0.1, 
-0.05, -2, 0.1, 
0, 0, 0.1, 
-0.05, 0, 0.1, 
-0.05, -1, 0.1, 
-0.1, 1, 0.05, 
-0.1, 1, 0, 
-0.1, 0, 0, 
-0.1, 1, 0.1, 
-0.1, 1, 0.05, 
-0.1, 0, 0.05, 
-0.1, 2, 0.1, 
-0.1, 2, 0.05, 
-0.1, 1, 0.05, 
-0.1, -1, 0.05, 
-0.1, -1, 0, 
-0.1, -2, 0, 
-0.1, -1, 0.1, 
-0.1, -1, 0.05, 
-0.1, -2, 0.05, 
-0.1, 0, 0.1, 
-0.1, 0, 0.05, 
-0.1, -1, 0.05, 
-0.1, -1, -0.05, 
-0.1, -1, -0.1, 
-0.1, -2, -0.1, 
-0.1, -1, 0, 
-0.1, -1, -0.05, 
-0.1, -2, -0.05, 
-0.1, 0, 0, 
-0.1, 0, -0.05, 
-0.1, -1, -0.05, 
0.05, -2, -0.05, 
0.05, -2, 0, 
0, -2, 0, 
0.05, -2, -0.1, 
0.05, -2, -0.05, 
0, -2, -0.05, 
0.1, -2, -0.1, 
0.1, -2, -0.05, 
0.05, -2, -0.05, 
-0.05, -2, -0.05, 
-0.05, -2, 0, 
-0.1, -2, 0, 
-0.05, -2, -0.1, 
-0.05, -2, -0.05, 
-0.1, -2, -0.05, 
0, -2, -0.1, 
0, -2, -0.05, 
-0.05, -2, -0.05, 
-0.05, -2, 0.05, 
-0.05, -2, 0.1, 
-0.1, -2, 0.1, 
-0.05, -2, 0, 
-0.05, -2, 0.05, 
-0.1, -2, 0.05, 
0, -2, 0, 
0, -2, 0.05, 
-0.05, -2, 0.05, 
0.1, 1, -0.05, 
0.1, 1, 0, 
0.1, 0, 0, 
0.1, 1, -0.1, 
0.1, 1, -0.05, 
0.1, 0, -0.05, 
0.1, 2, -0.1, 
0.1, 2, -0.05, 
0.1, 1, -0.05, 
0.1, -1, -0.05, 
0.1, -1, 0, 
0.1, -2, 0, 
0.1, -1, -0.1, 
0.1, -1, -0.05, 
0.1, -2, -0.05, 
0.1, 0, -0.1, 
0.1, 0, -0.05, 
0.1, -1, -0.05, 
0.1, -1, 0.05, 
0.1, -1, 0.1, 
0.1, -2, 0.1, 
0.1, -1, 0, 
0.1, -1, 0.05, 
0.1, -2, 0.05, 
0.1, 0, 0, 
0.1, 0, 0.05, 
0.1, -1, 0.05, 
-0.05, 0, -0.1, 
-0.05, 0, -3.10493, 
0, 0, -3.10493, 
-0.1, 1, -0.1, 
-0.05, 1, -0.1, 
-0.05, 0, -0.1, 
-0.1, 2, -0.1, 
-0.05, 2, -0.1, 
-0.05, 1, -0.1, 
-0.05, -1, -0.1, 
0, -1, -0.1, 
0, -2, -0.1, 
-0.1, -1, -0.1, 
-0.05, -1, -0.1, 
-0.05, -2, -0.1, 
-0.1, 0, -0.1, 
-0.05, 0, -0.1, 
-0.05, -1, -0.1, 
0.05, -1, -0.1, 
0.1, -1, -0.1, 
0.1, -2, -0.1, 
0, -1, -0.1, 
0.05, -1, -0.1, 
0.05, -2, -0.1, 
0, 0, -0.1, 
0.05, 0, -0.1, 
0.05, -1, -0.1, 
0.05, 1, -0.1, 
0.1, 1, -0.1, 
0.1, 0, -0.1, 
-0.05, 2, -0.1, 
-0.05, 2, -3.10493, 
-0.05, 1, -3.10493, 
0.05, 0, -0.1, 
0.05, 0, -3.10493, 
0.05, 1, -3.10493, 
0.1, 1, 0.05, 
0.1, 1, 0.1, 
0.1, 0, 0.1, 
0.1, 1, 0, 
0.1, 1, 0.05, 
0.1, 0, 0.05, 
0.1, 2, 0, 
0.1, 2, 0.05, 
0.1, 1, 0.05, 
0.05, -2, 0.05, 
0.05, -2, 0.1, 
0, -2, 0.1, 
0.05, -2, 0, 
0.05, -2, 0.05, 
0, -2, 0.05, 
0.1, -2, 0, 
0.1, -2, 0.05, 
0.05, -2, 0.05, 
-0.1, 1, -0.05, 
-0.1, 1, -0.1, 
-0.1, 0, -0.1, 
-0.1, 1, 0, 
-0.1, 1, -0.05, 
-0.1, 0, -0.05, 
-0.1, 2, 0, 
-0.1, 2, -0.05, 
-0.1, 1, -0.05, 
-0.05, 1, 0.1, 
-0.1, 1, 0.1, 
-0.1, 0, 0.1, 
0, 1, 0.1, 
-0.05, 1, 0.1, 
-0.05, 0, 0.1, 
0, 2, 0.1, 
-0.05, 2, 0.1, 
-0.05, 1, 0.1, 
-0.05, 2, 0.05, 
-0.05, 2, 0.1, 
0, 2, 0.1, 
-0.05, 2, 0, 
-0.05, 2, 0.05, 
0, 2, 0.05, 
-0.1, 2, 0, 
-0.1, 2, 0.05, 
-0.05, 2, 0.05, 
-0.05, 2, -3.10493, 
0, 2, -3.10493, 
0, 1, -3.10493, 
-0.05, 1, -3.10493, 
0, 1, -3.10493, 
0, 0, -3.10493, 
0, 1, -3.10493, 
0.05, 1, -3.10493, 
0.05, 0, -3.10493, 
0, 2, -3.10493, 
0.05, 2, -3.10493, 
0.05, 1, -3.10493, 
0.05, 1, -0.1, 
0.05, 1, -3.10493, 
0.05, 2, -3.10493, 
0, 0, -0.1, 
0, 0, -3.10493, 
0.05, 0, -3.10493, 
-0.05, 1, -0.1, 
-0.05, 1, -3.10493, 
-0.05, 0, -3.10493, 
0, 2, -0.1, 
0, 2, -3.10493, 
-0.05, 2, -3.10493, 
0, 0, 0, 
0, 0, 0, 
0, 0, 0, 
0, 0, 0, 
0, 0, 0, 
0, 0, 0, 
0, 0, 0, 
0, 0, 0, 
0, 0, 0, 
0, 0, 0, 
0, 0, 0, 
0, 0, 0, 
0, 0, 0, 
0, 0, 0, 
0, 0, 0, 
0, 0, 0, 
0, 0, 0, 
0, 0, 0, 
0, 0, 0, 
0, 0, 0, 
0, 0, 0, 
0, 0, 0, 
0, 0, 0, 
0, 0, 0, 
0, 0, 0, 
0, 0, 0, 
0, 0, 0, 
0, 0, 0, 
0, 0, 0, 
0, 0, 0, 
0, 0, 0, 
0, 0, 0, 
0, 0, 0, 
0, 0, 0, 
0, 0, 0, 
0, 0, 0, 
0, 0, 0, 
0, 0, 0, 
0, 0, 0, 
0, 0, 0, 
0, 0, 0, 
0, 0, 0, 
0, 0, 0, 
0, 0, 0, 
0, 0, 0, 
0, 0, 0, 
0, 0, 0, 
0, 0, 0, 
0, 0, 0, 
0, 0, 0, 
0, 0, 0, 
0, 0, 0, 
0, 0, 0, 
0, 0, 0, 
0, 0, 0, 
0, 0, 0, 
0, 0, 0, 
0, 0, 0, 
0, 0, 0, 
0, 0, 0, 
0, 0, 0, 
0, 0, 0, 
0, 0, 0, 
0, 0, 0, 
0, 0, 0, 
0, 0, 0, 
0, 0, 0, 
0, 0, 0, 
0, 0, 0, 
0, 0, 0, 
0, 0, 0, 
0, 0, 0, 
0, 0, 0, 
0, 0, 0, 
0, 0, 0, 
0, 0, 0, 
0, 0, 0, 
0, 0, 0, 
0, 0, 0, 
0, 0, 0, 
0, 0, 0, 
0, 0, 0, 
0, 0, 0, 
0, 0, 0, 
0, 0, 0, 
0, 0, 0, 
0, 0, 0, 
0, 0, 0, 
0, 0, 0, 
0, 0, 0, 
0, 0, 0, 
0, 0, 0, 
0, 0, 0, 
0, 0, 0, 
0, 0, 0, 
0, 0, 0, 
0, 0, 0, 
0, 0, 0, 
0, 0, 0, 
0, 0, 0, 
0, 0, 0, 
0, 0, 0, 
0, 0, 0, 
0, 0, 0, 
0, 0, 0, 
0, 0, 0, 
0, 0, 0, 
0, 0, 0, 
0, 0, 0, 
0, 0, 0, 
0, 0, 0, 
0, 0, 0, 
0, 0, 0, 
0, 0, 0, 
0, 0, 0, 
0, 0, 0, 
0, 0, 0, 
0, 0, 0, 
0, 0, 0, 
0, 0, 0, 
0, 0, 0, 
0, 0, 0, 
0, 0, 0, 
0, 0, 0, 
0, 0, 0, 
0, 0, 0, 
0, 0, 0, 
0, 0, 0, 
0, 0, 0, 
0, 0, 0, 
0, 0, 0, 
0, 0, 0, 
0, 0, 0, 
0, 0, 0, 
0, 0, 0, 
0, 0, 0, 
0, 0, 0, 
0, 0, 0, 
0, 0, 0, 
0, 0, 0, 
0, 0, 0, 
0, 0, 0, 
0, 0, 0, 
0, 0, 0, 
0, 0, 0, 
0, 0, 0, 
0, 0, 0, 
0, 0, 0, 
0, 0, 0, 
0, 0, 0, 
0, 0, 0, 
0, 0, 0, 
0, 0, 0, 
0, 0, 0, 
0, 0, 0, 
0, 0, 0, 
0, 0, 0, 
0, 0, 0, 
0, 0, 0, 
0, 0, 0, 
0, 0, 0, 
0, 0, 0, 
0, 0, 0, 
0, 0, 0, 
0, 0, 0, 
0, 0, 0, 
0, 0, 0, 
0, 0, 0, 
0, 0, 0, 
0, 0, 0, 
0, 0, 0, 
0, 0, 0, 
0, 0, 0, 
0, 0, 0, 
0, 0, 0, 
0, 0, 0, 
0, 0, 0, 
0, 0, 0, 
0, 0, 0, 
0, 0, 0, 
0, 0, 0, 
0, 0, 0, 
0, 0, 0, 
0, 0, 0, 
0, 0, 0, 
0, 0, 0, 
0, 0, 0, 
0, 0, 0, 
0, 0, 0, 
0, 0, 0, 
0, 0, 0, 
0, 0, 0, 
0, 0, 0, 
0, 0, 0, 
0, 0, 0, 
0, 0, 0, 
0, 0, 0, 
0, 0, 0, 
0, 0, 0, 
0, 0, 0, 
0, 0, 0, 
0, 0, 0, 
0, 0, 0, 
0, 0, 0, 
0, 0, 0, 
0, 0, 0, 
0, 0, 0, 
0, 0, 0, 
0, 0, 0, 
0, 0, 0, 
0, 0, 0, 
0, 0, 0, 
0, 0, 0, 
0, 0, 0, 
0, 0, 0, 
0, 0, 0, 
0, 0, 0, 
0, 0, 0, 
0, 0, 0, 
0, 0, 0, 
0, 0, 0, 
0, 0, 0, 
0, 0, 0, 
0, 0, 0, 
0, 0, 0, 
0, 0, 0, 
0, 0, 0, 
0, 0, 0, 
0, 0, 0, 
0, 0, 0, 
0, 0, 0, 
0, 0, 0, 
0, 0, 0, 
0, 0, 0, 
0, 0, 0, 
0, 0, 0, 
0, 0, 0, 
0, 0, 0, 
0, 0, 0, 
0, 0, 0, 
0, 0, 0, 
0, 0, 0, 
0, 0, 0, 
0, 0, 0, 
0, 0, 0, 
0, 0, 0, 
0, 0, 0, 
0, 0, 0, 
0, 0, 0, 
0, 0, 0, 
0, 0, 0, 
0, 0, 0, 
0, 0, 0, 
0, 0, 0, 
0, 0, 0, 
0, 0, 0, 
0, 0, 0, 
0, 0, 0, 
0, 0, 0, 
0, 0, 0, 
0, 0, 0, 
0, 0, 0, 
0, 0, 0, 
0, 0, 0, 
0, 0, 0, 
0, 0, 0, 
0, 0, 0, 
0, 0, 0, 
0, 0, 0, 
0, 0, 0, 
0, 0, 0, 
0, 0, 0, 
0, 0, 0, 
0, 0, 0, 
0, 0, 0, 
0, 0, 0, 
0, 0, 0, 
0, 0, 0, 
0, 0, 0, 
0, 0, 0, 
0, 0, 0, 
0, 0, 0, 
0, 0, 0, 
0, 0, 0, 
0, 0, 0, 
0, 0, 0, 
0, 0, 0, 
0, 0, 0, 
0, 0, 0, 
0, 0, 0, 
0, 0, 0, 
0, 0, 0, 
0, 0, 0, 
0, 0, 0, 
0, 0, 0, 
0, 0, 0, 
0, 0, 0, 
0, 0, 0, 
0, 0, 0, 
0, 0, 0, 
0, 0, 0, 
0, 0, 0, 
0, 0, 0, 
0, 0, 0, 
0, 0, 0, 
0, 0, 0, 
0, 0, 0, 
0, 0, 0, 
0, 0, 0, 
0, 0, 0, 
0, 0, 0, 
0, 0, 0, 
0, 0, 0, 
0, 0, 0, 
0, 0, 0, 
0, 0, 0, 
0, 0, 0, 
0, 0, 0, 
0, 0, 0, 
0, 0, 0, 
0, 0, 0, 
0, 0, 0, 
0, 0, 0, 
0, 0, 0, 
0, 0, 0, 
0, 0, 0, 
0, 0, 0, 
0, 0, 0, 
0, 0, 0, 
0, 0, 0, 
0, 0, 0, 
0, 0, 0, 
0, 0, 0, 
0, 0, 0, 
0, 0, 0, 
0, 0, 0, 
0, 0, 0, 
0, 0, 0, 
0, 0, 0, 
0, 0, 0, 
0, 0, 0, 
0, 0, 0, 
0, 0, 0, 
0, 0, 0, 
0, 0, 0, 
0, 0, 0, 
0, 0, 0, 
0, 0, 0, 
0, 0, 0, 
0, 0, 0, 
0, 0, 0, 
0, 0, 0, 
0, 0, 0, 
0, 0, 0, 
0, 0, 0, 
0, 0, 0, 
0, 0, 0, 
0, 0, 0, 
0, 0, 0, 
0, 0, 0, 
0, 0, 0, 
0, 0, 0, 
0, 0, 0, 
0, 0, 0, 
0, 0, 0, 
0, 0, 0, 
0, 0, 0, 
0, 0, 0, 
0, 0, 0, 
0, 0, 0, 
0, 0, 0, 
0, 0, 0, 
0, 0, 0, 
0, 0, 0, 
0, 0, 0, 
0, 0, 0, 
0, 0, 0, 
0, 0, 0, 
0, 0, 0, 
0, 0, 0, 
0, 0, 0, 
0, 0, 0, 
0, 0, 0, 
0, 0, 0, 
0, 0, 0, 
0, 0, 0, 
0, 0, 0, 
0, 0, 0, 
0, 0, 0, 
0, 0, 0, 
0, 0, 0, 
0, 0, 0, 
0, 0, 0, 
0, 0, 0, 
0, 0, 0, 
0, 0, 0, 
0, 0, 0, 
0, 0, 0, 
0, 0, 0, 
0, 0, 0, 
0, 0, 0, 
0, 0, 0, 
0, 0, 0, 
0, 0, 0, 
0, 0, 0, 
0, 0, 0, 
0, 0, 0, 
0, 0, 0, 
0, 0, 0, 
0, 0, 0, 
0, 0, 0, 
0, 0, 0, 
0, 0, 0, 
0, 0, 0, 
0, 0, 0, 
0, 0, 0, 
0, 0, 0, 
0, 0, 0, 
0, 0, 0, 
0, 0, 0, 
0, 0, 0, 
0, 0, 0, 
0, 0, 0, 
0, 0, 0, 
0, 0, 0, 
0, 0, 0, 
0, 0, 0, 
0, 0, 0, 
0, 0, 0, 
0, 0, 0, 
0, 0, 0, 
0, 0, 0, 
0, 0, 0, 
0, 0, 0, 
0, 0, 0, 
0, 0, 0, 
0, 0, 0, 
0, 0, 0, 
0, 0, 0, 
0, 0, 0, 
0, 0, 0, 
0, 0, 0, 
0, 0, 0, 
0, 0, 0, 
0, 0, 0, 
0, 0, 0, 
0, 0, 0, 
0, 0, 0, 
0, 0, 0, 
0, 0, 0, 
0, 0, 0, 
0, 0, 0, 
0, 0, 0, 
0, 0, 0, 
0, 0, 0, 
0, 0, 0, 
0, 0, 0, 
0, 0, 0, 
0, 0, 0, 
0, 0, 0, 
0, 0, 0, 
0, 0, 0, 
0, 0, 0, 
0, 0, 0, 
0, 0, 0, 
0, 0, 0, 
0, 0, 0, 
0, 0, 0, 
0, 0, 0, 
0, 0, 0, 
0, 0, 0, 
0, 0, 0, 
0, 0, 0, 
0, 0, 0, 
0, 0, 0, 
0, 0, 0, 
0, 0, 0, 
0, 0, 0, 
0, 0, 0, 
0, 0, 0, 
0, 0, 0, 
0, 0, 0, 
0, 0, 0, 
0, 0, 0, 
0, 0, 0, 
0, 0, 0, 
0, 0, 0, 
0, 0, 0, 
0, 0, 0, 
0, 0, 0, 
0, 0, 0, 
0, 0, 0, 
0, 0, 0, 
0, 0, 0, 
0, 0, 0, 
0, 0, 0, 
0, 0, 0, 
0, 0, 0, 
0, 0, 0, 
0, 0, 0, 
0, 0, 0, 
0, 0, 0, 
0, 0, 0, 
0, 0, 0, 
0, 0, 0, 
0, 0, 0, 
0, 0, 0, 
0, 0, 0, 
0, 0, 0, 
0, 0, 0, 
0, 0, 0, 
0, 0, 0, 
0, 0, 0, 
0, 0, 0, 
0, 0, 0, 
0, 0, 0, 
0, 0, 0, 
0, 0, 0, 
0, 0, 0, 
0, 0, 0, 
0, 0, 0, 
0, 0, 0, 
0, 0, 0, 
0, 0, 0, 
0, 0, 0, 
0, 0, 0, 
0, 0, 0, 
0, 0, 0, 
0, 0, 0, 
0, 0, 0, 
0, 0, 0, 
0, 0, 0, 
0, 0, 0, 
0, 0, 0, 
0, 0, 0, 
0, 0, 0, 
0, 0, 0, 
0, 0, 0, 
0, 0, 0, 
0, 0, 0, 
0, 0, 0, 
0, 0, 0, 
0, 0, 0, 
0, 0, 0, 
0, 0, 0, 
0, 0, 0, 
0, 0, 0, 
0, 0, 0, 
0, 0, 0, 
0, 0, 0, 
0, 0, 0, 
0, 0, 0, 
0, 0, 0, 
0, 0, 0, 
0, 0, 0, 
0, 0, 0, 
0, 0, 0, 
0, 0, 0, 
0, 0, 0, 
0, 0, 0, 
0, 0, 0, 
0, 0, 0, 
0, 0, 0, 
0, 0, 0, 
0, 0, 0, 
0, 0, 0, 
0, 0, 0, 
0, 0, 0, 
0, 0, 0, 
0, 0, 0, 
0, 0, 0, 
0, 0, 0, 
0, 0, 0, 
0, 0, 0, 
0, 0, 0, 
0, 0, 0, 
0, 0, 0, 
0, 0, 0, 
0, 0, 0, 
0, 0, 0, 
0, 0, 0, 
0, 0, 0, 
0, 0, 0, 
0, 0, 0, 
0, 0, 0, 
0, 0, 0, 
0, 0, 0, 
0, 0, 0, 
0, 0, 0, 
0, 0, 0, 
0, 0, 0, 
0, 0, 0, 
0, 0, 0, 
0, 0, 0, 
0, 0, 0, 
0, 0, 0, 
0, 0, 0, 
0, 0, 0, 
0, 0, 0, 
0, 0, 0, 
0, 0, 0, 
0, 0, 0, 
0, 0, 0, 
0, 0, 0, 
0, 0, 0, 
0, 0, 0, 
0, 0, 0, 
0, 0, 0, 
0, 0, 0, 
0, 0, 0, 
0, 0, 0, 
0, 0, 0, 
0, 0, 0, 
0, 0, 0, 
0, 0, 0, 
0, 0, 0, 
0, 0, 0, 
0, 0, 0, 
0, 0, 0, 
0, 0, 0, 
0, 0, 0, 
0, 0, 0, 
0, 0, 0, 
0, 0, 0, 
0, 0, 0, 
0, 0, 0, 
0, 0, 0, 
0, 0, 0, 
0, 0, 0, 
0, 0, 0, 
0, 0, 0, 
0, 0, 0, 
0, 0, 0, 
0, 0, 0, 
0, 0, 0, 
0, 0, 0, 
0, 0, 0, 
0, 0, 0, 
0, 0, 0, 
0, 0, 0, 
0, 0, 0, 
0, 0, 0, 
0, 0, 0, 
0, 0, 0, 
0, 0, 0, 
0, 0, 0, 
0, 0, 0, 
0, 0, 0, 
0, 0, 0, 
0, 0, 0, 
0, 0, 0, 
0, 0, 0, 
0, 0, 0, 
0, 0, 0, 
0, 0, 0, 
0, 0, 0, 
0, 0, 0, 
0, 0, 0, 
0, 0, 0, 
0, 0, 0, 
0, 0, 0, 
0, 0, 0, 
0, 0, 0, 
0, 0, 0, 
0, 0, 0, 
0, 0, 0, 
0, 0, 0, 
0, 0, 0, 
0, 0, 0, 
0, 0, 0, 
0, 0, 0, 
0, 0, 0, 
0, 0, 0, 
0, 0, 0, 
0, 0, 0, 
0, 0, 0, 
0, 0, 0, 
0, 0, 0, 
0, 0, 0, 
0, 0, 0, 
0, 0, 0, 
0, 0, 0, 
0, 0, 0, 
0, 0, 0, 
0, 0, 0, 
0, 0, 0, 
0, 0, 0, 
0, 0, 0, 
0, 0, 0, 
0, 0, 0, 
0, 0, 0, 
0, 0, 0, 
0, 0, 0, 
0, 0, 0, 
0, 0, 0, 
0, 0, 0, 
0, 0, 0, 
0, 0, 0, 
0, 0, 0, 
0, 0, 0, 
0, 0, 0, 
0, 0, 0, 
0, 0, 0, 
0, 0, 0, 
0, 0, 0, 
0, 0, 0, 
0, 0, 0, 
0, 0, 0, 
0, 0, 0, 
0, 0, 0, 
0, 0, 0, 
0, 0, 0, 
0, 0, 0, 
0, 0, 0, 
0, 0, 0, 
0, 0, 0, 
0, 0, 0, 
0, 0, 0, 
0, 0, 0, 
0, 0, 0, 
0, 0, 0, 
0, 0, 0, 
0, 0, 0, 
0, 0, 0, 
0, 0, 0, 
0, 0, 0, 
0, 0, 0, 
0, 0, 0, 
0, 0, 0, 
0, 0, 0, 
0, 0, 0, 
0, 0, 0, 
0, 0, 0, 
0, 0, 0, 
0, 0, 0, 
0, 0, 0, 
0, 0, 0, 
0, 0, 0, 
0, 0, 0, 
0, 0, 0, 
0, 0, 0, 
0, 0, 0, 
0, 0, 0, 
0, 0, 0, 
0, 0, 0, 
0, 0, 0, 
0, 0, 0, 
0, 0, 0, 
0, 0, 0, 
0, 0, 0, 
0, 0, 0, 
0, 0, 0, 
0, 0, 0, 
0, 0, 0, 
0, 0, 0, 
0, 0, 0, 
0, 0, 0, 
0, 0, 0, 
0, 0, 0, 
0, 0, 0, 
0, 0, 0, 
0, 0, 0, 
0, 0, 0, 
0, 0, 0, 
0, 0, 0, 
0, 0, 0, 
0, 0, 0, 
0, 0, 0, 
0, 0, 0, 
0, 0, 0, 
0, 0, 0, 
0, 0, 0, 
0, 0, 0, 
0, 0, 0, 
0, 0, 0, 
0, 0, 0, 
0, 0, 0, 
0, 0, 0, 
0, 0, 0, 
0, 0, 0, 
0, 0, 0, 
0, 0, 0, 
0, 0, 0, 
0, 0, 0, 
0, 0, 0, 
0, 0, 0, 
0, 0, 0, 
0, 0, 0, 
0, 0, 0, 
0, 0, 0, 
0, 0, 0, 
0, 0, 0, 
0, 0, 0, 
0, 0, 0, 
0, 0, 0, 
0, 0, 0, 
0, 0, 0, 
0, 0, 0, 
0, 0, 0, 
0, 0, 0, 
0, 0, 0, 
0, 0, 0, 
0, 0, 0, 
0, 0, 0, 
0, 0, 0, 
0, 0, 0, 
0, 0, 0, 
0, 0, 0, 
0, 0, 0, 
0, 0, 0, 
0, 0, 0, 
0, 0, 0, 
0, 0, 0, 
0, 0, 0, 
0, 0, 0, 
0, 0, 0, 
0, 0, 0, 
0, 0, 0, 
0, 0, 0, 
0, 0, 0, 
0, 0, 0, 
0, 0, 0, 
0, 0, 0, 
0, 0, 0, 
0, 0, 0, 
0, 0, 0, 
0, 0, 0, 
0, 0, 0, 
0, 0, 0, 
0, 0, 0, 
0, 0, 0, 
0, 0, 0, 
0, 0, 0, 
0, 0, 0, 
0, 0, 0, 
0, 0, 0, 
0, 0, 0, 
0, 0, 0, 
0, 0, 0, 
0, 0, 0, 
0, 0, 0, 
0, 0, 0, 
0, 0, 0, 
0, 0, 0, 
0, 0, 0, 
0, 0, 0, 
0, 0, 0, 
0, 0, 0, 
0, 0, 0, 
0, 0, 0, 
0, 0, 0, 
0, 0, 0, 
0, 0, 0, 
0, 0, 0, 
0, 0, 0, 
0, 0, 0, 
0, 0, 0, 
0, 0, 0, 
0, 0, 0, 
0, 0, 0, 
0, 0, 0, 
0, 0, 0, 
0, 0, 0, 
0, 0, 0, 
0, 0, 0, 
0, 0, 0, 
0, 0, 0, 
0, 0, 0, 
0, 0, 0, 
0, 0, 0, 
0, 0, 0, 
0, 0, 0, 
0, 0, 0, 
0, 0, 0, 
0, 0, 0, 
0, 0, 0, 
0, 0, 0, 
0, 0, 0, 
0, 0, 0, 
0, 0, 0, 
0, 0, 0, 
0, 0, 0, 
0, 0, 0, 
0, 0, 0, 
0, 0, 0, 
0, 0, 0, 
0, 0, 0, 
0, 0, 0, 
0, 0, 0, 
0, 0, 0, 
0, 0, 0, 
0, 0, 0, 
0, 0, 0, 
0, 0, 0, 
0, 0, 0, 
0, 0, 0, 
0, 0, 0, 
0, 0, 0, 
0, 0, 0, 
0, 0, 0, 
0, 0, 0, 
0, 0, 0, 
0, 0, 0, 
0, 0, 0, 
0, 0, 0, 
0, 0, 0, 
0, 0, 0, 
0, 0, 0, 
0, 0, 0, 
0, 0, 0, 
0, 0, 0, 
0, 0, 0, 
0, 0, 0, 
0, 0, 0, 
0, 0, 0, 
0, 0, 0, 
0, 0, 0, 
0, 0, 0, 
0, 0, 0, 
0, 0, 0, 
0, 0, 0, 
0, 0, 0, 
0, 0, 0, 
0, 0, 0, 
0, 0, 0, 
0, 0, 0, 
0, 0, 0, 
0, 0, 0, 
0, 0, 0, 
0, 0, 0, 
0, 0, 0, 
0, 0, 0, 
0, 0, 0, 
0, 0, 0, 
0, 0, 0, 
0, 0, 0, 
0, 0, 0, 
0, 0, 0, 
0, 0, 0, 
0, 0, 0, 
0, 0, 0, 
0, 0, 0, 
0, 0, 0, 
0, 0, 0, 
0, 0, 0, 
0, 0, 0, 
0, 0, 0, 
0, 0, 0, 
0, 0, 0, 
0, 0, 0, 
0, 0, 0, 
0, 0, 0, 
0, 0, 0, 
0, 0, 0, 
0, 0, 0, 
0, 0, 0, 
0, 0, 0, 
0, 0, 0, 
0, 0, 0, 
0, 0, 0, 
0, 0, 0, 
0, 0, 0, 
0, 0, 0, 
0, 0, 0, 
0, 0, 0, 
0, 0, 0, 
0, 0, 0, 
0, 0, 0, 
0, 0, 0, 
0, 0, 0, 
0, 0, 0, 
0, 0, 0, 
0, 0, 0, 
0, 0, 0, 
0, 0, 0, 
0, 0, 0, 
0, 0, 0, 
0, 0, 0, 
0, 0, 0, 
0, 0, 0, 
0, 0, 0, 
0, 0, 0, 
0, 0, 0, 
0, 0, 0, 
0, 0, 0, 
0, 0, 0, 
0, 0, 0, 
0, 0, 0, 
0, 0, 0, 
0, 0, 0, 
0, 0, 0, 
0, 0, 0, 
0, 0, 0, 
0, 0, 0, 
0, 0, 0, 
0, 0, 0, 
0, 0, 0, 
0, 0, 0, 
0, 0, 0, 
0, 0, 0, 
0, 0, 0, 
0, 0, 0, 
0, 0, 0, 
0, 0, 0, 
0, 0, 0, 
0, 0, 0, 
0, 0, 0, 
0, 0, 0, 
0, 0, 0, 
0, 0, 0, 
0, 0, 0, 
0, 0, 0, 
0, 0, 0, 
0, 0, 0, 
0, 0, 0, 
0, 0, 0, 
0, 0, 0, 
0, 0, 0, 
0, 0, 0, 
0, 0, 0, 
0, 0, 0, 
0, 0, 0, 
0, 0, 0, 
0, 0, 0, 
0, 0, 0, 
0, 0, 0, 
0, 0, 0, 
0, 0, 0, 
0, 0, 0, 
0, 0, 0, 
0, 0, 0, 
0, 0, 0, 
0, 0, 0, 
0, 0, 0, 
0, 0, 0, 
0, 0, 0, 
0, 0, 0, 
0, 0, 0, 
0, 0, 0, 
0, 0, 0, 
0, 0, 0, 
0, 0, 0, 
0, 0, 0, 
0, 0, 0, 
0, 0, 0, 
0, 0, 0, 
0, 0, 0, 
0, 0, 0, 
0, 0, 0, 
0, 0, 0, 
0, 0, 0, 
0, 0, 0, 
0, 0, 0, 
0, 0, 0, 
0, 0, 0, 
0, 0, 0, 
0, 0, 0, 
0, 0, 0, 
0, 0, 0, 
0, 0, 0, 
0, 0, 0, 
0, 0, 0, 
0, 0, 0, 
0, 0, 0, 
0, 0, 0, 
0, 0, 0, 
0, 0, 0, 
0, 0, 0, 
0, 0, 0, 
0, 0, 0, 
0, 0, 0, 
0, 0, 0, 
0, 0, 0, 
0, 0, 0, 
0, 0, 0, 
0, 0, 0, 
0, 0, 0, 
0, 0, 0, 
0, 0, 0, 
0, 0, 0, 
0, 0, 0, 
0, 0, 0, 
0, 0, 0, 
0, 0, 0, 
0, 0, 0, 
0, 0, 0, 
0, 0, 0, 
0, 0, 0, 
0, 0, 0, 
0, 0, 0, 
0, 0, 0, 
0, 0, 0, 
0, 0, 0, 
0, 0, 0, 
0, 0, 0, 
0, 0, 0, 
0, 0, 0, 
0, 0, 0, 
0, 0, 0, 
0, 0, 0, 
0, 0, 0, 
0, 0, 0, 
0, 0, 0, 
0, 0, 0, 
0, 0, 0, 
0, 0, 0, 
0, 0, 0, 
0, 0, 0, 
0, 0, 0, 
0, 0, 0, 
0, 0, 0, 
0, 0, 0, 
0, 0, 0, 
0, 0, 0, 
0, 0, 0, 
0, 0, 0, 
0, 0, 0, 
0, 0, 0, 
0, 0, 0, 
0, 0, 0, 
0, 0, 0, 
0, 0, 0, 
0, 0, 0, 
0, 0, 0, 
0, 0, 0, 
0, 0, 0, 
0, 0, 0, 
0, 0, 0, 
0, 0, 0, 
0, 0, 0, 
0, 0, 0, 
0, 0, 0, 
0, 0, 0, 
0, 0, 0, 
0, 0, 0, 
0, 0, 0, 
0, 0, 0, 
0, 0, 0, 
0, 0, 0, 
0, 0, 0, 
0, 0, 0, 
0, 0, 0, 
0, 0, 0, 
0, 0, 0, 
0, 0, 0, 
0, 0, 0, 
0, 0, 0, 
0, 0, 0, 
0, 0, 0, 
0, 0, 0, 
0, 0, 0, 
0, 0, 0, 
0, 0, 0, 
0, 0, 0, 
0, 0, 0, 
0, 0, 0, 
0, 0, 0, 
0, 0, 0, 
0, 0, 0, 
0, 0, 0, 
0, 0, 0, 
0, 0, 0, 
0, 0, 0, 
0, 0, 0, 
0, 0, 0, 
0, 0, 0, 
0, 0, 0, 
0, 0, 0, 
0, 0, 0, 
0, 0, 0, 
0, 0, 0, 
0, 0, 0, 
0, 0, 0, 
0, 0, 0, 
0, 0, 0, 
0, 0, 0, 
0, 0, 0, 
0, 0, 0, 
0, 0, 0, 
0, 0, 0, 
0, 0, 0, 
0, 0, 0, 
0, 0, 0, 
0, 0, 0, 
0, 0, 0, 
0, 0, 0, 
0, 0, 0, 
0, 0, 0, 
0, 0, 0, 
0, 0, 0, 
0, 0, 0, 
0, 0, 0, 
0, 0, 0, 
0, 0, 0, 
0, 0, 0, 
0, 0, 0, 
0, 0, 0, 
0, 0, 0, 
0, 0, 0, 
0, 0, 0, 
0, 0, 0, 
0, 0, 0, 
0, 0, 0, 
0, 0, 0, 
0, 0, 0, 
0, 0, 0, 
0, 0, 0, 
0, 0, 0, 
0, 0, 0, 
0, 0, 0, 
0, 0, 0, 
0, 0, 0, 
0, 0, 0, 
0, 0, 0, 
0, 0, 0, 
0, 0, 0, 
0, 0, 0, 
0, 0, 0, 
0, 0, 0, 
0, 0, 0, 
0, 0, 0, 
0, 0, 0, 
0, 0, 0, 
0, 0, 0, 
0, 0, 0, 
0, 0, 0, 
0, 0, 0, 
0, 0, 0, 
0, 0, 0, 
0, 0, 0, 
0, 0, 0, 
0, 0, 0, 
0, 0, 0, 
0, 0, 0, 
0, 0, 0, 
0, 0, 0, 
0, 0, 0, 
0, 0, 0, 
0, 0, 0, 
0, 0, 0, 
0, 0, 0, 
0, 0, 0, 
0, 0, 0, 
0, 0, 0, 
0, 0, 0, 
0, 0, 0, 
0, 0, 0, 
0, 0, 0, 
]);
var flagfn = new Float32Array([
0, 1, 0, 
0, 1, 0, 
0, 1, 0, 
0, 0, 1, 
0, 0, 1, 
0, 0, 1, 
-1, 0, 0, 
-1, 0, 0, 
-1, 0, 0, 
0, -1, 0, 
0, -1, 0, 
0, -1, 0, 
1, 0, 0, 
1, 0, 0, 
1, 0, 0, 
0, 0, -1, 
0, 0, -1, 
0, 0, -1, 
0, 0, -1, 
0, 0, -1, 
0, 0, -1, 
0, 0, -1, 
0, 0, -1, 
0, 0, -1, 
0, 1, 0, 
0, 1, 0, 
0, 1, 0, 
1, 0, 0, 
1, 0, 0, 
1, 0, 0, 
1, 0, 0, 
1, 0, 0, 
1, 0, 0, 
1, 0, 0, 
1, 0, 0, 
1, 0, 0, 
0, -1, 0, 
0, -1, 0, 
0, -1, 0, 
0, -1, 0, 
0, -1, 0, 
0, -1, 0, 
0, -1, 0, 
0, -1, 0, 
0, -1, 0, 
-1, 0, 0, 
-1, 0, 0, 
-1, 0, 0, 
-1, 0, 0, 
-1, 0, 0, 
-1, 0, 0, 
-1, 0, 0, 
-1, 0, 0, 
-1, 0, 0, 
0, 0, 1, 
0, 0, 1, 
0, 0, 1, 
0, 0, 1, 
0, 0, 1, 
0, 0, 1, 
0, 0, 1, 
0, 0, 1, 
0, 0, 1, 
0, 1, 0, 
0, 1, 0, 
0, 1, 0, 
0, 1, 0, 
0, 1, 0, 
0, 1, 0, 
0, 1, 0, 
0, 1, 0, 
0, 1, 0, 
0, 1, 0, 
0, 1, 0, 
0, 1, 0, 
0, 1, 0, 
0, 1, 0, 
0, 1, 0, 
0, 1, 0, 
0, 1, 0, 
0, 1, 0, 
0, 1, 0, 
0, 1, 0, 
0, 1, 0, 
0, 1, 0, 
0, 1, 0, 
0, 1, 0, 
0, 1, 0, 
0, 1, 0, 
0, 1, 0, 
0, 1, 0, 
0, 1, 0, 
0, 1, 0, 
0, 1, 0, 
0, 1, 0, 
0, 1, 0, 
0, 1, 0, 
0, 1, 0, 
0, 1, 0, 
0, 0, 1, 
0, 0, 1, 
0, 0, 1, 
0, 0, 1, 
0, 0, 1, 
0, 0, 1, 
0, 0, 1, 
0, 0, 1, 
0, 0, 1, 
0, 0, 1, 
0, 0, 1, 
0, 0, 1, 
0, 0, 1, 
0, 0, 1, 
0, 0, 1, 
0, 0, 1, 
0, 0, 1, 
0, 0, 1, 
0, 0, 1, 
0, 0, 1, 
0, 0, 1, 
0, 0, 1, 
0, 0, 1, 
0, 0, 1, 
0, 0, 1, 
0, 0, 1, 
0, 0, 1, 
-1, 0, 0, 
-1, 0, 0, 
-1, 0, 0, 
-1, 0, 0, 
-1, 0, 0, 
-1, 0, 0, 
-1, 0, 0, 
-1, 0, 0, 
-1, 0, 0, 
-1, 0, 0, 
-1, 0, 0, 
-1, 0, 0, 
-1, 0, 0, 
-1, 0, 0, 
-1, 0, 0, 
-1, 0, 0, 
-1, 0, 0, 
-1, 0, 0, 
-1, 0, 0, 
-1, 0, 0, 
-1, 0, 0, 
-1, 0, 0, 
-1, 0, 0, 
-1, 0, 0, 
-1, 0, 0, 
-1, 0, 0, 
-1, 0, 0, 
0, -1, 0, 
0, -1, 0, 
0, -1, 0, 
0, -1, 0, 
0, -1, 0, 
0, -1, 0, 
0, -1, 0, 
0, -1, 0, 
0, -1, 0, 
0, -1, 0, 
0, -1, 0, 
0, -1, 0, 
0, -1, 0, 
0, -1, 0, 
0, -1, 0, 
0, -1, 0, 
0, -1, 0, 
0, -1, 0, 
0, -1, 0, 
0, -1, 0, 
0, -1, 0, 
0, -1, 0, 
0, -1, 0, 
0, -1, 0, 
0, -1, 0, 
0, -1, 0, 
0, -1, 0, 
1, 0, 0, 
1, 0, 0, 
1, 0, 0, 
1, 0, 0, 
1, 0, 0, 
1, 0, 0, 
1, 0, 0, 
1, 0, 0, 
1, 0, 0, 
1, 0, 0, 
1, 0, 0, 
1, 0, 0, 
1, 0, 0, 
1, 0, 0, 
1, 0, 0, 
1, 0, 0, 
1, 0, 0, 
1, 0, 0, 
1, 0, 0, 
1, 0, 0, 
1, 0, 0, 
1, 0, 0, 
1, 0, 0, 
1, 0, 0, 
1, 0, 0, 
1, 0, 0, 
1, 0, 0, 
0, -1, 0, 
0, -1, 0, 
0, -1, 0, 
0, 0, -1, 
0, 0, -1, 
0, 0, -1, 
0, 0, -1, 
0, 0, -1, 
0, 0, -1, 
0, 0, -1, 
0, 0, -1, 
0, 0, -1, 
0, 0, -1, 
0, 0, -1, 
0, 0, -1, 
0, 0, -1, 
0, 0, -1, 
0, 0, -1, 
0, 0, -1, 
0, 0, -1, 
0, 0, -1, 
0, 0, -1, 
0, 0, -1, 
0, 0, -1, 
0, 0, -1, 
0, 0, -1, 
0, 0, -1, 
0, 0, -1, 
0, 0, -1, 
0, 0, -1, 
-1, 0, 0, 
-1, 0, 0, 
-1, 0, 0, 
1, 0, 0, 
1, 0, 0, 
1, 0, 0, 
1, 0, 0, 
1, 0, 0, 
1, 0, 0, 
1, 0, 0, 
1, 0, 0, 
1, 0, 0, 
1, 0, 0, 
1, 0, 0, 
1, 0, 0, 
0, -1, 0, 
0, -1, 0, 
0, -1, 0, 
0, -1, 0, 
0, -1, 0, 
0, -1, 0, 
0, -1, 0, 
0, -1, 0, 
0, -1, 0, 
-1, 0, 0, 
-1, 0, 0, 
-1, 0, 0, 
-1, 0, 0, 
-1, 0, 0, 
-1, 0, 0, 
-1, 0, 0, 
-1, 0, 0, 
-1, 0, 0, 
0, 0, 1, 
0, 0, 1, 
0, 0, 1, 
0, 0, 1, 
0, 0, 1, 
0, 0, 1, 
0, 0, 1, 
0, 0, 1, 
0, 0, 1, 
0, 1, 0, 
0, 1, 0, 
0, 1, 0, 
0, 1, 0, 
0, 1, 0, 
0, 1, 0, 
0, 1, 0, 
0, 1, 0, 
0, 1, 0, 
0, 0, -1, 
0, 0, -1, 
0, 0, -1, 
0, 0, -1, 
0, 0, -1, 
0, 0, -1, 
0, 0, -1, 
0, 0, -1, 
0, 0, -1, 
0, 0, -1, 
0, 0, -1, 
0, 0, -1, 
1, 0, 0, 
1, 0, 0, 
1, 0, 0, 
0, -1, 0, 
0, -1, 0, 
0, -1, 0, 
-1, 0, 0, 
-1, 0, 0, 
-1, 0, 0, 
0, 1, 0, 
0, 1, 0, 
0, 1, 0, 
0, 1, 0, 
0, 1, 0, 
0, 1, 0, 
0, 0, 1, 
0, 0, 1, 
0, 0, 1, 
-1, 0, 0, 
-1, 0, 0, 
-1, 0, 0, 
0, -1, 0, 
0, -1, 0, 
0, -1, 0, 
1, 0, 0, 
1, 0, 0, 
1, 0, 0, 
0, 0, -1, 
0, 0, -1, 
0, 0, -1, 
0, 0, -1, 
0, 0, -1, 
0, 0, -1, 
0, 0, -1, 
0, 0, -1, 
0, 0, -1, 
0, 1, 0, 
0, 1, 0, 
0, 1, 0, 
1, 0, 0, 
1, 0, 0, 
1, 0, 0, 
1, 0, 0, 
1, 0, 0, 
1, 0, 0, 
1, 0, 0, 
1, 0, 0, 
1, 0, 0, 
0, -1, 0, 
0, -1, 0, 
0, -1, 0, 
0, -1, 0, 
0, -1, 0, 
0, -1, 0, 
0, -1, 0, 
0, -1, 0, 
0, -1, 0, 
-1, 0, 0, 
-1, 0, 0, 
-1, 0, 0, 
-1, 0, 0, 
-1, 0, 0, 
-1, 0, 0, 
-1, 0, 0, 
-1, 0, 0, 
-1, 0, 0, 
0, 0, 1, 
0, 0, 1, 
0, 0, 1, 
0, 0, 1, 
0, 0, 1, 
0, 0, 1, 
0, 0, 1, 
0, 0, 1, 
0, 0, 1, 
0, 1, 0, 
0, 1, 0, 
0, 1, 0, 
0, 1, 0, 
0, 1, 0, 
0, 1, 0, 
0, 1, 0, 
0, 1, 0, 
0, 1, 0, 
0, 1, 0, 
0, 1, 0, 
0, 1, 0, 
0, 1, 0, 
0, 1, 0, 
0, 1, 0, 
0, 1, 0, 
0, 1, 0, 
0, 1, 0, 
0, 1, 0, 
0, 1, 0, 
0, 1, 0, 
0, 1, 0, 
0, 1, 0, 
0, 1, 0, 
0, 1, 0, 
0, 1, 0, 
0, 1, 0, 
0, 1, 0, 
0, 1, 0, 
0, 1, 0, 
0, 1, 0, 
0, 1, 0, 
0, 1, 0, 
0, 1, 0, 
0, 1, 0, 
0, 1, 0, 
0, 0, 1, 
0, 0, 1, 
0, 0, 1, 
0, 0, 1, 
0, 0, 1, 
0, 0, 1, 
0, 0, 1, 
0, 0, 1, 
0, 0, 1, 
0, 0, 1, 
0, 0, 1, 
0, 0, 1, 
0, 0, 1, 
0, 0, 1, 
0, 0, 1, 
0, 0, 1, 
0, 0, 1, 
0, 0, 1, 
0, 0, 1, 
0, 0, 1, 
0, 0, 1, 
0, 0, 1, 
0, 0, 1, 
0, 0, 1, 
0, 0, 1, 
0, 0, 1, 
0, 0, 1, 
-1, 0, 0, 
-1, 0, 0, 
-1, 0, 0, 
-1, 0, 0, 
-1, 0, 0, 
-1, 0, 0, 
-1, 0, 0, 
-1, 0, 0, 
-1, 0, 0, 
-1, 0, 0, 
-1, 0, 0, 
-1, 0, 0, 
-1, 0, 0, 
-1, 0, 0, 
-1, 0, 0, 
-1, 0, 0, 
-1, 0, 0, 
-1, 0, 0, 
-1, 0, 0, 
-1, 0, 0, 
-1, 0, 0, 
-1, 0, 0, 
-1, 0, 0, 
-1, 0, 0, 
-1, 0, 0, 
-1, 0, 0, 
-1, 0, 0, 
0, -1, 0, 
0, -1, 0, 
0, -1, 0, 
0, -1, 0, 
0, -1, 0, 
0, -1, 0, 
0, -1, 0, 
0, -1, 0, 
0, -1, 0, 
0, -1, 0, 
0, -1, 0, 
0, -1, 0, 
0, -1, 0, 
0, -1, 0, 
0, -1, 0, 
0, -1, 0, 
0, -1, 0, 
0, -1, 0, 
0, -1, 0, 
0, -1, 0, 
0, -1, 0, 
0, -1, 0, 
0, -1, 0, 
0, -1, 0, 
0, -1, 0, 
0, -1, 0, 
0, -1, 0, 
1, 0, 0, 
1, 0, 0, 
1, 0, 0, 
1, 0, 0, 
1, 0, 0, 
1, 0, 0, 
1, 0, 0, 
1, 0, 0, 
1, 0, 0, 
1, 0, 0, 
1, 0, 0, 
1, 0, 0, 
1, 0, 0, 
1, 0, 0, 
1, 0, 0, 
1, 0, 0, 
1, 0, 0, 
1, 0, 0, 
1, 0, 0, 
1, 0, 0, 
1, 0, 0, 
1, 0, 0, 
1, 0, 0, 
1, 0, 0, 
1, 0, 0, 
1, 0, 0, 
1, 0, 0, 
0, -1, 0, 
0, -1, 0, 
0, -1, 0, 
0, 0, -1, 
0, 0, -1, 
0, 0, -1, 
0, 0, -1, 
0, 0, -1, 
0, 0, -1, 
0, 0, -1, 
0, 0, -1, 
0, 0, -1, 
0, 0, -1, 
0, 0, -1, 
0, 0, -1, 
0, 0, -1, 
0, 0, -1, 
0, 0, -1, 
0, 0, -1, 
0, 0, -1, 
0, 0, -1, 
0, 0, -1, 
0, 0, -1, 
0, 0, -1, 
0, 0, -1, 
0, 0, -1, 
0, 0, -1, 
0, 0, -1, 
0, 0, -1, 
0, 0, -1, 
-1, 0, 0, 
-1, 0, 0, 
-1, 0, 0, 
1, 0, 0, 
1, 0, 0, 
1, 0, 0, 
1, 0, 0, 
1, 0, 0, 
1, 0, 0, 
1, 0, 0, 
1, 0, 0, 
1, 0, 0, 
1, 0, 0, 
1, 0, 0, 
1, 0, 0, 
0, -1, 0, 
0, -1, 0, 
0, -1, 0, 
0, -1, 0, 
0, -1, 0, 
0, -1, 0, 
0, -1, 0, 
0, -1, 0, 
0, -1, 0, 
-1, 0, 0, 
-1, 0, 0, 
-1, 0, 0, 
-1, 0, 0, 
-1, 0, 0, 
-1, 0, 0, 
-1, 0, 0, 
-1, 0, 0, 
-1, 0, 0, 
0, 0, 1, 
0, 0, 1, 
0, 0, 1, 
0, 0, 1, 
0, 0, 1, 
0, 0, 1, 
0, 0, 1, 
0, 0, 1, 
0, 0, 1, 
0, 1, 0, 
0, 1, 0, 
0, 1, 0, 
0, 1, 0, 
0, 1, 0, 
0, 1, 0, 
0, 1, 0, 
0, 1, 0, 
0, 1, 0, 
0, 0, -1, 
0, 0, -1, 
0, 0, -1, 
0, 0, -1, 
0, 0, -1, 
0, 0, -1, 
0, 0, -1, 
0, 0, -1, 
0, 0, -1, 
0, 0, -1, 
0, 0, -1, 
0, 0, -1, 
1, 0, 0, 
1, 0, 0, 
1, 0, 0, 
0, -1, 0, 
0, -1, 0, 
0, -1, 0, 
-1, 0, 0, 
-1, 0, 0, 
-1, 0, 0, 
0, 1, 0, 
0, 1, 0, 
0, 1, 0, 
0, 0, 0, 
0, 0, 0, 
0, 0, 0, 
0, 0, 0, 
0, 0, 0, 
0, 0, 0, 
0, 0, 0, 
0, 0, 0, 
0, 0, 0, 
0, 0, 0, 
0, 0, 0, 
0, 0, 0, 
0, 0, 0, 
0, 0, 0, 
0, 0, 0, 
0, 0, 0, 
0, 0, 0, 
0, 0, 0, 
0, 0, 0, 
0, 0, 0, 
0, 0, 0, 
0, 0, 0, 
0, 0, 0, 
0, 0, 0, 
0, 0, 0, 
0, 0, 0, 
0, 0, 0, 
0, 0, 0, 
0, 0, 0, 
0, 0, 0, 
0, 0, 0, 
0, 0, 0, 
0, 0, 0, 
0, 0, 0, 
0, 0, 0, 
0, 0, 0, 
0, 0, 0, 
0, 0, 0, 
0, 0, 0, 
0, 0, 0, 
0, 0, 0, 
0, 0, 0, 
0, 0, 0, 
0, 0, 0, 
0, 0, 0, 
0, 0, 0, 
0, 0, 0, 
0, 0, 0, 
0, 0, 0, 
0, 0, 0, 
0, 0, 0, 
0, 0, 0, 
0, 0, 0, 
0, 0, 0, 
0, 0, 0, 
0, 0, 0, 
0, 0, 0, 
0, 0, 0, 
0, 0, 0, 
0, 0, 0, 
0, 0, 0, 
0, 0, 0, 
0, 0, 0, 
0, 0, 0, 
0, 0, 0, 
0, 0, 0, 
0, 0, 0, 
0, 0, 0, 
0, 0, 0, 
0, 0, 0, 
0, 0, 0, 
0, 0, 0, 
0, 0, 0, 
0, 0, 0, 
0, 0, 0, 
0, 0, 0, 
0, 0, 0, 
0, 0, 0, 
0, 0, 0, 
0, 0, 0, 
0, 0, 0, 
0, 0, 0, 
0, 0, 0, 
0, 0, 0, 
0, 0, 0, 
0, 0, 0, 
0, 0, 0, 
0, 0, 0, 
0, 0, 0, 
0, 0, 0, 
0, 0, 0, 
0, 0, 0, 
0, 0, 0, 
0, 0, 0, 
0, 0, 0, 
0, 0, 0, 
0, 0, 0, 
0, 0, 0, 
0, 0, 0, 
0, 0, 0, 
0, 0, 0, 
0, 0, 0, 
0, 0, 0, 
0, 0, 0, 
0, 0, 0, 
0, 0, 0, 
0, 0, 0, 
0, 0, 0, 
0, 0, 0, 
0, 0, 0, 
0, 0, 0, 
0, 0, 0, 
0, 0, 0, 
0, 0, 0, 
0, 0, 0, 
0, 0, 0, 
0, 0, 0, 
0, 0, 0, 
0, 0, 0, 
0, 0, 0, 
0, 0, 0, 
0, 0, 0, 
0, 0, 0, 
0, 0, 0, 
0, 0, 0, 
0, 0, 0, 
0, 0, 0, 
0, 0, 0, 
0, 0, 0, 
0, 0, 0, 
0, 0, 0, 
0, 0, 0, 
0, 0, 0, 
0, 0, 0, 
0, 0, 0, 
0, 0, 0, 
0, 0, 0, 
0, 0, 0, 
0, 0, 0, 
0, 0, 0, 
0, 0, 0, 
0, 0, 0, 
0, 0, 0, 
0, 0, 0, 
0, 0, 0, 
0, 0, 0, 
0, 0, 0, 
0, 0, 0, 
0, 0, 0, 
0, 0, 0, 
0, 0, 0, 
0, 0, 0, 
0, 0, 0, 
0, 0, 0, 
0, 0, 0, 
0, 0, 0, 
0, 0, 0, 
0, 0, 0, 
0, 0, 0, 
0, 0, 0, 
0, 0, 0, 
0, 0, 0, 
0, 0, 0, 
0, 0, 0, 
0, 0, 0, 
0, 0, 0, 
0, 0, 0, 
0, 0, 0, 
0, 0, 0, 
0, 0, 0, 
0, 0, 0, 
0, 0, 0, 
0, 0, 0, 
0, 0, 0, 
0, 0, 0, 
0, 0, 0, 
0, 0, 0, 
0, 0, 0, 
0, 0, 0, 
0, 0, 0, 
0, 0, 0, 
0, 0, 0, 
0, 0, 0, 
0, 0, 0, 
0, 0, 0, 
0, 0, 0, 
0, 0, 0, 
0, 0, 0, 
0, 0, 0, 
0, 0, 0, 
0, 0, 0, 
0, 0, 0, 
0, 0, 0, 
0, 0, 0, 
0, 0, 0, 
0, 0, 0, 
0, 0, 0, 
0, 0, 0, 
0, 0, 0, 
0, 0, 0, 
0, 0, 0, 
0, 0, 0, 
0, 0, 0, 
0, 0, 0, 
0, 0, 0, 
0, 0, 0, 
0, 0, 0, 
0, 0, 0, 
0, 0, 0, 
0, 0, 0, 
0, 0, 0, 
0, 0, 0, 
0, 0, 0, 
0, 0, 0, 
0, 0, 0, 
0, 0, 0, 
0, 0, 0, 
0, 0, 0, 
0, 0, 0, 
0, 0, 0, 
0, 0, 0, 
0, 0, 0, 
0, 0, 0, 
0, 0, 0, 
0, 0, 0, 
0, 0, 0, 
0, 0, 0, 
0, 0, 0, 
0, 0, 0, 
0, 0, 0, 
0, 0, 0, 
0, 0, 0, 
0, 0, 0, 
0, 0, 0, 
0, 0, 0, 
0, 0, 0, 
0, 0, 0, 
0, 0, 0, 
0, 0, 0, 
0, 0, 0, 
0, 0, 0, 
0, 0, 0, 
0, 0, 0, 
0, 0, 0, 
0, 0, 0, 
0, 0, 0, 
0, 0, 0, 
0, 0, 0, 
0, 0, 0, 
0, 0, 0, 
0, 0, 0, 
0, 0, 0, 
0, 0, 0, 
0, 0, 0, 
0, 0, 0, 
0, 0, 0, 
0, 0, 0, 
0, 0, 0, 
0, 0, 0, 
0, 0, 0, 
0, 0, 0, 
0, 0, 0, 
0, 0, 0, 
0, 0, 0, 
0, 0, 0, 
0, 0, 0, 
0, 0, 0, 
0, 0, 0, 
0, 0, 0, 
0, 0, 0, 
0, 0, 0, 
0, 0, 0, 
0, 0, 0, 
0, 0, 0, 
0, 0, 0, 
0, 0, 0, 
0, 0, 0, 
0, 0, 0, 
0, 0, 0, 
0, 0, 0, 
0, 0, 0, 
0, 0, 0, 
0, 0, 0, 
0, 0, 0, 
0, 0, 0, 
0, 0, 0, 
0, 0, 0, 
0, 0, 0, 
0, 0, 0, 
0, 0, 0, 
0, 0, 0, 
0, 0, 0, 
0, 0, 0, 
0, 0, 0, 
0, 0, 0, 
0, 0, 0, 
0, 0, 0, 
0, 0, 0, 
0, 0, 0, 
0, 0, 0, 
0, 0, 0, 
0, 0, 0, 
0, 0, 0, 
0, 0, 0, 
0, 0, 0, 
0, 0, 0, 
0, 0, 0, 
0, 0, 0, 
0, 0, 0, 
0, 0, 0, 
0, 0, 0, 
0, 0, 0, 
0, 0, 0, 
0, 0, 0, 
0, 0, 0, 
0, 0, 0, 
0, 0, 0, 
0, 0, 0, 
0, 0, 0, 
0, 0, 0, 
0, 0, 0, 
0, 0, 0, 
0, 0, 0, 
0, 0, 0, 
0, 0, 0, 
0, 0, 0, 
0, 0, 0, 
0, 0, 0, 
0, 0, 0, 
0, 0, 0, 
0, 0, 0, 
0, 0, 0, 
0, 0, 0, 
0, 0, 0, 
0, 0, 0, 
0, 0, 0, 
0, 0, 0, 
0, 0, 0, 
0, 0, 0, 
0, 0, 0, 
0, 0, 0, 
0, 0, 0, 
0, 0, 0, 
0, 0, 0, 
0, 0, 0, 
0, 0, 0, 
0, 0, 0, 
0, 0, 0, 
0, 0, 0, 
0, 0, 0, 
0, 0, 0, 
0, 0, 0, 
0, 0, 0, 
0, 0, 0, 
0, 0, 0, 
0, 0, 0, 
0, 0, 0, 
0, 0, 0, 
0, 0, 0, 
0, 0, 0, 
0, 0, 0, 
0, 0, 0, 
0, 0, 0, 
0, 0, 0, 
0, 0, 0, 
0, 0, 0, 
0, 0, 0, 
0, 0, 0, 
0, 0, 0, 
0, 0, 0, 
0, 0, 0, 
0, 0, 0, 
0, 0, 0, 
0, 0, 0, 
0, 0, 0, 
0, 0, 0, 
0, 0, 0, 
0, 0, 0, 
0, 0, 0, 
0, 0, 0, 
0, 0, 0, 
0, 0, 0, 
0, 0, 0, 
0, 0, 0, 
0, 0, 0, 
0, 0, 0, 
0, 0, 0, 
0, 0, 0, 
0, 0, 0, 
0, 0, 0, 
0, 0, 0, 
0, 0, 0, 
0, 0, 0, 
0, 0, 0, 
0, 0, 0, 
0, 0, 0, 
0, 0, 0, 
0, 0, 0, 
0, 0, 0, 
0, 0, 0, 
0, 0, 0, 
0, 0, 0, 
0, 0, 0, 
0, 0, 0, 
0, 0, 0, 
0, 0, 0, 
0, 0, 0, 
0, 0, 0, 
0, 0, 0, 
0, 0, 0, 
0, 0, 0, 
0, 0, 0, 
0, 0, 0, 
0, 0, 0, 
0, 0, 0, 
0, 0, 0, 
0, 0, 0, 
0, 0, 0, 
0, 0, 0, 
0, 0, 0, 
0, 0, 0, 
0, 0, 0, 
0, 0, 0, 
0, 0, 0, 
0, 0, 0, 
0, 0, 0, 
0, 0, 0, 
0, 0, 0, 
0, 0, 0, 
0, 0, 0, 
0, 0, 0, 
0, 0, 0, 
0, 0, 0, 
0, 0, 0, 
0, 0, 0, 
0, 0, 0, 
0, 0, 0, 
0, 0, 0, 
0, 0, 0, 
0, 0, 0, 
0, 0, 0, 
0, 0, 0, 
0, 0, 0, 
0, 0, 0, 
0, 0, 0, 
0, 0, 0, 
0, 0, 0, 
0, 0, 0, 
0, 0, 0, 
0, 0, 0, 
0, 0, 0, 
0, 0, 0, 
0, 0, 0, 
0, 0, 0, 
0, 0, 0, 
0, 0, 0, 
0, 0, 0, 
0, 0, 0, 
0, 0, 0, 
0, 0, 0, 
0, 0, 0, 
0, 0, 0, 
0, 0, 0, 
0, 0, 0, 
0, 0, 0, 
0, 0, 0, 
0, 0, 0, 
0, 0, 0, 
0, 0, 0, 
0, 0, 0, 
0, 0, 0, 
0, 0, 0, 
0, 0, 0, 
0, 0, 0, 
0, 0, 0, 
0, 0, 0, 
0, 0, 0, 
0, 0, 0, 
0, 0, 0, 
0, 0, 0, 
0, 0, 0, 
0, 0, 0, 
0, 0, 0, 
0, 0, 0, 
0, 0, 0, 
0, 0, 0, 
0, 0, 0, 
0, 0, 0, 
0, 0, 0, 
0, 0, 0, 
0, 0, 0, 
0, 0, 0, 
0, 0, 0, 
0, 0, 0, 
0, 0, 0, 
0, 0, 0, 
0, 0, 0, 
0, 0, 0, 
0, 0, 0, 
0, 0, 0, 
0, 0, 0, 
0, 0, 0, 
0, 0, 0, 
0, 0, 0, 
0, 0, 0, 
0, 0, 0, 
0, 0, 0, 
0, 0, 0, 
0, 0, 0, 
0, 0, 0, 
0, 0, 0, 
0, 0, 0, 
0, 0, 0, 
0, 0, 0, 
0, 0, 0, 
0, 0, 0, 
0, 0, 0, 
0, 0, 0, 
0, 0, 0, 
0, 0, 0, 
0, 0, 0, 
0, 0, 0, 
0, 0, 0, 
0, 0, 0, 
0, 0, 0, 
0, 0, 0, 
0, 0, 0, 
0, 0, 0, 
0, 0, 0, 
0, 0, 0, 
0, 0, 0, 
0, 0, 0, 
0, 0, 0, 
0, 0, 0, 
0, 0, 0, 
0, 0, 0, 
0, 0, 0, 
0, 0, 0, 
0, 0, 0, 
0, 0, 0, 
0, 0, 0, 
0, 0, 0, 
0, 0, 0, 
0, 0, 0, 
0, 0, 0, 
0, 0, 0, 
0, 0, 0, 
0, 0, 0, 
0, 0, 0, 
0, 0, 0, 
0, 0, 0, 
0, 0, 0, 
0, 0, 0, 
0, 0, 0, 
0, 0, 0, 
0, 0, 0, 
0, 0, 0, 
0, 0, 0, 
0, 0, 0, 
0, 0, 0, 
0, 0, 0, 
0, 0, 0, 
0, 0, 0, 
0, 0, 0, 
0, 0, 0, 
0, 0, 0, 
0, 0, 0, 
0, 0, 0, 
0, 0, 0, 
0, 0, 0, 
0, 0, 0, 
0, 0, 0, 
0, 0, 0, 
0, 0, 0, 
0, 0, 0, 
0, 0, 0, 
0, 0, 0, 
0, 0, 0, 
0, 0, 0, 
0, 0, 0, 
0, 0, 0, 
0, 0, 0, 
0, 0, 0, 
0, 0, 0, 
0, 0, 0, 
0, 0, 0, 
0, 0, 0, 
0, 0, 0, 
0, 0, 0, 
0, 0, 0, 
0, 0, 0, 
0, 0, 0, 
0, 0, 0, 
0, 0, 0, 
0, 0, 0, 
0, 0, 0, 
0, 0, 0, 
0, 0, 0, 
0, 0, 0, 
0, 0, 0, 
0, 0, 0, 
0, 0, 0, 
0, 0, 0, 
0, 0, 0, 
0, 0, 0, 
0, 0, 0, 
0, 0, 0, 
0, 0, 0, 
0, 0, 0, 
0, 0, 0, 
0, 0, 0, 
0, 0, 0, 
0, 0, 0, 
0, 0, 0, 
0, 0, 0, 
0, 0, 0, 
0, 0, 0, 
0, 0, 0, 
0, 0, 0, 
0, 0, 0, 
0, 0, 0, 
0, 0, 0, 
0, 0, 0, 
0, 0, 0, 
0, 0, 0, 
0, 0, 0, 
0, 0, 0, 
0, 0, 0, 
0, 0, 0, 
0, 0, 0, 
0, 0, 0, 
0, 0, 0, 
0, 0, 0, 
0, 0, 0, 
0, 0, 0, 
0, 0, 0, 
0, 0, 0, 
0, 0, 0, 
0, 0, 0, 
0, 0, 0, 
0, 0, 0, 
0, 0, 0, 
0, 0, 0, 
0, 0, 0, 
0, 0, 0, 
0, 0, 0, 
0, 0, 0, 
0, 0, 0, 
0, 0, 0, 
0, 0, 0, 
0, 0, 0, 
0, 0, 0, 
0, 0, 0, 
0, 0, 0, 
0, 0, 0, 
0, 0, 0, 
0, 0, 0, 
0, 0, 0, 
0, 0, 0, 
0, 0, 0, 
0, 0, 0, 
0, 0, 0, 
0, 0, 0, 
0, 0, 0, 
0, 0, 0, 
0, 0, 0, 
0, 0, 0, 
0, 0, 0, 
0, 0, 0, 
0, 0, 0, 
0, 0, 0, 
0, 0, 0, 
0, 0, 0, 
0, 0, 0, 
0, 0, 0, 
0, 0, 0, 
0, 0, 0, 
0, 0, 0, 
0, 0, 0, 
0, 0, 0, 
0, 0, 0, 
0, 0, 0, 
0, 0, 0, 
0, 0, 0, 
0, 0, 0, 
0, 0, 0, 
0, 0, 0, 
0, 0, 0, 
0, 0, 0, 
0, 0, 0, 
0, 0, 0, 
0, 0, 0, 
0, 0, 0, 
0, 0, 0, 
0, 0, 0, 
0, 0, 0, 
0, 0, 0, 
0, 0, 0, 
0, 0, 0, 
0, 0, 0, 
0, 0, 0, 
0, 0, 0, 
0, 0, 0, 
0, 0, 0, 
0, 0, 0, 
0, 0, 0, 
0, 0, 0, 
0, 0, 0, 
0, 0, 0, 
0, 0, 0, 
0, 0, 0, 
0, 0, 0, 
0, 0, 0, 
0, 0, 0, 
0, 0, 0, 
0, 0, 0, 
0, 0, 0, 
0, 0, 0, 
0, 0, 0, 
0, 0, 0, 
0, 0, 0, 
0, 0, 0, 
0, 0, 0, 
0, 0, 0, 
0, 0, 0, 
0, 0, 0, 
0, 0, 0, 
0, 0, 0, 
0, 0, 0, 
0, 0, 0, 
0, 0, 0, 
0, 0, 0, 
0, 0, 0, 
0, 0, 0, 
0, 0, 0, 
0, 0, 0, 
0, 0, 0, 
0, 0, 0, 
0, 0, 0, 
0, 0, 0, 
0, 0, 0, 
0, 0, 0, 
0, 0, 0, 
0, 0, 0, 
0, 0, 0, 
0, 0, 0, 
0, 0, 0, 
0, 0, 0, 
0, 0, 0, 
0, 0, 0, 
0, 0, 0, 
0, 0, 0, 
0, 0, 0, 
0, 0, 0, 
0, 0, 0, 
0, 0, 0, 
0, 0, 0, 
0, 0, 0, 
0, 0, 0, 
0, 0, 0, 
0, 0, 0, 
0, 0, 0, 
0, 0, 0, 
0, 0, 0, 
0, 0, 0, 
0, 0, 0, 
0, 0, 0, 
0, 0, 0, 
0, 0, 0, 
0, 0, 0, 
0, 0, 0, 
0, 0, 0, 
0, 0, 0, 
0, 0, 0, 
0, 0, 0, 
0, 0, 0, 
0, 0, 0, 
0, 0, 0, 
0, 0, 0, 
0, 0, 0, 
0, 0, 0, 
0, 0, 0, 
0, 0, 0, 
0, 0, 0, 
0, 0, 0, 
0, 0, 0, 
0, 0, 0, 
0, 0, 0, 
0, 0, 0, 
0, 0, 0, 
0, 0, 0, 
0, 0, 0, 
0, 0, 0, 
0, 0, 0, 
0, 0, 0, 
0, 0, 0, 
0, 0, 0, 
0, 0, 0, 
0, 0, 0, 
0, 0, 0, 
0, 0, 0, 
0, 0, 0, 
0, 0, 0, 
0, 0, 0, 
0, 0, 0, 
0, 0, 0, 
0, 0, 0, 
0, 0, 0, 
0, 0, 0, 
0, 0, 0, 
0, 0, 0, 
0, 0, 0, 
0, 0, 0, 
0, 0, 0, 
0, 0, 0, 
0, 0, 0, 
0, 0, 0, 
0, 0, 0, 
0, 0, 0, 
0, 0, 0, 
0, 0, 0, 
0, 0, 0, 
0, 0, 0, 
0, 0, 0, 
0, 0, 0, 
0, 0, 0, 
0, 0, 0, 
0, 0, 0, 
0, 0, 0, 
0, 0, 0, 
0, 0, 0, 
0, 0, 0, 
0, 0, 0, 
0, 0, 0, 
0, 0, 0, 
0, 0, 0, 
0, 0, 0, 
0, 0, 0, 
0, 0, 0, 
0, 0, 0, 
0, 0, 0, 
0, 0, 0, 
0, 0, 0, 
0, 0, 0, 
0, 0, 0, 
0, 0, 0, 
0, 0, 0, 
0, 0, 0, 
0, 0, 0, 
0, 0, 0, 
0, 0, 0, 
0, 0, 0, 
0, 0, 0, 
0, 0, 0, 
0, 0, 0, 
0, 0, 0, 
0, 0, 0, 
0, 0, 0, 
0, 0, 0, 
0, 0, 0, 
0, 0, 0, 
0, 0, 0, 
0, 0, 0, 
0, 0, 0, 
0, 0, 0, 
0, 0, 0, 
0, 0, 0, 
0, 0, 0, 
0, 0, 0, 
0, 0, 0, 
0, 0, 0, 
0, 0, 0, 
0, 0, 0, 
0, 0, 0, 
0, 0, 0, 
0, 0, 0, 
0, 0, 0, 
0, 0, 0, 
0, 0, 0, 
0, 0, 0, 
0, 0, 0, 
0, 0, 0, 
0, 0, 0, 
0, 0, 0, 
0, 0, 0, 
0, 0, 0, 
0, 0, 0, 
0, 0, 0, 
0, 0, 0, 
0, 0, 0, 
0, 0, 0, 
0, 0, 0, 
0, 0, 0, 
0, 0, 0, 
0, 0, 0, 
0, 0, 0, 
0, 0, 0, 
0, 0, 0, 
0, 0, 0, 
0, 0, 0, 
0, 0, 0, 
0, 0, 0, 
0, 0, 0, 
0, 0, 0, 
0, 0, 0, 
0, 0, 0, 
0, 0, 0, 
0, 0, 0, 
0, 0, 0, 
0, 0, 0, 
0, 0, 0, 
0, 0, 0, 
0, 0, 0, 
0, 0, 0, 
0, 0, 0, 
0, 0, 0, 
0, 0, 0, 
0, 0, 0, 
0, 0, 0, 
0, 0, 0, 
0, 0, 0, 
0, 0, 0, 
0, 0, 0, 
0, 0, 0, 
0, 0, 0, 
0, 0, 0, 
0, 0, 0, 
0, 0, 0, 
0, 0, 0, 
0, 0, 0, 
0, 0, 0, 
0, 0, 0, 
0, 0, 0, 
0, 0, 0, 
0, 0, 0, 
0, 0, 0, 
0, 0, 0, 
0, 0, 0, 
0, 0, 0, 
0, 0, 0, 
0, 0, 0, 
0, 0, 0, 
0, 0, 0, 
0, 0, 0, 
0, 0, 0, 
0, 0, 0, 
0, 0, 0, 
0, 0, 0, 
0, 0, 0, 
0, 0, 0, 
0, 0, 0, 
0, 0, 0, 
0, 0, 0, 
0, 0, 0, 
0, 0, 0, 
0, 0, 0, 
0, 0, 0, 
0, 0, 0, 
0, 0, 0, 
0, 0, 0, 
0, 0, 0, 
0, 0, 0, 
0, 0, 0, 
0, 0, 0, 
0, 0, 0, 
0, 0, 0, 
0, 0, 0, 
0, 0, 0, 
0, 0, 0, 
0, 0, 0, 
0, 0, 0, 
0, 0, 0, 
0, 0, 0, 
0, 0, 0, 
0, 0, 0, 
0, 0, 0, 
0, 0, 0, 
0, 0, 0, 
0, 0, 0, 
0, 0, 0, 
0, 0, 0, 
0, 0, 0, 
0, 0, 0, 
0, 0, 0, 
0, 0, 0, 
0, 0, 0, 
0, 0, 0, 
0, 0, 0, 
0, 0, 0, 
0, 0, 0, 
0, 0, 0, 
0, 0, 0, 
0, 0, 0, 
0, 0, 0, 
0, 0, 0, 
0, 0, 0, 
0, 0, 0, 
0, 0, 0, 
0, 0, 0, 
0, 0, 0, 
0, 0, 0, 
0, 0, 0, 
0, 0, 0, 
0, 0, 0, 
0, 0, 0, 
0, 0, 0, 
0, 0, 0, 
0, 0, 0, 
0, 0, 0, 
0, 0, 0, 
0, 0, 0, 
0, 0, 0, 
0, 0, 0, 
0, 0, 0, 
0, 0, 0, 
0, 0, 0, 
0, 0, 0, 
0, 0, 0, 
0, 0, 0, 
0, 0, 0, 
0, 0, 0, 
0, 0, 0, 
0, 0, 0, 
0, 0, 0, 
0, 0, 0, 
0, 0, 0, 
0, 0, 0, 
0, 0, 0, 
0, 0, 0, 
0, 0, 0, 
0, 0, 0, 
0, 0, 0, 
0, 0, 0, 
0, 0, 0, 
0, 0, 0, 
0, 0, 0, 
0, 0, 0, 
0, 0, 0, 
0, 0, 0, 
0, 0, 0, 
0, 0, 0, 
0, 0, 0, 
0, 0, 0, 
0, 0, 0, 
0, 0, 0, 
0, 0, 0, 
0, 0, 0, 
0, 0, 0, 
0, 0, 0, 
0, 0, 0, 
0, 0, 0, 
0, 0, 0, 
0, 0, 0, 
0, 0, 0, 
0, 0, 0, 
0, 0, 0, 
0, 0, 0, 
0, 0, 0, 
0, 0, 0, 
0, 0, 0, 
0, 0, 0, 
0, 0, 0, 
0, 0, 0, 
0, 0, 0, 
0, 0, 0, 
0, 0, 0, 
0, 0, 0, 
0, 0, 0, 
0, 0, 0, 
0, 0, 0, 
0, 0, 0, 
0, 0, 0, 
0, 0, 0, 
0, 0, 0, 
0, 0, 0, 
0, 0, 0, 
0, 0, 0, 
0, 0, 0, 
0, 0, 0, 
0, 0, 0, 
0, 0, 0, 
0, 0, 0, 
0, 0, 0, 
0, 0, 0, 
0, 0, 0, 
0, 0, 0, 
0, 0, 0, 
0, 0, 0, 
0, 0, 0, 
0, 0, 0, 
0, 0, 0, 
0, 0, 0, 
0, 0, 0, 
0, 0, 0, 
0, 0, 0, 
0, 0, 0, 
0, 0, 0, 
0, 0, 0, 
0, 0, 0, 
0, 0, 0, 
0, 0, 0, 
0, 0, 0, 
0, 0, 0, 
0, 0, 0, 
0, 0, 0, 
0, 0, 0, 
0, 0, 0, 
0, 0, 0, 
0, 0, 0, 
0, 0, 0, 
0, 0, 0, 
0, 0, 0, 
0, 0, 0, 
0, 0, 0, 
0, 0, 0, 
0, 0, 0, 
0, 0, 0, 
0, 0, 0, 
0, 0, 0, 
0, 0, 0, 
0, 0, 0, 
0, 0, 0, 
0, 0, 0, 
0, 0, 0, 
0, 0, 0, 
0, 0, 0, 
0, 0, 0, 
0, 0, 0, 
0, 0, 0, 
0, 0, 0, 
0, 0, 0, 
0, 0, 0, 
0, 0, 0, 
0, 0, 0, 
0, 0, 0, 
0, 0, 0, 
0, 0, 0, 
0, 0, 0, 
0, 0, 0, 
0, 0, 0, 
0, 0, 0, 
0, 0, 0, 
0, 0, 0, 
0, 0, 0, 
0, 0, 0, 
0, 0, 0, 
0, 0, 0, 
0, 0, 0, 
0, 0, 0, 
0, 0, 0, 
0, 0, 0, 
0, 0, 0, 
0, 0, 0, 
0, 0, 0, 
0, 0, 0, 
0, 0, 0, 
0, 0, 0, 
0, 0, 0, 
0, 0, 0, 
0, 0, 0, 
0, 0, 0, 
0, 0, 0, 
0, 0, 0, 
0, 0, 0, 
0, 0, 0, 
0, 0, 0, 
0, 0, 0, 
0, 0, 0, 
0, 0, 0, 
0, 0, 0, 
0, 0, 0, 
0, 0, 0, 
0, 0, 0, 
0, 0, 0, 
0, 0, 0, 
0, 0, 0, 
0, 0, 0, 
0, 0, 0, 
0, 0, 0, 
0, 0, 0, 
0, 0, 0, 
0, 0, 0, 
0, 0, 0, 
0, 0, 0, 
0, 0, 0, 
0, 0, 0, 
0, 0, 0, 
0, 0, 0, 
0, 0, 0, 
0, 0, 0, 
0, 0, 0, 
0, 0, 0, 
0, 0, 0, 
0, 0, 0, 
0, 0, 0, 
0, 0, 0, 
0, 0, 0, 
0, 0, 0, 
0, 0, 0, 
0, 0, 0, 
0, 0, 0, 
0, 0, 0, 
0, 0, 0, 
0, 0, 0, 
0, 0, 0, 
0, 0, 0, 
0, 0, 0, 
0, 0, 0, 
0, 0, 0, 
0, 0, 0, 
0, 0, 0, 
0, 0, 0, 
0, 0, 0, 
0, 0, 0, 
0, 0, 0, 
0, 0, 0, 
0, 0, 0, 
0, 0, 0, 
0, 0, 0, 
0, 0, 0, 
0, 0, 0, 
0, 0, 0, 
0, 0, 0, 
0, 0, 0, 
0, 0, 0, 
0, 0, 0, 
0, 0, 0, 
0, 0, 0, 
0, 0, 0, 
0, 0, 0, 
0, 0, 0, 
0, 0, 0, 
0, 0, 0, 
0, 0, 0, 
0, 0, 0, 
0, 0, 0, 
0, 0, 0, 
0, 0, 0, 
0, 0, 0, 
0, 0, 0, 
0, 0, 0, 
0, 0, 0, 
0, 0, 0, 
0, 0, 0, 
0, 0, 0, 
0, 0, 0, 
0, 0, 0, 
0, 0, 0, 
]);
var flagfu = new Float32Array([
0.198739, 0.86094, 
0.198739, 0.86094, 
0.198739, 0.86094, 
0.198739, 0.86094, 
0.198739, 0.86094, 
0.198739, 0.86094, 
0.198739, 0.86094, 
0.198739, 0.86094, 
0.198739, 0.86094, 
0.198739, 0.86094, 
0.198739, 0.86094, 
0.198739, 0.86094, 
0.198739, 0.86094, 
0.198739, 0.86094, 
0.198739, 0.86094, 
0.198739, 0.86094, 
0.198739, 0.86094, 
0.198739, 0.86094, 
0.198739, 0.86094, 
0.198739, 0.86094, 
0.198739, 0.86094, 
0.198739, 0.86094, 
0.198739, 0.86094, 
0.198739, 0.86094, 
0.400945, 0.893262, 
0.400945, 0.893262, 
0.400945, 0.893262, 
0.198739, 0.86094, 
0.198739, 0.86094, 
0.198739, 0.86094, 
0.198739, 0.86094, 
0.198739, 0.86094, 
0.198739, 0.86094, 
0.198739, 0.86094, 
0.198739, 0.86094, 
0.198739, 0.86094, 
0.198739, 0.86094, 
0.198739, 0.86094, 
0.198739, 0.86094, 
0.198739, 0.86094, 
0.198739, 0.86094, 
0.198739, 0.86094, 
0.198739, 0.86094, 
0.198739, 0.86094, 
0.198739, 0.86094, 
0.198739, 0.86094, 
0.198739, 0.86094, 
0.198739, 0.86094, 
0.198739, 0.86094, 
0.198739, 0.86094, 
0.198739, 0.86094, 
0.198739, 0.86094, 
0.198739, 0.86094, 
0.198739, 0.86094, 
0.198739, 0.86094, 
0.198739, 0.86094, 
0.198739, 0.86094, 
0.198739, 0.86094, 
0.198739, 0.86094, 
0.198739, 0.86094, 
0.198739, 0.86094, 
0.198739, 0.86094, 
0.198739, 0.86094, 
0.198739, 0.86094, 
0.198739, 0.86094, 
0.198739, 0.86094, 
0.198739, 0.86094, 
0.198739, 0.86094, 
0.198739, 0.86094, 
0.198739, 0.86094, 
0.198739, 0.86094, 
0.198739, 0.86094, 
0.198739, 0.86094, 
0.198739, 0.86094, 
0.198739, 0.86094, 
0.198739, 0.86094, 
0.198739, 0.86094, 
0.198739, 0.86094, 
0.198739, 0.86094, 
0.198739, 0.86094, 
0.198739, 0.86094, 
0.198739, 0.86094, 
0.198739, 0.86094, 
0.198739, 0.86094, 
0.198739, 0.86094, 
0.198739, 0.86094, 
0.198739, 0.86094, 
0.198739, 0.86094, 
0.198739, 0.86094, 
0.198739, 0.86094, 
0.198739, 0.86094, 
0.198739, 0.86094, 
0.198739, 0.86094, 
0.198739, 0.86094, 
0.198739, 0.86094, 
0.198739, 0.86094, 
0.198739, 0.86094, 
0.198739, 0.86094, 
0.198739, 0.86094, 
0.198739, 0.86094, 
0.198739, 0.86094, 
0.198739, 0.86094, 
0.198739, 0.86094, 
0.198739, 0.86094, 
0.198739, 0.86094, 
0.198739, 0.86094, 
0.198739, 0.86094, 
0.198739, 0.86094, 
0.198739, 0.86094, 
0.198739, 0.86094, 
0.198739, 0.86094, 
0.198739, 0.86094, 
0.198739, 0.86094, 
0.198739, 0.86094, 
0.198739, 0.86094, 
0.198739, 0.86094, 
0.198739, 0.86094, 
0.198739, 0.86094, 
0.198739, 0.86094, 
0.198739, 0.86094, 
0.198739, 0.86094, 
0.198739, 0.86094, 
0.198739, 0.86094, 
0.198739, 0.86094, 
0.198739, 0.86094, 
0.198739, 0.86094, 
0.198739, 0.86094, 
0.198739, 0.86094, 
0.198739, 0.86094, 
0.198739, 0.86094, 
0.198739, 0.86094, 
0.198739, 0.86094, 
0.198739, 0.86094, 
0.198739, 0.86094, 
0.198739, 0.86094, 
0.198739, 0.86094, 
0.198739, 0.86094, 
0.198739, 0.86094, 
0.198739, 0.86094, 
0.198739, 0.86094, 
0.198739, 0.86094, 
0.198739, 0.86094, 
0.198739, 0.86094, 
0.198739, 0.86094, 
0.198739, 0.86094, 
0.198739, 0.86094, 
0.198739, 0.86094, 
0.198739, 0.86094, 
0.198739, 0.86094, 
0.198739, 0.86094, 
0.198739, 0.86094, 
0.198739, 0.86094, 
0.198739, 0.86094, 
0.198739, 0.86094, 
0.198739, 0.86094, 
0.198739, 0.86094, 
0.198739, 0.86094, 
0.198739, 0.86094, 
0.198739, 0.86094, 
0.198739, 0.86094, 
0.198739, 0.86094, 
0.198739, 0.86094, 
0.198739, 0.86094, 
0.198739, 0.86094, 
0.198739, 0.86094, 
0.198739, 0.86094, 
0.198739, 0.86094, 
0.198739, 0.86094, 
0.198739, 0.86094, 
0.198739, 0.86094, 
0.198739, 0.86094, 
0.198739, 0.86094, 
0.198739, 0.86094, 
0.198739, 0.86094, 
0.198739, 0.86094, 
0.198739, 0.86094, 
0.198739, 0.86094, 
0.198739, 0.86094, 
0.198739, 0.86094, 
0.198739, 0.86094, 
0.198739, 0.86094, 
0.198739, 0.86094, 
0.198739, 0.86094, 
0.198739, 0.86094, 
0.198739, 0.86094, 
0.198739, 0.86094, 
0.198739, 0.86094, 
0.198739, 0.86094, 
0.198739, 0.86094, 
0.198739, 0.86094, 
0.198739, 0.86094, 
0.198739, 0.86094, 
0.198739, 0.86094, 
0.198739, 0.86094, 
0.198739, 0.86094, 
0.198739, 0.86094, 
0.198739, 0.86094, 
0.198739, 0.86094, 
0.198739, 0.86094, 
0.198739, 0.86094, 
0.198739, 0.86094, 
0.198739, 0.86094, 
0.198739, 0.86094, 
0.198739, 0.86094, 
0.198739, 0.86094, 
0.198739, 0.86094, 
0.198739, 0.86094, 
0.400945, 0.893262, 
0.400945, 0.893262, 
0.400945, 0.893262, 
0.198739, 0.86094, 
0.198739, 0.86094, 
0.198739, 0.86094, 
0.198739, 0.86094, 
0.198739, 0.86094, 
0.198739, 0.86094, 
0.198739, 0.86094, 
0.198739, 0.86094, 
0.198739, 0.86094, 
0.198739, 0.86094, 
0.198739, 0.86094, 
0.198739, 0.86094, 
0.198739, 0.86094, 
0.198739, 0.86094, 
0.198739, 0.86094, 
0.198739, 0.86094, 
0.198739, 0.86094, 
0.198739, 0.86094, 
0.198739, 0.86094, 
0.198739, 0.86094, 
0.198739, 0.86094, 
0.198739, 0.86094, 
0.198739, 0.86094, 
0.198739, 0.86094, 
0.198739, 0.86094, 
0.198739, 0.86094, 
0.198739, 0.86094, 
0.903717, 0.727748, 
0.472704, 0.579555, 
0.905529, 0.582365, 
0.466478, 0.442102, 
0.928347, 0.585269, 
0.464573, 0.585716, 
0.198739, 0.86094, 
0.198739, 0.86094, 
0.198739, 0.86094, 
0.198739, 0.86094, 
0.198739, 0.86094, 
0.198739, 0.86094, 
0.198739, 0.86094, 
0.198739, 0.86094, 
0.198739, 0.86094, 
0.198739, 0.86094, 
0.198739, 0.86094, 
0.198739, 0.86094, 
0.198739, 0.86094, 
0.198739, 0.86094, 
0.198739, 0.86094, 
0.198739, 0.86094, 
0.198739, 0.86094, 
0.198739, 0.86094, 
0.198739, 0.86094, 
0.198739, 0.86094, 
0.198739, 0.86094, 
0.198739, 0.86094, 
0.198739, 0.86094, 
0.198739, 0.86094, 
0.198739, 0.86094, 
0.198739, 0.86094, 
0.198739, 0.86094, 
0.198739, 0.86094, 
0.198739, 0.86094, 
0.198739, 0.86094, 
0.198739, 0.86094, 
0.198739, 0.86094, 
0.198739, 0.86094, 
0.198739, 0.86094, 
0.198739, 0.86094, 
0.198739, 0.86094, 
0.198739, 0.86094, 
0.198739, 0.86094, 
0.198739, 0.86094, 
0.198739, 0.86094, 
0.198739, 0.86094, 
0.198739, 0.86094, 
0.198739, 0.86094, 
0.198739, 0.86094, 
0.198739, 0.86094, 
0.400945, 0.893262, 
0.400945, 0.893262, 
0.400945, 0.893262, 
0.400945, 0.893262, 
0.400945, 0.893262, 
0.400945, 0.893262, 
0.400945, 0.893262, 
0.400945, 0.893262, 
0.400945, 0.893262, 
0.400945, 0.893262, 
0.400945, 0.893262, 
0.400945, 0.893262, 
0.464573, 0.585716, 
0.926443, 0.728883, 
0.462669, 0.72933, 
0.400945, 0.893262, 
0.400945, 0.893262, 
0.400945, 0.893262, 
0.905529, 0.582365, 
0.474516, 0.434173, 
0.907341, 0.436983, 
0.400945, 0.893262, 
0.400945, 0.893262, 
0.400945, 0.893262, 
0.198739, 0.86094, 
0.198739, 0.86094, 
0.198739, 0.86094, 
0.198739, 0.86094, 
0.198739, 0.86094, 
0.198739, 0.86094, 
0.198739, 0.86094, 
0.198739, 0.86094, 
0.198739, 0.86094, 
0.198739, 0.86094, 
0.198739, 0.86094, 
0.198739, 0.86094, 
0.198739, 0.86094, 
0.198739, 0.86094, 
0.198739, 0.86094, 
0.198739, 0.86094, 
0.198739, 0.86094, 
0.198739, 0.86094, 
0.198739, 0.86094, 
0.198739, 0.86094, 
0.198739, 0.86094, 
0.198739, 0.86094, 
0.198739, 0.86094, 
0.198739, 0.86094, 
0.400945, 0.893262, 
0.400945, 0.893262, 
0.400945, 0.893262, 
0.198739, 0.86094, 
0.198739, 0.86094, 
0.198739, 0.86094, 
0.198739, 0.86094, 
0.198739, 0.86094, 
0.198739, 0.86094, 
0.198739, 0.86094, 
0.198739, 0.86094, 
0.198739, 0.86094, 
0.198739, 0.86094, 
0.198739, 0.86094, 
0.198739, 0.86094, 
0.198739, 0.86094, 
0.198739, 0.86094, 
0.198739, 0.86094, 
0.198739, 0.86094, 
0.198739, 0.86094, 
0.198739, 0.86094, 
0.198739, 0.86094, 
0.198739, 0.86094, 
0.198739, 0.86094, 
0.198739, 0.86094, 
0.198739, 0.86094, 
0.198739, 0.86094, 
0.198739, 0.86094, 
0.198739, 0.86094, 
0.198739, 0.86094, 
0.198739, 0.86094, 
0.198739, 0.86094, 
0.198739, 0.86094, 
0.198739, 0.86094, 
0.198739, 0.86094, 
0.198739, 0.86094, 
0.198739, 0.86094, 
0.198739, 0.86094, 
0.198739, 0.86094, 
0.198739, 0.86094, 
0.198739, 0.86094, 
0.198739, 0.86094, 
0.198739, 0.86094, 
0.198739, 0.86094, 
0.198739, 0.86094, 
0.198739, 0.86094, 
0.198739, 0.86094, 
0.198739, 0.86094, 
0.198739, 0.86094, 
0.198739, 0.86094, 
0.198739, 0.86094, 
0.198739, 0.86094, 
0.198739, 0.86094, 
0.198739, 0.86094, 
0.198739, 0.86094, 
0.198739, 0.86094, 
0.198739, 0.86094, 
0.198739, 0.86094, 
0.198739, 0.86094, 
0.198739, 0.86094, 
0.198739, 0.86094, 
0.198739, 0.86094, 
0.198739, 0.86094, 
0.198739, 0.86094, 
0.198739, 0.86094, 
0.198739, 0.86094, 
0.198739, 0.86094, 
0.198739, 0.86094, 
0.198739, 0.86094, 
0.198739, 0.86094, 
0.198739, 0.86094, 
0.198739, 0.86094, 
0.198739, 0.86094, 
0.198739, 0.86094, 
0.198739, 0.86094, 
0.198739, 0.86094, 
0.198739, 0.86094, 
0.198739, 0.86094, 
0.198739, 0.86094, 
0.198739, 0.86094, 
0.198739, 0.86094, 
0.198739, 0.86094, 
0.198739, 0.86094, 
0.198739, 0.86094, 
0.198739, 0.86094, 
0.198739, 0.86094, 
0.198739, 0.86094, 
0.198739, 0.86094, 
0.198739, 0.86094, 
0.198739, 0.86094, 
0.198739, 0.86094, 
0.198739, 0.86094, 
0.198739, 0.86094, 
0.198739, 0.86094, 
0.198739, 0.86094, 
0.198739, 0.86094, 
0.198739, 0.86094, 
0.198739, 0.86094, 
0.198739, 0.86094, 
0.198739, 0.86094, 
0.198739, 0.86094, 
0.198739, 0.86094, 
0.198739, 0.86094, 
0.198739, 0.86094, 
0.198739, 0.86094, 
0.198739, 0.86094, 
0.198739, 0.86094, 
0.198739, 0.86094, 
0.198739, 0.86094, 
0.198739, 0.86094, 
0.198739, 0.86094, 
0.198739, 0.86094, 
0.198739, 0.86094, 
0.198739, 0.86094, 
0.198739, 0.86094, 
0.198739, 0.86094, 
0.198739, 0.86094, 
0.198739, 0.86094, 
0.198739, 0.86094, 
0.198739, 0.86094, 
0.198739, 0.86094, 
0.198739, 0.86094, 
0.198739, 0.86094, 
0.198739, 0.86094, 
0.198739, 0.86094, 
0.198739, 0.86094, 
0.198739, 0.86094, 
0.198739, 0.86094, 
0.198739, 0.86094, 
0.198739, 0.86094, 
0.198739, 0.86094, 
0.198739, 0.86094, 
0.198739, 0.86094, 
0.198739, 0.86094, 
0.198739, 0.86094, 
0.198739, 0.86094, 
0.198739, 0.86094, 
0.198739, 0.86094, 
0.198739, 0.86094, 
0.198739, 0.86094, 
0.198739, 0.86094, 
0.198739, 0.86094, 
0.198739, 0.86094, 
0.198739, 0.86094, 
0.198739, 0.86094, 
0.198739, 0.86094, 
0.198739, 0.86094, 
0.198739, 0.86094, 
0.198739, 0.86094, 
0.198739, 0.86094, 
0.198739, 0.86094, 
0.198739, 0.86094, 
0.198739, 0.86094, 
0.198739, 0.86094, 
0.198739, 0.86094, 
0.198739, 0.86094, 
0.198739, 0.86094, 
0.198739, 0.86094, 
0.198739, 0.86094, 
0.198739, 0.86094, 
0.198739, 0.86094, 
0.198739, 0.86094, 
0.198739, 0.86094, 
0.198739, 0.86094, 
0.198739, 0.86094, 
0.198739, 0.86094, 
0.198739, 0.86094, 
0.198739, 0.86094, 
0.198739, 0.86094, 
0.198739, 0.86094, 
0.198739, 0.86094, 
0.198739, 0.86094, 
0.198739, 0.86094, 
0.198739, 0.86094, 
0.198739, 0.86094, 
0.198739, 0.86094, 
0.198739, 0.86094, 
0.198739, 0.86094, 
0.198739, 0.86094, 
0.198739, 0.86094, 
0.198739, 0.86094, 
0.198739, 0.86094, 
0.198739, 0.86094, 
0.400945, 0.893262, 
0.400945, 0.893262, 
0.400945, 0.893262, 
0.198739, 0.86094, 
0.198739, 0.86094, 
0.198739, 0.86094, 
0.198739, 0.86094, 
0.198739, 0.86094, 
0.198739, 0.86094, 
0.198739, 0.86094, 
0.198739, 0.86094, 
0.198739, 0.86094, 
0.198739, 0.86094, 
0.198739, 0.86094, 
0.198739, 0.86094, 
0.198739, 0.86094, 
0.198739, 0.86094, 
0.198739, 0.86094, 
0.198739, 0.86094, 
0.198739, 0.86094, 
0.198739, 0.86094, 
0.198739, 0.86094, 
0.198739, 0.86094, 
0.198739, 0.86094, 
0.198739, 0.86094, 
0.198739, 0.86094, 
0.198739, 0.86094, 
0.198739, 0.86094, 
0.198739, 0.86094, 
0.198739, 0.86094, 
0.903717, 0.727748, 
0.470893, 0.724938, 
0.472704, 0.579555, 
0.466478, 0.442102, 
0.930251, 0.441655, 
0.928347, 0.585269, 
0.198739, 0.86094, 
0.198739, 0.86094, 
0.198739, 0.86094, 
0.198739, 0.86094, 
0.198739, 0.86094, 
0.198739, 0.86094, 
0.198739, 0.86094, 
0.198739, 0.86094, 
0.198739, 0.86094, 
0.198739, 0.86094, 
0.198739, 0.86094, 
0.198739, 0.86094, 
0.198739, 0.86094, 
0.198739, 0.86094, 
0.198739, 0.86094, 
0.198739, 0.86094, 
0.198739, 0.86094, 
0.198739, 0.86094, 
0.198739, 0.86094, 
0.198739, 0.86094, 
0.198739, 0.86094, 
0.198739, 0.86094, 
0.198739, 0.86094, 
0.198739, 0.86094, 
0.198739, 0.86094, 
0.198739, 0.86094, 
0.198739, 0.86094, 
0.198739, 0.86094, 
0.198739, 0.86094, 
0.198739, 0.86094, 
0.198739, 0.86094, 
0.198739, 0.86094, 
0.198739, 0.86094, 
0.198739, 0.86094, 
0.198739, 0.86094, 
0.198739, 0.86094, 
0.198739, 0.86094, 
0.198739, 0.86094, 
0.198739, 0.86094, 
0.198739, 0.86094, 
0.198739, 0.86094, 
0.198739, 0.86094, 
0.198739, 0.86094, 
0.198739, 0.86094, 
0.198739, 0.86094, 
0.400945, 0.893262, 
0.400945, 0.893262, 
0.400945, 0.893262, 
0.400945, 0.893262, 
0.400945, 0.893262, 
0.400945, 0.893262, 
0.400945, 0.893262, 
0.400945, 0.893262, 
0.400945, 0.893262, 
0.400945, 0.893262, 
0.400945, 0.893262, 
0.400945, 0.893262, 
0.464573, 0.585716, 
0.928347, 0.585269, 
0.926443, 0.728883, 
0.400945, 0.893262, 
0.400945, 0.893262, 
0.400945, 0.893262, 
0.905529, 0.582365, 
0.472704, 0.579555, 
0.474516, 0.434173, 
0.400945, 0.893262, 
0.400945, 0.893262, 
0.400945, 0.893262, 
0, 0, 
0, 0, 
0, 0, 
0, 0, 
0, 0, 
0, 0, 
0, 0, 
0, 0, 
0, 0, 
0, 0, 
0, 0, 
0, 0, 
0, 0, 
0, 0, 
0, 0, 
0, 0, 
0, 0, 
0, 0, 
0, 0, 
0, 0, 
0, 0, 
0, 0, 
0, 0, 
0, 0, 
0, 0, 
0, 0, 
0, 0, 
0, 0, 
0, 0, 
0, 0, 
0, 0, 
0, 0, 
0, 0, 
0, 0, 
0, 0, 
0, 0, 
0, 0, 
0, 0, 
0, 0, 
0, 0, 
0, 0, 
0, 0, 
0, 0, 
0, 0, 
0, 0, 
0, 0, 
0, 0, 
0, 0, 
0, 0, 
0, 0, 
0, 0, 
0, 0, 
0, 0, 
0, 0, 
0, 0, 
0, 0, 
0, 0, 
0, 0, 
0, 0, 
0, 0, 
0, 0, 
0, 0, 
0, 0, 
0, 0, 
0, 0, 
0, 0, 
0, 0, 
0, 0, 
0, 0, 
0, 0, 
0, 0, 
0, 0, 
0, 0, 
0, 0, 
0, 0, 
0, 0, 
0, 0, 
0, 0, 
0, 0, 
0, 0, 
0, 0, 
0, 0, 
0, 0, 
0, 0, 
0, 0, 
0, 0, 
0, 0, 
0, 0, 
0, 0, 
0, 0, 
0, 0, 
0, 0, 
0, 0, 
0, 0, 
0, 0, 
0, 0, 
0, 0, 
0, 0, 
0, 0, 
0, 0, 
0, 0, 
0, 0, 
0, 0, 
0, 0, 
0, 0, 
0, 0, 
0, 0, 
0, 0, 
0, 0, 
0, 0, 
0, 0, 
0, 0, 
0, 0, 
0, 0, 
0, 0, 
0, 0, 
0, 0, 
0, 0, 
0, 0, 
0, 0, 
0, 0, 
0, 0, 
0, 0, 
0, 0, 
0, 0, 
0, 0, 
0, 0, 
0, 0, 
0, 0, 
0, 0, 
0, 0, 
0, 0, 
0, 0, 
0, 0, 
0, 0, 
0, 0, 
0, 0, 
0, 0, 
0, 0, 
0, 0, 
0, 0, 
0, 0, 
0, 0, 
0, 0, 
0, 0, 
0, 0, 
0, 0, 
0, 0, 
0, 0, 
0, 0, 
0, 0, 
0, 0, 
0, 0, 
0, 0, 
0, 0, 
0, 0, 
0, 0, 
0, 0, 
0, 0, 
0, 0, 
0, 0, 
0, 0, 
0, 0, 
0, 0, 
0, 0, 
0, 0, 
0, 0, 
0, 0, 
0, 0, 
0, 0, 
0, 0, 
0, 0, 
0, 0, 
0, 0, 
0, 0, 
0, 0, 
0, 0, 
0, 0, 
0, 0, 
0, 0, 
0, 0, 
0, 0, 
0, 0, 
0, 0, 
0, 0, 
0, 0, 
0, 0, 
0, 0, 
0, 0, 
0, 0, 
0, 0, 
0, 0, 
0, 0, 
0, 0, 
0, 0, 
0, 0, 
0, 0, 
0, 0, 
0, 0, 
0, 0, 
0, 0, 
0, 0, 
0, 0, 
0, 0, 
0, 0, 
0, 0, 
0, 0, 
0, 0, 
0, 0, 
0, 0, 
0, 0, 
0, 0, 
0, 0, 
0, 0, 
0, 0, 
0, 0, 
0, 0, 
0, 0, 
0, 0, 
0, 0, 
0, 0, 
0, 0, 
0, 0, 
0, 0, 
0, 0, 
0, 0, 
0, 0, 
0, 0, 
0, 0, 
0, 0, 
0, 0, 
0, 0, 
0, 0, 
0, 0, 
0, 0, 
0, 0, 
0, 0, 
0, 0, 
0, 0, 
0, 0, 
0, 0, 
0, 0, 
0, 0, 
0, 0, 
0, 0, 
0, 0, 
0, 0, 
0, 0, 
0, 0, 
0, 0, 
0, 0, 
0, 0, 
0, 0, 
0, 0, 
0, 0, 
0, 0, 
0, 0, 
0, 0, 
0, 0, 
0, 0, 
0, 0, 
0, 0, 
0, 0, 
0, 0, 
0, 0, 
0, 0, 
0, 0, 
0, 0, 
0, 0, 
0, 0, 
0, 0, 
0, 0, 
0, 0, 
0, 0, 
0, 0, 
0, 0, 
0, 0, 
0, 0, 
0, 0, 
0, 0, 
0, 0, 
0, 0, 
0, 0, 
0, 0, 
0, 0, 
0, 0, 
0, 0, 
0, 0, 
0, 0, 
0, 0, 
0, 0, 
0, 0, 
0, 0, 
0, 0, 
0, 0, 
0, 0, 
0, 0, 
0, 0, 
0, 0, 
0, 0, 
0, 0, 
0, 0, 
0, 0, 
0, 0, 
0, 0, 
0, 0, 
0, 0, 
0, 0, 
0, 0, 
0, 0, 
0, 0, 
0, 0, 
0, 0, 
0, 0, 
0, 0, 
0, 0, 
0, 0, 
0, 0, 
0, 0, 
0, 0, 
0, 0, 
0, 0, 
0, 0, 
0, 0, 
0, 0, 
0, 0, 
0, 0, 
0, 0, 
0, 0, 
0, 0, 
0, 0, 
0, 0, 
0, 0, 
0, 0, 
0, 0, 
0, 0, 
0, 0, 
0, 0, 
0, 0, 
0, 0, 
0, 0, 
0, 0, 
0, 0, 
0, 0, 
0, 0, 
0, 0, 
0, 0, 
0, 0, 
0, 0, 
0, 0, 
0, 0, 
0, 0, 
0, 0, 
0, 0, 
0, 0, 
0, 0, 
0, 0, 
0, 0, 
0, 0, 
0, 0, 
0, 0, 
0, 0, 
0, 0, 
0, 0, 
0, 0, 
0, 0, 
0, 0, 
0, 0, 
0, 0, 
0, 0, 
0, 0, 
0, 0, 
0, 0, 
0, 0, 
0, 0, 
0, 0, 
0, 0, 
0, 0, 
0, 0, 
0, 0, 
0, 0, 
0, 0, 
0, 0, 
0, 0, 
0, 0, 
0, 0, 
0, 0, 
0, 0, 
0, 0, 
0, 0, 
0, 0, 
0, 0, 
0, 0, 
0, 0, 
0, 0, 
0, 0, 
0, 0, 
0, 0, 
0, 0, 
0, 0, 
0, 0, 
0, 0, 
0, 0, 
0, 0, 
0, 0, 
0, 0, 
0, 0, 
0, 0, 
0, 0, 
0, 0, 
0, 0, 
0, 0, 
0, 0, 
0, 0, 
0, 0, 
0, 0, 
0, 0, 
0, 0, 
0, 0, 
0, 0, 
0, 0, 
0, 0, 
0, 0, 
0, 0, 
0, 0, 
0, 0, 
0, 0, 
0, 0, 
0, 0, 
0, 0, 
0, 0, 
0, 0, 
0, 0, 
0, 0, 
0, 0, 
0, 0, 
0, 0, 
0, 0, 
0, 0, 
0, 0, 
0, 0, 
0, 0, 
0, 0, 
0, 0, 
0, 0, 
0, 0, 
0, 0, 
0, 0, 
0, 0, 
0, 0, 
0, 0, 
0, 0, 
0, 0, 
0, 0, 
0, 0, 
0, 0, 
0, 0, 
0, 0, 
0, 0, 
0, 0, 
0, 0, 
0, 0, 
0, 0, 
0, 0, 
0, 0, 
0, 0, 
0, 0, 
0, 0, 
0, 0, 
0, 0, 
0, 0, 
0, 0, 
0, 0, 
0, 0, 
0, 0, 
0, 0, 
0, 0, 
0, 0, 
0, 0, 
0, 0, 
0, 0, 
0, 0, 
0, 0, 
0, 0, 
0, 0, 
0, 0, 
0, 0, 
0, 0, 
0, 0, 
0, 0, 
0, 0, 
0, 0, 
0, 0, 
0, 0, 
0, 0, 
0, 0, 
0, 0, 
0, 0, 
0, 0, 
0, 0, 
0, 0, 
0, 0, 
0, 0, 
0, 0, 
0, 0, 
0, 0, 
0, 0, 
0, 0, 
0, 0, 
0, 0, 
0, 0, 
0, 0, 
0, 0, 
0, 0, 
0, 0, 
0, 0, 
0, 0, 
0, 0, 
0, 0, 
0, 0, 
0, 0, 
0, 0, 
0, 0, 
0, 0, 
0, 0, 
0, 0, 
0, 0, 
0, 0, 
0, 0, 
0, 0, 
0, 0, 
0, 0, 
0, 0, 
0, 0, 
0, 0, 
0, 0, 
0, 0, 
0, 0, 
0, 0, 
0, 0, 
0, 0, 
0, 0, 
0, 0, 
0, 0, 
0, 0, 
0, 0, 
0, 0, 
0, 0, 
0, 0, 
0, 0, 
0, 0, 
0, 0, 
0, 0, 
0, 0, 
0, 0, 
0, 0, 
0, 0, 
0, 0, 
0, 0, 
0, 0, 
0, 0, 
0, 0, 
0, 0, 
0, 0, 
0, 0, 
0, 0, 
0, 0, 
0, 0, 
0, 0, 
0, 0, 
0, 0, 
0, 0, 
0, 0, 
0, 0, 
0, 0, 
0, 0, 
0, 0, 
0, 0, 
0, 0, 
0, 0, 
0, 0, 
0, 0, 
0, 0, 
0, 0, 
0, 0, 
0, 0, 
0, 0, 
0, 0, 
0, 0, 
0, 0, 
0, 0, 
0, 0, 
0, 0, 
0, 0, 
0, 0, 
0, 0, 
0, 0, 
0, 0, 
0, 0, 
0, 0, 
0, 0, 
0, 0, 
0, 0, 
0, 0, 
0, 0, 
0, 0, 
0, 0, 
0, 0, 
0, 0, 
0, 0, 
0, 0, 
0, 0, 
0, 0, 
0, 0, 
0, 0, 
0, 0, 
0, 0, 
0, 0, 
0, 0, 
0, 0, 
0, 0, 
0, 0, 
0, 0, 
0, 0, 
0, 0, 
0, 0, 
0, 0, 
0, 0, 
0, 0, 
0, 0, 
0, 0, 
0, 0, 
0, 0, 
0, 0, 
0, 0, 
0, 0, 
0, 0, 
0, 0, 
0, 0, 
0, 0, 
0, 0, 
0, 0, 
0, 0, 
0, 0, 
0, 0, 
0, 0, 
0, 0, 
0, 0, 
0, 0, 
0, 0, 
0, 0, 
0, 0, 
0, 0, 
0, 0, 
0, 0, 
0, 0, 
0, 0, 
0, 0, 
0, 0, 
0, 0, 
0, 0, 
0, 0, 
0, 0, 
0, 0, 
0, 0, 
0, 0, 
0, 0, 
0, 0, 
0, 0, 
0, 0, 
0, 0, 
0, 0, 
0, 0, 
0, 0, 
0, 0, 
0, 0, 
0, 0, 
0, 0, 
0, 0, 
0, 0, 
0, 0, 
0, 0, 
0, 0, 
0, 0, 
0, 0, 
0, 0, 
0, 0, 
0, 0, 
0, 0, 
0, 0, 
0, 0, 
0, 0, 
0, 0, 
0, 0, 
0, 0, 
0, 0, 
0, 0, 
0, 0, 
0, 0, 
0, 0, 
0, 0, 
0, 0, 
0, 0, 
0, 0, 
0, 0, 
0, 0, 
0, 0, 
0, 0, 
0, 0, 
0, 0, 
0, 0, 
0, 0, 
0, 0, 
0, 0, 
0, 0, 
0, 0, 
0, 0, 
0, 0, 
0, 0, 
0, 0, 
0, 0, 
0, 0, 
0, 0, 
0, 0, 
0, 0, 
0, 0, 
0, 0, 
0, 0, 
0, 0, 
0, 0, 
0, 0, 
0, 0, 
0, 0, 
0, 0, 
0, 0, 
0, 0, 
0, 0, 
0, 0, 
0, 0, 
0, 0, 
0, 0, 
0, 0, 
0, 0, 
0, 0, 
0, 0, 
0, 0, 
0, 0, 
0, 0, 
0, 0, 
0, 0, 
0, 0, 
0, 0, 
0, 0, 
0, 0, 
0, 0, 
0, 0, 
0, 0, 
0, 0, 
0, 0, 
0, 0, 
0, 0, 
0, 0, 
0, 0, 
0, 0, 
0, 0, 
0, 0, 
0, 0, 
0, 0, 
0, 0, 
0, 0, 
0, 0, 
0, 0, 
0, 0, 
0, 0, 
0, 0, 
0, 0, 
0, 0, 
0, 0, 
0, 0, 
0, 0, 
0, 0, 
0, 0, 
0, 0, 
0, 0, 
0, 0, 
0, 0, 
0, 0, 
0, 0, 
0, 0, 
0, 0, 
0, 0, 
0, 0, 
0, 0, 
0, 0, 
0, 0, 
0, 0, 
0, 0, 
0, 0, 
0, 0, 
0, 0, 
0, 0, 
0, 0, 
0, 0, 
0, 0, 
0, 0, 
0, 0, 
0, 0, 
0, 0, 
0, 0, 
0, 0, 
0, 0, 
0, 0, 
0, 0, 
0, 0, 
0, 0, 
0, 0, 
0, 0, 
0, 0, 
0, 0, 
0, 0, 
0, 0, 
0, 0, 
0, 0, 
0, 0, 
0, 0, 
0, 0, 
0, 0, 
0, 0, 
0, 0, 
0, 0, 
0, 0, 
0, 0, 
0, 0, 
0, 0, 
0, 0, 
0, 0, 
0, 0, 
0, 0, 
0, 0, 
0, 0, 
0, 0, 
0, 0, 
0, 0, 
0, 0, 
0, 0, 
0, 0, 
0, 0, 
0, 0, 
0, 0, 
0, 0, 
0, 0, 
0, 0, 
0, 0, 
0, 0, 
0, 0, 
0, 0, 
0, 0, 
0, 0, 
0, 0, 
0, 0, 
0, 0, 
0, 0, 
0, 0, 
0, 0, 
0, 0, 
0, 0, 
0, 0, 
0, 0, 
0, 0, 
0, 0, 
0, 0, 
0, 0, 
0, 0, 
0, 0, 
0, 0, 
0, 0, 
0, 0, 
0, 0, 
0, 0, 
0, 0, 
0, 0, 
0, 0, 
0, 0, 
0, 0, 
0, 0, 
0, 0, 
0, 0, 
0, 0, 
0, 0, 
0, 0, 
0, 0, 
0, 0, 
0, 0, 
0, 0, 
0, 0, 
0, 0, 
0, 0, 
0, 0, 
0, 0, 
0, 0, 
0, 0, 
0, 0, 
0, 0, 
0, 0, 
0, 0, 
0, 0, 
0, 0, 
0, 0, 
0, 0, 
0, 0, 
0, 0, 
0, 0, 
0, 0, 
0, 0, 
0, 0, 
0, 0, 
0, 0, 
0, 0, 
0, 0, 
0, 0, 
0, 0, 
0, 0, 
0, 0, 
0, 0, 
0, 0, 
0, 0, 
0, 0, 
0, 0, 
0, 0, 
0, 0, 
0, 0, 
0, 0, 
0, 0, 
0, 0, 
0, 0, 
0, 0, 
0, 0, 
0, 0, 
0, 0, 
0, 0, 
0, 0, 
0, 0, 
0, 0, 
0, 0, 
0, 0, 
0, 0, 
0, 0, 
0, 0, 
0, 0, 
0, 0, 
0, 0, 
0, 0, 
0, 0, 
0, 0, 
0, 0, 
0, 0, 
0, 0, 
0, 0, 
0, 0, 
0, 0, 
0, 0, 
0, 0, 
0, 0, 
0, 0, 
0, 0, 
0, 0, 
0, 0, 
0, 0, 
0, 0, 
0, 0, 
0, 0, 
0, 0, 
0, 0, 
0, 0, 
0, 0, 
0, 0, 
0, 0, 
0, 0, 
0, 0, 
0, 0, 
0, 0, 
0, 0, 
0, 0, 
0, 0, 
0, 0, 
0, 0, 
0, 0, 
0, 0, 
0, 0, 
0, 0, 
0, 0, 
0, 0, 
0, 0, 
0, 0, 
0, 0, 
0, 0, 
0, 0, 
0, 0, 
0, 0, 
0, 0, 
0, 0, 
0, 0, 
0, 0, 
0, 0, 
0, 0, 
0, 0, 
0, 0, 
0, 0, 
0, 0, 
0, 0, 
0, 0, 
0, 0, 
0, 0, 
0, 0, 
0, 0, 
0, 0, 
0, 0, 
0, 0, 
0, 0, 
0, 0, 
0, 0, 
0, 0, 
0, 0, 
0, 0, 
0, 0, 
0, 0, 
0, 0, 
0, 0, 
0, 0, 
0, 0, 
0, 0, 
0, 0, 
0, 0, 
0, 0, 
0, 0, 
0, 0, 
0, 0, 
0, 0, 
0, 0, 
0, 0, 
0, 0, 
0, 0, 
0, 0, 
0, 0, 
0, 0, 
0, 0, 
0, 0, 
0, 0, 
0, 0, 
0, 0, 
0, 0, 
0, 0, 
0, 0, 
0, 0, 
0, 0, 
0, 0, 
0, 0, 
0, 0, 
0, 0, 
0, 0, 
0, 0, 
0, 0, 
0, 0, 
0, 0, 
0, 0, 
0, 0, 
0, 0, 
0, 0, 
0, 0, 
0, 0, 
0, 0, 
0, 0, 
0, 0, 
0, 0, 
0, 0, 
0, 0, 
0, 0, 
0, 0, 
0, 0, 
0, 0, 
0, 0, 
0, 0, 
0, 0, 
0, 0, 
0, 0, 
0, 0, 
0, 0, 
0, 0, 
0, 0, 
0, 0, 
0, 0, 
0, 0, 
0, 0, 
0, 0, 
0, 0, 
0, 0, 
0, 0, 
0, 0, 
0, 0, 
0, 0, 
0, 0, 
0, 0, 
0, 0, 
0, 0, 
0, 0, 
0, 0, 
0, 0, 
0, 0, 
0, 0, 
0, 0, 
0, 0, 
0, 0, 
0, 0, 
0, 0, 
0, 0, 
0, 0, 
0, 0, 
0, 0, 
0, 0, 
0, 0, 
0, 0, 
0, 0, 
0, 0, 
0, 0, 
0, 0, 
0, 0, 
0, 0, 
0, 0, 
0, 0, 
0, 0, 
0, 0, 
0, 0, 
0, 0, 
0, 0, 
0, 0, 
0, 0, 
0, 0, 
0, 0, 
0, 0, 
0, 0, 
0, 0, 
0, 0, 
0, 0, 
0, 0, 
0, 0, 
0, 0, 
0, 0, 
0, 0, 
0, 0, 
0, 0, 
0, 0, 
0, 0, 
0, 0, 
0, 0, 
0, 0, 
0, 0, 
0, 0, 
0, 0, 
0, 0, 
0, 0, 
0, 0, 
0, 0, 
0, 0, 
0, 0, 
0, 0, 
0, 0, 
0, 0, 
0, 0, 
0, 0, 
0, 0, 
0, 0, 
0, 0, 
0, 0, 
0, 0, 
0, 0, 
0, 0, 
0, 0, 
0, 0, 
0, 0, 
0, 0, 
0, 0, 
0, 0, 
0, 0, 
0, 0, 
0, 0, 
0, 0, 
0, 0, 
0, 0, 
0, 0, 
0, 0, 
0, 0, 
0, 0, 
0, 0, 
0, 0, 
0, 0, 
0, 0, 
0, 0, 
0, 0, 
0, 0, 
0, 0, 
0, 0, 
0, 0, 
0, 0, 
0, 0, 
0, 0, 
0, 0, 
0, 0, 
0, 0, 
0, 0, 
0, 0, 
0, 0, 
0, 0, 
0, 0, 
0, 0, 
0, 0, 
0, 0, 
0, 0, 
0, 0, 
0, 0, 
0, 0, 
0, 0, 
0, 0, 
0, 0, 
0, 0, 
0, 0, 
0, 0, 
0, 0, 
0, 0, 
0, 0, 
0, 0, 
0, 0, 
0, 0, 
0, 0, 
0, 0, 
0, 0, 
0, 0, 
0, 0, 
0, 0, 
0, 0, 
0, 0, 
0, 0, 
0, 0, 
0, 0, 
0, 0, 
0, 0, 
0, 0, 
0, 0, 
0, 0, 
]);
