var kstv = new Float32Array([
0.12, 33.6085, 0.454937, 
0.12, 33.6085, -0.45317, 
0.12, 34.5451, 0.000884, 
0.12, 33.466, 1.48634, 
0.12, 33.6085, -0.45317, 
0.12, 33.6085, 0.454937, 
0.12, 33.466, 1.48634, 
0.12, 33.466, -1.48457, 
0.12, 33.6085, -0.45317, 
0.12, 32.7448, 0.735688, 
0.12, 33.466, -1.48457, 
0.12, 33.466, 1.48634, 
0.12, 32.7448, 0.735688, 
0.12, 32.7448, -0.733921, 
0.12, 33.466, -1.48457, 
0.12, 31.7201, 0.919018, 
0.12, 32.7448, -0.733921, 
0.12, 32.7448, 0.735688, 
0.12, 31.7201, 0.919018, 
0.12, 32.2111, 0.000884, 
0.12, 32.7448, -0.733921, 
0.12, 32.2111, 0.000884, 
0.12, 31.7201, -0.917127, 
0.12, 32.7448, -0.733921, 
-0.12, 33.6085, 0.454937, 
-0.12, 34.5451, 0.000884, 
-0.12, 33.6085, -0.45317, 
-0.12, 33.466, 1.48634, 
-0.12, 33.6085, 0.454937, 
-0.12, 33.6085, -0.45317, 
-0.12, 33.466, 1.48634, 
-0.12, 33.6085, -0.45317, 
-0.12, 33.466, -1.48457, 
-0.12, 32.7448, 0.735688, 
-0.12, 33.466, 1.48634, 
-0.12, 33.466, -1.48457, 
-0.12, 32.7448, 0.735688, 
-0.12, 33.466, -1.48457, 
-0.12, 32.7448, -0.733921, 
-0.12, 31.7201, 0.919018, 
-0.12, 32.7448, 0.735688, 
-0.12, 32.7448, -0.733921, 
-0.12, 31.7201, 0.919018, 
-0.12, 32.7448, -0.733921, 
-0.12, 32.2111, 0.000884, 
-0.12, 32.2111, 0.000884, 
-0.12, 32.7448, -0.733921, 
-0.12, 31.7201, -0.917127, 
0.12, 34.5451, 0.000884, 
-0.12, 33.6085, 0.454937, 
0.12, 33.6085, 0.454937, 
0.12, 33.6085, -0.45317, 
-0.12, 34.5451, 0.000884, 
0.12, 34.5451, 0.000884, 
0.12, 33.466, -1.48457, 
-0.12, 33.6085, -0.45317, 
0.12, 33.6085, -0.45317, 
0.12, 32.7448, -0.733921, 
-0.12, 33.466, -1.48457, 
0.12, 33.466, -1.48457, 
0.12, 31.7201, -0.917127, 
-0.12, 32.7448, -0.733921, 
0.12, 32.7448, -0.733921, 
0.12, 32.2111, 0.000884, 
-0.12, 31.7201, -0.917127, 
0.12, 31.7201, -0.917127, 
0.12, 31.7201, 0.919018, 
-0.12, 32.2111, 0.000884, 
0.12, 32.2111, 0.000884, 
0.12, 32.7448, 0.735688, 
-0.12, 31.7201, 0.919018, 
0.12, 31.7201, 0.919018, 
0.12, 33.466, 1.48634, 
-0.12, 32.7448, 0.735688, 
0.12, 32.7448, 0.735688, 
0.12, 33.6085, 0.454937, 
-0.12, 33.466, 1.48634, 
0.12, 33.466, 1.48634, 
0.12, 34.5451, 0.000884, 
-0.12, 34.5451, 0.000884, 
-0.12, 33.6085, 0.454937, 
0.12, 33.6085, -0.45317, 
-0.12, 33.6085, -0.45317, 
-0.12, 34.5451, 0.000884, 
0.12, 33.466, -1.48457, 
-0.12, 33.466, -1.48457, 
-0.12, 33.6085, -0.45317, 
0.12, 32.7448, -0.733921, 
-0.12, 32.7448, -0.733921, 
-0.12, 33.466, -1.48457, 
0.12, 31.7201, -0.917127, 
-0.12, 31.7201, -0.917127, 
-0.12, 32.7448, -0.733921, 
0.12, 32.2111, 0.000884, 
-0.12, 32.2111, 0.000884, 
-0.12, 31.7201, -0.917127, 
0.12, 31.7201, 0.919018, 
-0.12, 31.7201, 0.919018, 
-0.12, 32.2111, 0.000884, 
0.12, 32.7448, 0.735688, 
-0.12, 32.7448, 0.735688, 
-0.12, 31.7201, 0.919018, 
0.12, 33.466, 1.48634, 
-0.12, 33.466, 1.48634, 
-0.12, 32.7448, 0.735688, 
0.12, 33.6085, 0.454937, 
-0.12, 33.6085, 0.454937, 
-0.12, 33.466, 1.48634, 
0, 0, 0, 
0, 0, 0, 
0, 0, 0, 
0, 0, 0, 
0, 0, 0, 
0, 0, 0, 
0, 0, 0, 
0, 0, 0, 
0, 0, 0, 
0, 0, 0, 
0, 0, 0, 
0, 0, 0, 
0, 0, 0, 
0, 0, 0, 
0, 0, 0, 
0, 0, 0, 
0, 0, 0, 
0, 0, 0, 
0, 0, 0, 
0, 0, 0, 
0, 0, 0, 
0, 0, 0, 
0, 0, 0, 
0, 0, 0, 
0, 0, 0, 
0, 0, 0, 
0, 0, 0, 
0, 0, 0, 
0, 0, 0, 
0, 0, 0, 
0, 0, 0, 
0, 0, 0, 
0, 0, 0, 
0, 0, 0, 
0, 0, 0, 
0, 0, 0, 
0, 0, 0, 
0, 0, 0, 
0, 0, 0, 
0, 0, 0, 
0, 0, 0, 
0, 0, 0, 
0, 0, 0, 
0, 0, 0, 
0, 0, 0, 
0, 0, 0, 
0, 0, 0, 
0, 0, 0, 
0, 0, 0, 
0, 0, 0, 
0, 0, 0, 
0, 0, 0, 
0, 0, 0, 
0, 0, 0, 
0, 0, 0, 
0, 0, 0, 
0, 0, 0, 
0, 0, 0, 
0, 0, 0, 
0, 0, 0, 
0, 0, 0, 
0, 0, 0, 
0, 0, 0, 
0, 0, 0, 
0, 0, 0, 
0, 0, 0, 
0, 0, 0, 
0, 0, 0, 
0, 0, 0, 
0, 0, 0, 
0, 0, 0, 
0, 0, 0, 
0, 0, 0, 
0, 0, 0, 
0, 0, 0, 
0, 0, 0, 
0, 0, 0, 
0, 0, 0, 
0, 0, 0, 
0, 0, 0, 
0, 0, 0, 
0, 0, 0, 
0, 0, 0, 
0, 0, 0, 
0, 0, 0, 
0, 0, 0, 
0, 0, 0, 
0, 0, 0, 
0, 0, 0, 
0, 0, 0, 
0, 0, 0, 
0, 0, 0, 
0, 0, 0, 
0, 0, 0, 
0, 0, 0, 
0, 0, 0, 
0, 0, 0, 
0, 0, 0, 
0, 0, 0, 
0, 0, 0, 
0, 0, 0, 
0, 0, 0, 
0, 0, 0, 
0, 0, 0, 
0, 0, 0, 
0, 0, 0, 
0, 0, 0, 
0, 0, 0, 
0, 0, 0, 
0, 0, 0, 
0, 0, 0, 
0, 0, 0, 
0, 0, 0, 
0, 0, 0, 
0, 0, 0, 
0, 0, 0, 
0, 0, 0, 
0, 0, 0, 
0, 0, 0, 
0, 0, 0, 
0, 0, 0, 
0, 0, 0, 
0, 0, 0, 
0, 0, 0, 
0, 0, 0, 
0, 0, 0, 
0, 0, 0, 
0, 0, 0, 
0, 0, 0, 
0, 0, 0, 
0, 0, 0, 
0, 0, 0, 
0, 0, 0, 
0, 0, 0, 
0, 0, 0, 
0, 0, 0, 
0, 0, 0, 
0, 0, 0, 
0, 0, 0, 
0, 0, 0, 
0, 0, 0, 
0, 0, 0, 
0, 0, 0, 
0, 0, 0, 
0, 0, 0, 
0, 0, 0, 
0, 0, 0, 
0, 0, 0, 
0, 0, 0, 
0, 0, 0, 
0, 0, 0, 
0, 0, 0, 
0, 0, 0, 
0, 0, 0, 
0, 0, 0, 
0, 0, 0, 
0, 0, 0, 
0, 0, 0, 
0, 0, 0, 
0, 0, 0, 
0, 0, 0, 
0, 0, 0, 
0, 0, 0, 
0, 0, 0, 
0, 0, 0, 
0, 0, 0, 
0, 0, 0, 
0, 0, 0, 
0, 0, 0, 
0, 0, 0, 
0, 0, 0, 
0, 0, 0, 
0, 0, 0, 
0, 0, 0, 
0, 0, 0, 
0, 0, 0, 
0, 0, 0, 
0, 0, 0, 
0, 0, 0, 
0, 0, 0, 
0, 0, 0, 
0, 0, 0, 
0, 0, 0, 
0, 0, 0, 
0, 0, 0, 
0, 0, 0, 
0, 0, 0, 
0, 0, 0, 
0, 0, 0, 
0, 0, 0, 
0, 0, 0, 
0, 0, 0, 
0, 0, 0, 
0, 0, 0, 
0, 0, 0, 
0, 0, 0, 
0, 0, 0, 
0, 0, 0, 
0, 0, 0, 
0, 0, 0, 
0, 0, 0, 
0, 0, 0, 
0, 0, 0, 
0, 0, 0, 
0, 0, 0, 
0, 0, 0, 
0, 0, 0, 
0, 0, 0, 
0, 0, 0, 
0, 0, 0, 
0, 0, 0, 
0, 0, 0, 
0, 0, 0, 
0, 0, 0, 
0, 0, 0, 
0, 0, 0, 
]);
var kstn = new Float32Array([
1, -0, -0, 
1, -0, -0, 
1, -0, -0, 
1, -0, -0, 
1, -0, -0, 
1, -0, -0, 
1, -0, -0, 
1, -0, -0, 
1, -0, -0, 
1, -0, -0, 
1, -0, -0, 
1, -0, -0, 
1, -0, -0, 
1, -0, -0, 
1, -0, -0, 
1, -0, -0, 
1, -0, -0, 
1, -0, -0, 
1, -0, -0, 
1, -0, -0, 
1, -0, -0, 
1, -0, -0, 
1, -0, -0, 
1, -0, -0, 
-1, 0, 0, 
-1, 0, 0, 
-1, 0, 0, 
-1, 0, 0, 
-1, 0, 0, 
-1, 0, 0, 
-1, 0, 0, 
-1, 0, 0, 
-1, 0, 0, 
-1, 0, 0, 
-1, 0, 0, 
-1, 0, 0, 
-1, 0, 0, 
-1, 0, 0, 
-1, 0, 0, 
-1, 0, 0, 
-1, 0, 0, 
-1, 0, 0, 
-1, 0, 0, 
-1, 0, 0, 
-1, 0, 0, 
-1, 0, 0, 
-1, 0, 0, 
-1, 0, 0, 
0, 1, -0, 
0, 0.809, 0.5878, 
0, 0.809, 0.5878, 
0, 0.809, -0.5878, 
0, 1, -0, 
0, 1, -0, 
0, 0.309, -0.9511, 
0, 0.809, -0.5878, 
0, 0.809, -0.5878, 
0, -0.3091, -0.951, 
0, 0.309, -0.9511, 
0, 0.309, -0.9511, 
0, -0.809, -0.5878, 
0, -0.3091, -0.951, 
0, -0.3091, -0.951, 
0, -1, 0, 
0, -0.809, -0.5878, 
0, -0.809, -0.5878, 
0, -0.809, 0.5878, 
0, -1, 0, 
0, -1, 0, 
0, -0.309, 0.9511, 
0, -0.809, 0.5878, 
0, -0.809, 0.5878, 
0, 0.309, 0.9511, 
0, -0.309, 0.9511, 
0, -0.309, 0.9511, 
0, 0.809, 0.5878, 
0, 0.309, 0.9511, 
0, 0.309, 0.9511, 
0, 1, -0, 
0, 1, -0, 
0, 0.809, 0.5878, 
0, 0.809, -0.5878, 
0, 0.809, -0.5878, 
0, 1, -0, 
0, 0.309, -0.9511, 
0, 0.309, -0.9511, 
0, 0.809, -0.5878, 
0, -0.3091, -0.951, 
0, -0.3091, -0.951, 
0, 0.309, -0.9511, 
0, -0.809, -0.5878, 
0, -0.809, -0.5878, 
0, -0.3091, -0.951, 
0, -1, 0, 
0, -1, 0, 
0, -0.809, -0.5878, 
0, -0.809, 0.5878, 
0, -0.809, 0.5878, 
0, -1, 0, 
0, -0.309, 0.9511, 
0, -0.309, 0.9511, 
0, -0.809, 0.5878, 
0, 0.309, 0.9511, 
0, 0.309, 0.9511, 
0, -0.309, 0.9511, 
0, 0.809, 0.5878, 
0, 0.809, 0.5878, 
0, 0.309, 0.9511, 
0, 0, 0, 
0, 0, 0, 
0, 0, 0, 
0, 0, 0, 
0, 0, 0, 
0, 0, 0, 
0, 0, 0, 
0, 0, 0, 
0, 0, 0, 
0, 0, 0, 
0, 0, 0, 
0, 0, 0, 
0, 0, 0, 
0, 0, 0, 
0, 0, 0, 
0, 0, 0, 
0, 0, 0, 
0, 0, 0, 
0, 0, 0, 
0, 0, 0, 
0, 0, 0, 
0, 0, 0, 
0, 0, 0, 
0, 0, 0, 
0, 0, 0, 
0, 0, 0, 
0, 0, 0, 
0, 0, 0, 
0, 0, 0, 
0, 0, 0, 
0, 0, 0, 
0, 0, 0, 
0, 0, 0, 
0, 0, 0, 
0, 0, 0, 
0, 0, 0, 
0, 0, 0, 
0, 0, 0, 
0, 0, 0, 
0, 0, 0, 
0, 0, 0, 
0, 0, 0, 
0, 0, 0, 
0, 0, 0, 
0, 0, 0, 
0, 0, 0, 
0, 0, 0, 
0, 0, 0, 
0, 0, 0, 
0, 0, 0, 
0, 0, 0, 
0, 0, 0, 
0, 0, 0, 
0, 0, 0, 
0, 0, 0, 
0, 0, 0, 
0, 0, 0, 
0, 0, 0, 
0, 0, 0, 
0, 0, 0, 
0, 0, 0, 
0, 0, 0, 
0, 0, 0, 
0, 0, 0, 
0, 0, 0, 
0, 0, 0, 
0, 0, 0, 
0, 0, 0, 
0, 0, 0, 
0, 0, 0, 
0, 0, 0, 
0, 0, 0, 
0, 0, 0, 
0, 0, 0, 
0, 0, 0, 
0, 0, 0, 
0, 0, 0, 
0, 0, 0, 
0, 0, 0, 
0, 0, 0, 
0, 0, 0, 
0, 0, 0, 
0, 0, 0, 
0, 0, 0, 
0, 0, 0, 
0, 0, 0, 
0, 0, 0, 
0, 0, 0, 
0, 0, 0, 
0, 0, 0, 
0, 0, 0, 
0, 0, 0, 
0, 0, 0, 
0, 0, 0, 
0, 0, 0, 
0, 0, 0, 
0, 0, 0, 
0, 0, 0, 
0, 0, 0, 
0, 0, 0, 
0, 0, 0, 
0, 0, 0, 
0, 0, 0, 
0, 0, 0, 
0, 0, 0, 
0, 0, 0, 
0, 0, 0, 
0, 0, 0, 
0, 0, 0, 
0, 0, 0, 
0, 0, 0, 
0, 0, 0, 
0, 0, 0, 
0, 0, 0, 
0, 0, 0, 
0, 0, 0, 
0, 0, 0, 
0, 0, 0, 
0, 0, 0, 
0, 0, 0, 
0, 0, 0, 
0, 0, 0, 
0, 0, 0, 
0, 0, 0, 
0, 0, 0, 
0, 0, 0, 
0, 0, 0, 
0, 0, 0, 
0, 0, 0, 
0, 0, 0, 
0, 0, 0, 
0, 0, 0, 
0, 0, 0, 
0, 0, 0, 
0, 0, 0, 
0, 0, 0, 
0, 0, 0, 
0, 0, 0, 
0, 0, 0, 
0, 0, 0, 
0, 0, 0, 
0, 0, 0, 
0, 0, 0, 
0, 0, 0, 
0, 0, 0, 
0, 0, 0, 
0, 0, 0, 
0, 0, 0, 
0, 0, 0, 
0, 0, 0, 
0, 0, 0, 
0, 0, 0, 
0, 0, 0, 
0, 0, 0, 
0, 0, 0, 
0, 0, 0, 
0, 0, 0, 
0, 0, 0, 
0, 0, 0, 
0, 0, 0, 
0, 0, 0, 
0, 0, 0, 
0, 0, 0, 
0, 0, 0, 
0, 0, 0, 
0, 0, 0, 
0, 0, 0, 
0, 0, 0, 
0, 0, 0, 
0, 0, 0, 
0, 0, 0, 
0, 0, 0, 
0, 0, 0, 
0, 0, 0, 
0, 0, 0, 
0, 0, 0, 
0, 0, 0, 
0, 0, 0, 
0, 0, 0, 
0, 0, 0, 
0, 0, 0, 
0, 0, 0, 
0, 0, 0, 
0, 0, 0, 
0, 0, 0, 
0, 0, 0, 
0, 0, 0, 
0, 0, 0, 
0, 0, 0, 
0, 0, 0, 
0, 0, 0, 
0, 0, 0, 
0, 0, 0, 
0, 0, 0, 
0, 0, 0, 
0, 0, 0, 
0, 0, 0, 
0, 0, 0, 
0, 0, 0, 
0, 0, 0, 
0, 0, 0, 
0, 0, 0, 
0, 0, 0, 
0, 0, 0, 
0, 0, 0, 
0, 0, 0, 
0, 0, 0, 
0, 0, 0, 
0, 0, 0, 
0, 0, 0, 
0, 0, 0, 
0, 0, 0, 
0, 0, 0, 
0, 0, 0, 
0, 0, 0, 
0, 0, 0, 
]);
var kstu = new Float32Array([
0, 0, 
0.222222, 0, 
0.111111, 0, 
1, 0, 
0.222222, 0, 
0, 0, 
1, 0, 
0.333333, 0, 
0.222222, 0, 
0.888889, 0, 
0.333333, 0, 
1, 0, 
0.888889, 0, 
0.444444, 0, 
0.333333, 0, 
0.777778, 0, 
0.444444, 0, 
0.888889, 0, 
0.777778, 0, 
0.666667, 0, 
0.444444, 0, 
0.666667, 0, 
0.555556, 0, 
0.444444, 0, 
0, 0, 
0.111111, 0, 
0.222222, 0, 
1, 0, 
0, 0, 
0.222222, 0, 
1, 0, 
0.222222, 0, 
0.333333, 0, 
0.888889, 0, 
1, 0, 
0.333333, 0, 
0.888889, 0, 
0.333333, 0, 
0.444444, 0, 
0.777778, 0, 
0.888889, 0, 
0.444444, 0, 
0.777778, 0, 
0.444444, 0, 
0.666667, 0, 
0.666667, 0, 
0.444444, 0, 
0.555556, 0, 
0.1, 1, 
0, 0, 
0, 1, 
0.2, 1, 
0.1, 0, 
0.1, 1, 
0.3, 1, 
0.2, 0, 
0.2, 1, 
0.4, 1, 
0.3, 0, 
0.3, 1, 
0.5, 1, 
0.4, 0, 
0.4, 1, 
0.6, 1, 
0.5, 0, 
0.5, 1, 
0.7, 1, 
0.6, 0, 
0.6, 1, 
0.8, 1, 
0.7, 0, 
0.7, 1, 
0.9, 1, 
0.8, 0, 
0.8, 1, 
1, 1, 
0.9, 0, 
0.9, 1, 
0.1, 1, 
0.1, 0, 
0, 0, 
0.2, 1, 
0.2, 0, 
0.1, 0, 
0.3, 1, 
0.3, 0, 
0.2, 0, 
0.4, 1, 
0.4, 0, 
0.3, 0, 
0.5, 1, 
0.5, 0, 
0.4, 0, 
0.6, 1, 
0.6, 0, 
0.5, 0, 
0.7, 1, 
0.7, 0, 
0.6, 0, 
0.8, 1, 
0.8, 0, 
0.7, 0, 
0.9, 1, 
0.9, 0, 
0.8, 0, 
1, 1, 
1, 0, 
0.9, 0, 
0, 0, 
0, 0, 
0, 0, 
0, 0, 
0, 0, 
0, 0, 
0, 0, 
0, 0, 
0, 0, 
0, 0, 
0, 0, 
0, 0, 
0, 0, 
0, 0, 
0, 0, 
0, 0, 
0, 0, 
0, 0, 
0, 0, 
0, 0, 
0, 0, 
0, 0, 
0, 0, 
0, 0, 
0, 0, 
0, 0, 
0, 0, 
0, 0, 
0, 0, 
0, 0, 
0, 0, 
0, 0, 
0, 0, 
0, 0, 
0, 0, 
0, 0, 
0, 0, 
0, 0, 
0, 0, 
0, 0, 
0, 0, 
0, 0, 
0, 0, 
0, 0, 
0, 0, 
0, 0, 
0, 0, 
0, 0, 
0, 0, 
0, 0, 
0, 0, 
0, 0, 
0, 0, 
0, 0, 
0, 0, 
0, 0, 
0, 0, 
0, 0, 
0, 0, 
0, 0, 
0, 0, 
0, 0, 
0, 0, 
0, 0, 
0, 0, 
0, 0, 
0, 0, 
0, 0, 
0, 0, 
0, 0, 
0, 0, 
0, 0, 
0, 0, 
0, 0, 
0, 0, 
0, 0, 
0, 0, 
0, 0, 
0, 0, 
0, 0, 
0, 0, 
0, 0, 
0, 0, 
0, 0, 
0, 0, 
0, 0, 
0, 0, 
0, 0, 
0, 0, 
0, 0, 
0, 0, 
0, 0, 
0, 0, 
0, 0, 
0, 0, 
0, 0, 
0, 0, 
0, 0, 
0, 0, 
0, 0, 
0, 0, 
0, 0, 
0, 0, 
0, 0, 
0, 0, 
0, 0, 
0, 0, 
0, 0, 
0, 0, 
0, 0, 
0, 0, 
0, 0, 
0, 0, 
0, 0, 
0, 0, 
0, 0, 
0, 0, 
0, 0, 
0, 0, 
0, 0, 
0, 0, 
0, 0, 
0, 0, 
0, 0, 
0, 0, 
0, 0, 
0, 0, 
0, 0, 
0, 0, 
0, 0, 
0, 0, 
0, 0, 
0, 0, 
0, 0, 
0, 0, 
0, 0, 
0, 0, 
0, 0, 
0, 0, 
0, 0, 
0, 0, 
0, 0, 
0, 0, 
0, 0, 
0, 0, 
0, 0, 
0, 0, 
0, 0, 
0, 0, 
0, 0, 
0, 0, 
0, 0, 
0, 0, 
0, 0, 
0, 0, 
0, 0, 
0, 0, 
0, 0, 
0, 0, 
0, 0, 
0, 0, 
0, 0, 
0, 0, 
0, 0, 
0, 0, 
0, 0, 
0, 0, 
0, 0, 
0, 0, 
0, 0, 
0, 0, 
0, 0, 
0, 0, 
0, 0, 
0, 0, 
0, 0, 
0, 0, 
0, 0, 
0, 0, 
0, 0, 
0, 0, 
0, 0, 
0, 0, 
0, 0, 
0, 0, 
0, 0, 
0, 0, 
0, 0, 
0, 0, 
0, 0, 
0, 0, 
0, 0, 
0, 0, 
0, 0, 
0, 0, 
0, 0, 
0, 0, 
0, 0, 
0, 0, 
0, 0, 
0, 0, 
0, 0, 
0, 0, 
0, 0, 
0, 0, 
0, 0, 
0, 0, 
0, 0, 
0, 0, 
0, 0, 
0, 0, 
0, 0, 
0, 0, 
0, 0, 
0, 0, 
0, 0, 
]);
