var parkv = new Float32Array([
-5, 0.1, 5, 
-2.5, 0.1, 10, 
-2.5, 0.1, 5, 
-2.5, 0.1, 10, 
-5, 0.05, 10, 
-2.5, 0.05, 10, 
-5, 0.1, -5, 
-5, 0.05, -10, 
-5, 0.05, -5, 
5, -0.1, 5, 
2.5, -0.1, 10, 
2.5, -0.1, 5, 
5, 0.1, 5, 
5, 0.05, 10, 
5, 0.05, 5, 
2.5, 0.1, -10, 
5, 0.05, -10, 
2.5, 0.05, -10, 
2.5, 0, -10, 
5, -0.05, -10, 
2.5, -0.05, -10, 
-2.5, 0, -10, 
0, -0.05, -10, 
-2.5, -0.05, -10, 
5, 0, 5, 
5, -0.05, 10, 
5, -0.05, 5, 
5, 0, -5, 
5, -0.05, 0, 
5, -0.05, -5, 
5, 0.1, -5, 
5, 0.05, 0, 
5, 0.05, -5, 
0, -0.1, 5, 
-2.5, -0.1, 10, 
-2.5, -0.1, 5, 
0, -0.1, -5, 
-2.5, -0.1, 0, 
-2.5, -0.1, -5, 
5, -0.1, -5, 
2.5, -0.1, 0, 
2.5, -0.1, -5, 
-5, 0, -5, 
-5, -0.05, -10, 
-5, -0.05, -5, 
-5, 0, 5, 
-5, -0.05, 0, 
-5, -0.05, 5, 
-5, 0.1, 5, 
-5, 0.05, 0, 
-5, 0.05, 5, 
-2.5, 0, 10, 
-5, -0.05, 10, 
-2.5, -0.05, 10, 
2.5, 0, 10, 
0, -0.05, 10, 
2.5, -0.05, 10, 
2.5, 0.1, 5, 
2.5, 0.004138, 10, 
2.5, 0.1, 10, 
-2.5, 0.1, 5, 
-2.5, 0.004138, 0, 
-2.5, 0.1, 0, 
-5, 0.1, -5, 
-2.5, 0.1, 0, 
-2.5, 0.1, -5, 
-2.5, 0.1, -5, 
-2.5, 0.004138, -10, 
-2.5, 0.1, -10, 
-5, 0.1, -10, 
-2.5, 0.1, -5, 
-2.5, 0.1, -10, 
2.5, 0.1, -5, 
5, 0.1, 0, 
5, 0.1, -5, 
2.5, 0.1, -10, 
5, 0.1, -5, 
5, 0.1, -10, 
2.5, 0.1, -5, 
2.5, 0.004138, 0, 
2.5, 0.1, 0, 
2.5, 0.1, 5, 
5, 0.1, 10, 
5, 0.1, 5, 
2.5, 0.1, 0, 
5, 0.1, 5, 
5, 0.1, 0, 
5, 0.05, 10, 
2.5, 0, 10, 
5, 0, 10, 
5, 0.1, 10, 
2.5, 0.05, 10, 
5, 0.05, 10, 
2.5, -0.05, 10, 
0, -0.1, 10, 
2.5, -0.1, 10, 
5, -0.05, 10, 
2.5, -0.1, 10, 
5, -0.1, 10, 
5, 0, 10, 
2.5, -0.05, 10, 
5, -0.05, 10, 
-2.5, -0.05, 10, 
-5, -0.1, 10, 
-2.5, -0.1, 10, 
0, -0.05, 10, 
-2.5, -0.1, 10, 
0, -0.1, 10, 
0, 0, 10, 
-2.5, -0.05, 10, 
0, -0.05, 10, 
-5, 0.05, 5, 
-5, 0, 0, 
-5, 0, 5, 
-5, 0.05, 10, 
-5, 0, 5, 
-5, 0, 10, 
-5, 0.1, 10, 
-5, 0.05, 5, 
-5, 0.05, 10, 
-5, -0.05, 5, 
-5, -0.1, 0, 
-5, -0.1, 5, 
-5, -0.05, 10, 
-5, -0.1, 5, 
-5, -0.1, 10, 
-5, 0, 10, 
-5, -0.05, 5, 
-5, -0.05, 10, 
-5, -0.05, -5, 
-5, -0.1, -10, 
-5, -0.1, -5, 
-5, -0.05, 0, 
-5, -0.1, -5, 
-5, -0.1, 0, 
-5, 0, 0, 
-5, -0.05, -5, 
-5, -0.05, 0, 
2.5, -0.1, -5, 
0, -0.1, 0, 
0, -0.1, -5, 
2.5, -0.1, -10, 
0, -0.1, -5, 
0, -0.1, -10, 
5, -0.1, -10, 
2.5, -0.1, -5, 
2.5, -0.1, -10, 
-2.5, -0.1, -5, 
-5, -0.1, 0, 
-5, -0.1, -5, 
-2.5, -0.1, -10, 
-5, -0.1, -5, 
-5, -0.1, -10, 
0, -0.1, -10, 
-2.5, -0.1, -5, 
-2.5, -0.1, -10, 
-2.5, -0.1, 5, 
-5, -0.1, 10, 
-5, -0.1, 5, 
-2.5, -0.1, 0, 
-5, -0.1, 5, 
-5, -0.1, 0, 
0, -0.1, 0, 
-2.5, -0.1, 5, 
-2.5, -0.1, 0, 
5, 0.05, -5, 
5, 0, 0, 
5, 0, -5, 
5, 0.05, -10, 
5, 0, -5, 
5, 0, -10, 
5, 0.1, -10, 
5, 0.05, -5, 
5, 0.05, -10, 
5, -0.05, -5, 
5, -0.1, 0, 
5, -0.1, -5, 
5, -0.05, -10, 
5, -0.1, -5, 
5, -0.1, -10, 
5, 0, -10, 
5, -0.05, -5, 
5, -0.05, -10, 
5, -0.05, 5, 
5, -0.1, 10, 
5, -0.1, 5, 
5, -0.05, 0, 
5, -0.1, 5, 
5, -0.1, 0, 
5, 0, 0, 
5, -0.05, 5, 
5, -0.05, 0, 
-5, 0.05, -10, 
-2.5, 0, -10, 
-5, 0, -10, 
-5, 0.1, -10, 
-2.5, 0.05, -10, 
-5, 0.05, -10, 
-2.5, -0.05, -10, 
0, -0.1, -10, 
-2.5, -0.1, -10, 
-5, -0.05, -10, 
-2.5, -0.1, -10, 
-5, -0.1, -10, 
-5, 0, -10, 
-2.5, -0.05, -10, 
-5, -0.05, -10, 
2.5, -0.05, -10, 
5, -0.1, -10, 
2.5, -0.1, -10, 
0, -0.05, -10, 
2.5, -0.1, -10, 
0, -0.1, -10, 
0, 0, -10, 
2.5, -0.05, -10, 
0, -0.05, -10, 
2.5, 0.05, -10, 
5, 0, -10, 
2.5, 0, -10, 
5, 0.05, 5, 
5, 0, 10, 
5, 0, 5, 
5, 0.05, 0, 
5, 0, 5, 
5, 0, 0, 
5, 0.1, 0, 
5, 0.05, 5, 
5, 0.05, 0, 
2.5, -0.1, 5, 
0, -0.1, 10, 
0, -0.1, 5, 
2.5, -0.1, 0, 
0, -0.1, 5, 
0, -0.1, 0, 
5, -0.1, 0, 
2.5, -0.1, 5, 
2.5, -0.1, 0, 
-5, 0.05, -5, 
-5, 0, -10, 
-5, 0, -5, 
-5, 0.05, 0, 
-5, 0, -5, 
-5, 0, 0, 
-5, 0.1, 0, 
-5, 0.05, -5, 
-5, 0.05, 0, 
-2.5, 0.05, 10, 
-5, 0, 10, 
-2.5, 0, 10, 
-2.5, 0.1, 10, 
-2.5, 0.004138, 5, 
-2.5, 0.1, 5, 
-2.5, 0.1, 0, 
-2.5, 0.004138, -5, 
-2.5, 0.1, -5, 
-5, 0.1, 0, 
-2.5, 0.1, 5, 
-2.5, 0.1, 0, 
0, 0.004138, 5, 
2.5, 0.004138, 10, 
2.5, 0.004138, 5, 
0, 0.004138, -5, 
2.5, 0.004138, 0, 
2.5, 0.004138, -5, 
-2.5, 0.004138, -5, 
0, 0.004138, 0, 
0, 0.004138, -5, 
-2.5, 0.004138, -10, 
0, 0.004138, -5, 
0, 0.004138, -10, 
0, 0.004138, -10, 
2.5, 0.004138, -5, 
2.5, 0.004138, -10, 
0, 0.004138, 0, 
2.5, 0.004138, 5, 
2.5, 0.004138, 0, 
-2.5, 0.004138, 5, 
0, 0.004138, 10, 
0, 0.004138, 5, 
-2.5, 0.004138, 0, 
0, 0.004138, 5, 
0, 0.004138, 0, 
2.5, 0.1, -10, 
2.5, 0.004138, -5, 
2.5, 0.1, -5, 
2.5, 0.1, 0, 
2.5, 0.004138, 5, 
2.5, 0.1, 5, 
-5, 0.1, 5, 
-5, 0.1, 10, 
-2.5, 0.1, 10, 
-2.5, 0.1, 10, 
-5, 0.1, 10, 
-5, 0.05, 10, 
-5, 0.1, -5, 
-5, 0.1, -10, 
-5, 0.05, -10, 
5, -0.1, 5, 
5, -0.1, 10, 
2.5, -0.1, 10, 
5, 0.1, 5, 
5, 0.1, 10, 
5, 0.05, 10, 
2.5, 0.1, -10, 
5, 0.1, -10, 
5, 0.05, -10, 
2.5, 0, -10, 
5, 0, -10, 
5, -0.05, -10, 
-2.5, 0, -10, 
0, 0, -10, 
0, -0.05, -10, 
5, 0, 5, 
5, 0, 10, 
5, -0.05, 10, 
5, 0, -5, 
5, 0, 0, 
5, -0.05, 0, 
5, 0.1, -5, 
5, 0.1, 0, 
5, 0.05, 0, 
0, -0.1, 5, 
0, -0.1, 10, 
-2.5, -0.1, 10, 
0, -0.1, -5, 
0, -0.1, 0, 
-2.5, -0.1, 0, 
5, -0.1, -5, 
5, -0.1, 0, 
2.5, -0.1, 0, 
-5, 0, -5, 
-5, 0, -10, 
-5, -0.05, -10, 
-5, 0, 5, 
-5, 0, 0, 
-5, -0.05, 0, 
-5, 0.1, 5, 
-5, 0.1, 0, 
-5, 0.05, 0, 
-2.5, 0, 10, 
-5, 0, 10, 
-5, -0.05, 10, 
2.5, 0, 10, 
0, 0, 10, 
0, -0.05, 10, 
2.5, 0.1, 5, 
2.5, 0.004138, 5, 
2.5, 0.004138, 10, 
-2.5, 0.1, 5, 
-2.5, 0.004138, 5, 
-2.5, 0.004138, 0, 
-5, 0.1, -5, 
-5, 0.1, 0, 
-2.5, 0.1, 0, 
-2.5, 0.1, -5, 
-2.5, 0.004138, -5, 
-2.5, 0.004138, -10, 
-5, 0.1, -10, 
-5, 0.1, -5, 
-2.5, 0.1, -5, 
2.5, 0.1, -5, 
2.5, 0.1, 0, 
5, 0.1, 0, 
2.5, 0.1, -10, 
2.5, 0.1, -5, 
5, 0.1, -5, 
2.5, 0.1, -5, 
2.5, 0.004138, -5, 
2.5, 0.004138, 0, 
2.5, 0.1, 5, 
2.5, 0.1, 10, 
5, 0.1, 10, 
2.5, 0.1, 0, 
2.5, 0.1, 5, 
5, 0.1, 5, 
5, 0.05, 10, 
2.5, 0.05, 10, 
2.5, 0, 10, 
5, 0.1, 10, 
2.5, 0.1, 10, 
2.5, 0.05, 10, 
2.5, -0.05, 10, 
0, -0.05, 10, 
0, -0.1, 10, 
5, -0.05, 10, 
2.5, -0.05, 10, 
2.5, -0.1, 10, 
5, 0, 10, 
2.5, 0, 10, 
2.5, -0.05, 10, 
-2.5, -0.05, 10, 
-5, -0.05, 10, 
-5, -0.1, 10, 
0, -0.05, 10, 
-2.5, -0.05, 10, 
-2.5, -0.1, 10, 
0, 0, 10, 
-2.5, 0, 10, 
-2.5, -0.05, 10, 
-5, 0.05, 5, 
-5, 0.05, 0, 
-5, 0, 0, 
-5, 0.05, 10, 
-5, 0.05, 5, 
-5, 0, 5, 
-5, 0.1, 10, 
-5, 0.1, 5, 
-5, 0.05, 5, 
-5, -0.05, 5, 
-5, -0.05, 0, 
-5, -0.1, 0, 
-5, -0.05, 10, 
-5, -0.05, 5, 
-5, -0.1, 5, 
-5, 0, 10, 
-5, 0, 5, 
-5, -0.05, 5, 
-5, -0.05, -5, 
-5, -0.05, -10, 
-5, -0.1, -10, 
-5, -0.05, 0, 
-5, -0.05, -5, 
-5, -0.1, -5, 
-5, 0, 0, 
-5, 0, -5, 
-5, -0.05, -5, 
2.5, -0.1, -5, 
2.5, -0.1, 0, 
0, -0.1, 0, 
2.5, -0.1, -10, 
2.5, -0.1, -5, 
0, -0.1, -5, 
5, -0.1, -10, 
5, -0.1, -5, 
2.5, -0.1, -5, 
-2.5, -0.1, -5, 
-2.5, -0.1, 0, 
-5, -0.1, 0, 
-2.5, -0.1, -10, 
-2.5, -0.1, -5, 
-5, -0.1, -5, 
0, -0.1, -10, 
0, -0.1, -5, 
-2.5, -0.1, -5, 
-2.5, -0.1, 5, 
-2.5, -0.1, 10, 
-5, -0.1, 10, 
-2.5, -0.1, 0, 
-2.5, -0.1, 5, 
-5, -0.1, 5, 
0, -0.1, 0, 
0, -0.1, 5, 
-2.5, -0.1, 5, 
5, 0.05, -5, 
5, 0.05, 0, 
5, 0, 0, 
5, 0.05, -10, 
5, 0.05, -5, 
5, 0, -5, 
5, 0.1, -10, 
5, 0.1, -5, 
5, 0.05, -5, 
5, -0.05, -5, 
5, -0.05, 0, 
5, -0.1, 0, 
5, -0.05, -10, 
5, -0.05, -5, 
5, -0.1, -5, 
5, 0, -10, 
5, 0, -5, 
5, -0.05, -5, 
5, -0.05, 5, 
5, -0.05, 10, 
5, -0.1, 10, 
5, -0.05, 0, 
5, -0.05, 5, 
5, -0.1, 5, 
5, 0, 0, 
5, 0, 5, 
5, -0.05, 5, 
-5, 0.05, -10, 
-2.5, 0.05, -10, 
-2.5, 0, -10, 
-5, 0.1, -10, 
-2.5, 0.1, -10, 
-2.5, 0.05, -10, 
-2.5, -0.05, -10, 
0, -0.05, -10, 
0, -0.1, -10, 
-5, -0.05, -10, 
-2.5, -0.05, -10, 
-2.5, -0.1, -10, 
-5, 0, -10, 
-2.5, 0, -10, 
-2.5, -0.05, -10, 
2.5, -0.05, -10, 
5, -0.05, -10, 
5, -0.1, -10, 
0, -0.05, -10, 
2.5, -0.05, -10, 
2.5, -0.1, -10, 
0, 0, -10, 
2.5, 0, -10, 
2.5, -0.05, -10, 
2.5, 0.05, -10, 
5, 0.05, -10, 
5, 0, -10, 
5, 0.05, 5, 
5, 0.05, 10, 
5, 0, 10, 
5, 0.05, 0, 
5, 0.05, 5, 
5, 0, 5, 
5, 0.1, 0, 
5, 0.1, 5, 
5, 0.05, 5, 
2.5, -0.1, 5, 
2.5, -0.1, 10, 
0, -0.1, 10, 
2.5, -0.1, 0, 
2.5, -0.1, 5, 
0, -0.1, 5, 
5, -0.1, 0, 
5, -0.1, 5, 
2.5, -0.1, 5, 
-5, 0.05, -5, 
-5, 0.05, -10, 
-5, 0, -10, 
-5, 0.05, 0, 
-5, 0.05, -5, 
-5, 0, -5, 
-5, 0.1, 0, 
-5, 0.1, -5, 
-5, 0.05, -5, 
-2.5, 0.05, 10, 
-5, 0.05, 10, 
-5, 0, 10, 
-2.5, 0.1, 10, 
-2.5, 0.004138, 10, 
-2.5, 0.004138, 5, 
-2.5, 0.1, 0, 
-2.5, 0.004138, 0, 
-2.5, 0.004138, -5, 
-5, 0.1, 0, 
-5, 0.1, 5, 
-2.5, 0.1, 5, 
0, 0.004138, 5, 
0, 0.004138, 10, 
2.5, 0.004138, 10, 
0, 0.004138, -5, 
0, 0.004138, 0, 
2.5, 0.004138, 0, 
-2.5, 0.004138, -5, 
-2.5, 0.004138, 0, 
0, 0.004138, 0, 
-2.5, 0.004138, -10, 
-2.5, 0.004138, -5, 
0, 0.004138, -5, 
0, 0.004138, -10, 
0, 0.004138, -5, 
2.5, 0.004138, -5, 
0, 0.004138, 0, 
0, 0.004138, 5, 
2.5, 0.004138, 5, 
-2.5, 0.004138, 5, 
-2.5, 0.004138, 10, 
0, 0.004138, 10, 
-2.5, 0.004138, 0, 
-2.5, 0.004138, 5, 
0, 0.004138, 5, 
2.5, 0.1, -10, 
2.5, 0.004138, -10, 
2.5, 0.004138, -5, 
2.5, 0.1, 0, 
2.5, 0.004138, 0, 
2.5, 0.004138, 5, 
0, 0, 0, 
0, 0, 0, 
0, 0, 0, 
0, 0, 0, 
0, 0, 0, 
0, 0, 0, 
0, 0, 0, 
0, 0, 0, 
0, 0, 0, 
0, 0, 0, 
0, 0, 0, 
0, 0, 0, 
0, 0, 0, 
0, 0, 0, 
0, 0, 0, 
0, 0, 0, 
0, 0, 0, 
0, 0, 0, 
0, 0, 0, 
0, 0, 0, 
0, 0, 0, 
0, 0, 0, 
0, 0, 0, 
0, 0, 0, 
0, 0, 0, 
0, 0, 0, 
0, 0, 0, 
0, 0, 0, 
0, 0, 0, 
0, 0, 0, 
0, 0, 0, 
0, 0, 0, 
0, 0, 0, 
0, 0, 0, 
0, 0, 0, 
0, 0, 0, 
0, 0, 0, 
0, 0, 0, 
0, 0, 0, 
0, 0, 0, 
0, 0, 0, 
0, 0, 0, 
0, 0, 0, 
0, 0, 0, 
0, 0, 0, 
0, 0, 0, 
0, 0, 0, 
0, 0, 0, 
0, 0, 0, 
0, 0, 0, 
0, 0, 0, 
0, 0, 0, 
0, 0, 0, 
0, 0, 0, 
0, 0, 0, 
0, 0, 0, 
0, 0, 0, 
0, 0, 0, 
0, 0, 0, 
0, 0, 0, 
0, 0, 0, 
0, 0, 0, 
0, 0, 0, 
0, 0, 0, 
0, 0, 0, 
0, 0, 0, 
0, 0, 0, 
0, 0, 0, 
0, 0, 0, 
0, 0, 0, 
0, 0, 0, 
0, 0, 0, 
0, 0, 0, 
0, 0, 0, 
0, 0, 0, 
0, 0, 0, 
0, 0, 0, 
0, 0, 0, 
0, 0, 0, 
0, 0, 0, 
0, 0, 0, 
0, 0, 0, 
0, 0, 0, 
0, 0, 0, 
0, 0, 0, 
0, 0, 0, 
0, 0, 0, 
0, 0, 0, 
0, 0, 0, 
0, 0, 0, 
0, 0, 0, 
0, 0, 0, 
0, 0, 0, 
0, 0, 0, 
0, 0, 0, 
0, 0, 0, 
0, 0, 0, 
0, 0, 0, 
0, 0, 0, 
0, 0, 0, 
0, 0, 0, 
0, 0, 0, 
0, 0, 0, 
0, 0, 0, 
0, 0, 0, 
0, 0, 0, 
0, 0, 0, 
0, 0, 0, 
0, 0, 0, 
0, 0, 0, 
0, 0, 0, 
0, 0, 0, 
0, 0, 0, 
0, 0, 0, 
0, 0, 0, 
0, 0, 0, 
0, 0, 0, 
0, 0, 0, 
0, 0, 0, 
0, 0, 0, 
0, 0, 0, 
0, 0, 0, 
0, 0, 0, 
0, 0, 0, 
0, 0, 0, 
0, 0, 0, 
0, 0, 0, 
0, 0, 0, 
0, 0, 0, 
0, 0, 0, 
0, 0, 0, 
0, 0, 0, 
0, 0, 0, 
0, 0, 0, 
0, 0, 0, 
0, 0, 0, 
0, 0, 0, 
0, 0, 0, 
0, 0, 0, 
0, 0, 0, 
0, 0, 0, 
0, 0, 0, 
0, 0, 0, 
0, 0, 0, 
0, 0, 0, 
0, 0, 0, 
0, 0, 0, 
0, 0, 0, 
0, 0, 0, 
0, 0, 0, 
0, 0, 0, 
0, 0, 0, 
0, 0, 0, 
0, 0, 0, 
0, 0, 0, 
0, 0, 0, 
0, 0, 0, 
0, 0, 0, 
0, 0, 0, 
0, 0, 0, 
0, 0, 0, 
0, 0, 0, 
0, 0, 0, 
0, 0, 0, 
0, 0, 0, 
0, 0, 0, 
0, 0, 0, 
0, 0, 0, 
0, 0, 0, 
0, 0, 0, 
0, 0, 0, 
0, 0, 0, 
0, 0, 0, 
0, 0, 0, 
0, 0, 0, 
0, 0, 0, 
0, 0, 0, 
0, 0, 0, 
0, 0, 0, 
0, 0, 0, 
0, 0, 0, 
0, 0, 0, 
0, 0, 0, 
0, 0, 0, 
0, 0, 0, 
0, 0, 0, 
0, 0, 0, 
0, 0, 0, 
0, 0, 0, 
0, 0, 0, 
0, 0, 0, 
0, 0, 0, 
0, 0, 0, 
0, 0, 0, 
0, 0, 0, 
0, 0, 0, 
0, 0, 0, 
0, 0, 0, 
0, 0, 0, 
0, 0, 0, 
0, 0, 0, 
0, 0, 0, 
0, 0, 0, 
0, 0, 0, 
0, 0, 0, 
0, 0, 0, 
0, 0, 0, 
0, 0, 0, 
0, 0, 0, 
0, 0, 0, 
0, 0, 0, 
0, 0, 0, 
0, 0, 0, 
0, 0, 0, 
0, 0, 0, 
0, 0, 0, 
0, 0, 0, 
0, 0, 0, 
0, 0, 0, 
0, 0, 0, 
0, 0, 0, 
0, 0, 0, 
0, 0, 0, 
0, 0, 0, 
0, 0, 0, 
0, 0, 0, 
0, 0, 0, 
0, 0, 0, 
0, 0, 0, 
0, 0, 0, 
0, 0, 0, 
0, 0, 0, 
0, 0, 0, 
0, 0, 0, 
0, 0, 0, 
0, 0, 0, 
0, 0, 0, 
0, 0, 0, 
0, 0, 0, 
0, 0, 0, 
0, 0, 0, 
0, 0, 0, 
0, 0, 0, 
0, 0, 0, 
0, 0, 0, 
0, 0, 0, 
0, 0, 0, 
0, 0, 0, 
0, 0, 0, 
0, 0, 0, 
0, 0, 0, 
0, 0, 0, 
0, 0, 0, 
0, 0, 0, 
0, 0, 0, 
0, 0, 0, 
0, 0, 0, 
0, 0, 0, 
0, 0, 0, 
0, 0, 0, 
0, 0, 0, 
0, 0, 0, 
0, 0, 0, 
0, 0, 0, 
0, 0, 0, 
0, 0, 0, 
0, 0, 0, 
0, 0, 0, 
0, 0, 0, 
0, 0, 0, 
0, 0, 0, 
0, 0, 0, 
0, 0, 0, 
0, 0, 0, 
0, 0, 0, 
0, 0, 0, 
0, 0, 0, 
0, 0, 0, 
0, 0, 0, 
0, 0, 0, 
0, 0, 0, 
0, 0, 0, 
0, 0, 0, 
0, 0, 0, 
0, 0, 0, 
0, 0, 0, 
0, 0, 0, 
0, 0, 0, 
0, 0, 0, 
0, 0, 0, 
0, 0, 0, 
0, 0, 0, 
0, 0, 0, 
0, 0, 0, 
0, 0, 0, 
0, 0, 0, 
0, 0, 0, 
0, 0, 0, 
0, 0, 0, 
0, 0, 0, 
0, 0, 0, 
0, 0, 0, 
0, 0, 0, 
0, 0, 0, 
0, 0, 0, 
0, 0, 0, 
0, 0, 0, 
0, 0, 0, 
0, 0, 0, 
0, 0, 0, 
0, 0, 0, 
0, 0, 0, 
0, 0, 0, 
0, 0, 0, 
0, 0, 0, 
0, 0, 0, 
0, 0, 0, 
0, 0, 0, 
0, 0, 0, 
0, 0, 0, 
0, 0, 0, 
0, 0, 0, 
0, 0, 0, 
0, 0, 0, 
0, 0, 0, 
0, 0, 0, 
0, 0, 0, 
0, 0, 0, 
0, 0, 0, 
0, 0, 0, 
0, 0, 0, 
0, 0, 0, 
0, 0, 0, 
0, 0, 0, 
0, 0, 0, 
0, 0, 0, 
0, 0, 0, 
0, 0, 0, 
0, 0, 0, 
0, 0, 0, 
0, 0, 0, 
0, 0, 0, 
0, 0, 0, 
0, 0, 0, 
0, 0, 0, 
0, 0, 0, 
0, 0, 0, 
0, 0, 0, 
0, 0, 0, 
0, 0, 0, 
0, 0, 0, 
0, 0, 0, 
0, 0, 0, 
0, 0, 0, 
0, 0, 0, 
0, 0, 0, 
0, 0, 0, 
0, 0, 0, 
0, 0, 0, 
0, 0, 0, 
0, 0, 0, 
0, 0, 0, 
0, 0, 0, 
0, 0, 0, 
0, 0, 0, 
0, 0, 0, 
0, 0, 0, 
0, 0, 0, 
0, 0, 0, 
0, 0, 0, 
0, 0, 0, 
0, 0, 0, 
0, 0, 0, 
0, 0, 0, 
0, 0, 0, 
0, 0, 0, 
0, 0, 0, 
0, 0, 0, 
0, 0, 0, 
0, 0, 0, 
0, 0, 0, 
0, 0, 0, 
0, 0, 0, 
0, 0, 0, 
0, 0, 0, 
0, 0, 0, 
0, 0, 0, 
0, 0, 0, 
0, 0, 0, 
0, 0, 0, 
0, 0, 0, 
0, 0, 0, 
0, 0, 0, 
0, 0, 0, 
0, 0, 0, 
0, 0, 0, 
0, 0, 0, 
0, 0, 0, 
0, 0, 0, 
0, 0, 0, 
0, 0, 0, 
0, 0, 0, 
0, 0, 0, 
0, 0, 0, 
0, 0, 0, 
0, 0, 0, 
0, 0, 0, 
0, 0, 0, 
0, 0, 0, 
0, 0, 0, 
0, 0, 0, 
0, 0, 0, 
0, 0, 0, 
0, 0, 0, 
0, 0, 0, 
0, 0, 0, 
0, 0, 0, 
0, 0, 0, 
0, 0, 0, 
0, 0, 0, 
0, 0, 0, 
0, 0, 0, 
0, 0, 0, 
0, 0, 0, 
0, 0, 0, 
0, 0, 0, 
0, 0, 0, 
0, 0, 0, 
0, 0, 0, 
0, 0, 0, 
0, 0, 0, 
0, 0, 0, 
0, 0, 0, 
0, 0, 0, 
0, 0, 0, 
0, 0, 0, 
0, 0, 0, 
0, 0, 0, 
0, 0, 0, 
0, 0, 0, 
0, 0, 0, 
0, 0, 0, 
0, 0, 0, 
0, 0, 0, 
0, 0, 0, 
0, 0, 0, 
0, 0, 0, 
0, 0, 0, 
0, 0, 0, 
0, 0, 0, 
0, 0, 0, 
0, 0, 0, 
0, 0, 0, 
0, 0, 0, 
0, 0, 0, 
0, 0, 0, 
0, 0, 0, 
0, 0, 0, 
0, 0, 0, 
0, 0, 0, 
0, 0, 0, 
0, 0, 0, 
0, 0, 0, 
0, 0, 0, 
0, 0, 0, 
0, 0, 0, 
0, 0, 0, 
0, 0, 0, 
0, 0, 0, 
0, 0, 0, 
0, 0, 0, 
0, 0, 0, 
0, 0, 0, 
0, 0, 0, 
0, 0, 0, 
0, 0, 0, 
0, 0, 0, 
0, 0, 0, 
0, 0, 0, 
0, 0, 0, 
0, 0, 0, 
0, 0, 0, 
0, 0, 0, 
0, 0, 0, 
0, 0, 0, 
0, 0, 0, 
0, 0, 0, 
0, 0, 0, 
0, 0, 0, 
0, 0, 0, 
0, 0, 0, 
0, 0, 0, 
0, 0, 0, 
0, 0, 0, 
0, 0, 0, 
0, 0, 0, 
0, 0, 0, 
0, 0, 0, 
0, 0, 0, 
0, 0, 0, 
0, 0, 0, 
0, 0, 0, 
0, 0, 0, 
0, 0, 0, 
0, 0, 0, 
0, 0, 0, 
0, 0, 0, 
0, 0, 0, 
0, 0, 0, 
0, 0, 0, 
0, 0, 0, 
0, 0, 0, 
0, 0, 0, 
0, 0, 0, 
0, 0, 0, 
0, 0, 0, 
0, 0, 0, 
0, 0, 0, 
0, 0, 0, 
0, 0, 0, 
0, 0, 0, 
0, 0, 0, 
0, 0, 0, 
0, 0, 0, 
0, 0, 0, 
0, 0, 0, 
0, 0, 0, 
0, 0, 0, 
0, 0, 0, 
0, 0, 0, 
0, 0, 0, 
0, 0, 0, 
0, 0, 0, 
0, 0, 0, 
0, 0, 0, 
0, 0, 0, 
0, 0, 0, 
0, 0, 0, 
0, 0, 0, 
0, 0, 0, 
0, 0, 0, 
0, 0, 0, 
0, 0, 0, 
0, 0, 0, 
0, 0, 0, 
0, 0, 0, 
0, 0, 0, 
0, 0, 0, 
0, 0, 0, 
0, 0, 0, 
0, 0, 0, 
0, 0, 0, 
0, 0, 0, 
0, 0, 0, 
0, 0, 0, 
0, 0, 0, 
0, 0, 0, 
0, 0, 0, 
0, 0, 0, 
0, 0, 0, 
0, 0, 0, 
0, 0, 0, 
0, 0, 0, 
0, 0, 0, 
0, 0, 0, 
0, 0, 0, 
0, 0, 0, 
0, 0, 0, 
0, 0, 0, 
0, 0, 0, 
0, 0, 0, 
0, 0, 0, 
0, 0, 0, 
0, 0, 0, 
0, 0, 0, 
0, 0, 0, 
0, 0, 0, 
0, 0, 0, 
0, 0, 0, 
0, 0, 0, 
0, 0, 0, 
0, 0, 0, 
0, 0, 0, 
0, 0, 0, 
0, 0, 0, 
0, 0, 0, 
0, 0, 0, 
0, 0, 0, 
0, 0, 0, 
0, 0, 0, 
0, 0, 0, 
0, 0, 0, 
0, 0, 0, 
0, 0, 0, 
0, 0, 0, 
0, 0, 0, 
0, 0, 0, 
0, 0, 0, 
0, 0, 0, 
0, 0, 0, 
0, 0, 0, 
0, 0, 0, 
0, 0, 0, 
0, 0, 0, 
0, 0, 0, 
0, 0, 0, 
0, 0, 0, 
0, 0, 0, 
0, 0, 0, 
0, 0, 0, 
0, 0, 0, 
0, 0, 0, 
0, 0, 0, 
0, 0, 0, 
0, 0, 0, 
0, 0, 0, 
0, 0, 0, 
0, 0, 0, 
0, 0, 0, 
0, 0, 0, 
0, 0, 0, 
0, 0, 0, 
0, 0, 0, 
0, 0, 0, 
0, 0, 0, 
0, 0, 0, 
0, 0, 0, 
0, 0, 0, 
0, 0, 0, 
0, 0, 0, 
0, 0, 0, 
0, 0, 0, 
0, 0, 0, 
0, 0, 0, 
0, 0, 0, 
0, 0, 0, 
0, 0, 0, 
0, 0, 0, 
0, 0, 0, 
0, 0, 0, 
0, 0, 0, 
0, 0, 0, 
0, 0, 0, 
0, 0, 0, 
0, 0, 0, 
0, 0, 0, 
0, 0, 0, 
0, 0, 0, 
0, 0, 0, 
0, 0, 0, 
0, 0, 0, 
0, 0, 0, 
0, 0, 0, 
0, 0, 0, 
0, 0, 0, 
0, 0, 0, 
0, 0, 0, 
0, 0, 0, 
0, 0, 0, 
0, 0, 0, 
0, 0, 0, 
0, 0, 0, 
0, 0, 0, 
0, 0, 0, 
0, 0, 0, 
0, 0, 0, 
0, 0, 0, 
0, 0, 0, 
0, 0, 0, 
0, 0, 0, 
0, 0, 0, 
0, 0, 0, 
0, 0, 0, 
0, 0, 0, 
0, 0, 0, 
0, 0, 0, 
0, 0, 0, 
0, 0, 0, 
0, 0, 0, 
0, 0, 0, 
0, 0, 0, 
0, 0, 0, 
0, 0, 0, 
0, 0, 0, 
0, 0, 0, 
0, 0, 0, 
0, 0, 0, 
0, 0, 0, 
0, 0, 0, 
0, 0, 0, 
0, 0, 0, 
0, 0, 0, 
0, 0, 0, 
0, 0, 0, 
0, 0, 0, 
0, 0, 0, 
0, 0, 0, 
0, 0, 0, 
0, 0, 0, 
0, 0, 0, 
0, 0, 0, 
0, 0, 0, 
0, 0, 0, 
0, 0, 0, 
0, 0, 0, 
0, 0, 0, 
0, 0, 0, 
0, 0, 0, 
0, 0, 0, 
0, 0, 0, 
0, 0, 0, 
0, 0, 0, 
0, 0, 0, 
0, 0, 0, 
0, 0, 0, 
0, 0, 0, 
0, 0, 0, 
0, 0, 0, 
0, 0, 0, 
0, 0, 0, 
0, 0, 0, 
0, 0, 0, 
0, 0, 0, 
0, 0, 0, 
0, 0, 0, 
0, 0, 0, 
0, 0, 0, 
0, 0, 0, 
0, 0, 0, 
0, 0, 0, 
0, 0, 0, 
0, 0, 0, 
0, 0, 0, 
0, 0, 0, 
0, 0, 0, 
0, 0, 0, 
0, 0, 0, 
0, 0, 0, 
0, 0, 0, 
0, 0, 0, 
0, 0, 0, 
0, 0, 0, 
0, 0, 0, 
0, 0, 0, 
0, 0, 0, 
0, 0, 0, 
0, 0, 0, 
0, 0, 0, 
0, 0, 0, 
0, 0, 0, 
0, 0, 0, 
0, 0, 0, 
0, 0, 0, 
0, 0, 0, 
0, 0, 0, 
0, 0, 0, 
0, 0, 0, 
0, 0, 0, 
0, 0, 0, 
0, 0, 0, 
0, 0, 0, 
0, 0, 0, 
0, 0, 0, 
0, 0, 0, 
0, 0, 0, 
0, 0, 0, 
0, 0, 0, 
0, 0, 0, 
0, 0, 0, 
0, 0, 0, 
0, 0, 0, 
0, 0, 0, 
0, 0, 0, 
0, 0, 0, 
0, 0, 0, 
0, 0, 0, 
0, 0, 0, 
0, 0, 0, 
0, 0, 0, 
0, 0, 0, 
0, 0, 0, 
0, 0, 0, 
0, 0, 0, 
0, 0, 0, 
0, 0, 0, 
0, 0, 0, 
0, 0, 0, 
0, 0, 0, 
0, 0, 0, 
0, 0, 0, 
0, 0, 0, 
0, 0, 0, 
0, 0, 0, 
0, 0, 0, 
0, 0, 0, 
0, 0, 0, 
0, 0, 0, 
0, 0, 0, 
0, 0, 0, 
0, 0, 0, 
0, 0, 0, 
0, 0, 0, 
0, 0, 0, 
0, 0, 0, 
0, 0, 0, 
0, 0, 0, 
0, 0, 0, 
0, 0, 0, 
0, 0, 0, 
0, 0, 0, 
0, 0, 0, 
0, 0, 0, 
0, 0, 0, 
0, 0, 0, 
0, 0, 0, 
0, 0, 0, 
0, 0, 0, 
0, 0, 0, 
0, 0, 0, 
0, 0, 0, 
0, 0, 0, 
0, 0, 0, 
0, 0, 0, 
0, 0, 0, 
0, 0, 0, 
0, 0, 0, 
0, 0, 0, 
0, 0, 0, 
0, 0, 0, 
0, 0, 0, 
0, 0, 0, 
0, 0, 0, 
0, 0, 0, 
0, 0, 0, 
0, 0, 0, 
0, 0, 0, 
0, 0, 0, 
0, 0, 0, 
0, 0, 0, 
0, 0, 0, 
0, 0, 0, 
0, 0, 0, 
0, 0, 0, 
0, 0, 0, 
0, 0, 0, 
0, 0, 0, 
0, 0, 0, 
0, 0, 0, 
0, 0, 0, 
0, 0, 0, 
0, 0, 0, 
0, 0, 0, 
0, 0, 0, 
0, 0, 0, 
0, 0, 0, 
0, 0, 0, 
0, 0, 0, 
0, 0, 0, 
0, 0, 0, 
0, 0, 0, 
0, 0, 0, 
0, 0, 0, 
0, 0, 0, 
0, 0, 0, 
0, 0, 0, 
0, 0, 0, 
0, 0, 0, 
0, 0, 0, 
0, 0, 0, 
0, 0, 0, 
0, 0, 0, 
0, 0, 0, 
0, 0, 0, 
0, 0, 0, 
0, 0, 0, 
0, 0, 0, 
0, 0, 0, 
0, 0, 0, 
0, 0, 0, 
0, 0, 0, 
0, 0, 0, 
0, 0, 0, 
0, 0, 0, 
0, 0, 0, 
0, 0, 0, 
0, 0, 0, 
0, 0, 0, 
0, 0, 0, 
0, 0, 0, 
0, 0, 0, 
0, 0, 0, 
0, 0, 0, 
0, 0, 0, 
0, 0, 0, 
0, 0, 0, 
0, 0, 0, 
0, 0, 0, 
0, 0, 0, 
0, 0, 0, 
0, 0, 0, 
0, 0, 0, 
0, 0, 0, 
0, 0, 0, 
0, 0, 0, 
0, 0, 0, 
0, 0, 0, 
0, 0, 0, 
0, 0, 0, 
0, 0, 0, 
0, 0, 0, 
0, 0, 0, 
0, 0, 0, 
0, 0, 0, 
0, 0, 0, 
0, 0, 0, 
0, 0, 0, 
0, 0, 0, 
0, 0, 0, 
0, 0, 0, 
0, 0, 0, 
0, 0, 0, 
0, 0, 0, 
0, 0, 0, 
0, 0, 0, 
0, 0, 0, 
0, 0, 0, 
0, 0, 0, 
0, 0, 0, 
0, 0, 0, 
0, 0, 0, 
0, 0, 0, 
0, 0, 0, 
0, 0, 0, 
0, 0, 0, 
0, 0, 0, 
0, 0, 0, 
0, 0, 0, 
0, 0, 0, 
0, 0, 0, 
0, 0, 0, 
0, 0, 0, 
0, 0, 0, 
0, 0, 0, 
0, 0, 0, 
0, 0, 0, 
0, 0, 0, 
0, 0, 0, 
0, 0, 0, 
0, 0, 0, 
0, 0, 0, 
0, 0, 0, 
0, 0, 0, 
0, 0, 0, 
0, 0, 0, 
0, 0, 0, 
0, 0, 0, 
0, 0, 0, 
0, 0, 0, 
0, 0, 0, 
0, 0, 0, 
0, 0, 0, 
0, 0, 0, 
0, 0, 0, 
0, 0, 0, 
0, 0, 0, 
0, 0, 0, 
0, 0, 0, 
0, 0, 0, 
0, 0, 0, 
0, 0, 0, 
0, 0, 0, 
0, 0, 0, 
0, 0, 0, 
0, 0, 0, 
0, 0, 0, 
0, 0, 0, 
0, 0, 0, 
0, 0, 0, 
0, 0, 0, 
0, 0, 0, 
0, 0, 0, 
0, 0, 0, 
0, 0, 0, 
0, 0, 0, 
0, 0, 0, 
0, 0, 0, 
0, 0, 0, 
0, 0, 0, 
0, 0, 0, 
0, 0, 0, 
0, 0, 0, 
0, 0, 0, 
0, 0, 0, 
0, 0, 0, 
0, 0, 0, 
0, 0, 0, 
0, 0, 0, 
0, 0, 0, 
0, 0, 0, 
0, 0, 0, 
0, 0, 0, 
0, 0, 0, 
0, 0, 0, 
0, 0, 0, 
0, 0, 0, 
0, 0, 0, 
0, 0, 0, 
0, 0, 0, 
0, 0, 0, 
0, 0, 0, 
0, 0, 0, 
0, 0, 0, 
0, 0, 0, 
0, 0, 0, 
0, 0, 0, 
0, 0, 0, 
0, 0, 0, 
0, 0, 0, 
0, 0, 0, 
0, 0, 0, 
0, 0, 0, 
0, 0, 0, 
0, 0, 0, 
0, 0, 0, 
0, 0, 0, 
0, 0, 0, 
0, 0, 0, 
0, 0, 0, 
0, 0, 0, 
0, 0, 0, 
0, 0, 0, 
0, 0, 0, 
0, 0, 0, 
0, 0, 0, 
0, 0, 0, 
0, 0, 0, 
0, 0, 0, 
0, 0, 0, 
0, 0, 0, 
0, 0, 0, 
0, 0, 0, 
0, 0, 0, 
0, 0, 0, 
0, 0, 0, 
0, 0, 0, 
0, 0, 0, 
0, 0, 0, 
0, 0, 0, 
0, 0, 0, 
0, 0, 0, 
0, 0, 0, 
0, 0, 0, 
0, 0, 0, 
0, 0, 0, 
0, 0, 0, 
0, 0, 0, 
0, 0, 0, 
0, 0, 0, 
0, 0, 0, 
0, 0, 0, 
0, 0, 0, 
0, 0, 0, 
0, 0, 0, 
0, 0, 0, 
0, 0, 0, 
0, 0, 0, 
0, 0, 0, 
0, 0, 0, 
0, 0, 0, 
0, 0, 0, 
0, 0, 0, 
0, 0, 0, 
0, 0, 0, 
0, 0, 0, 
0, 0, 0, 
0, 0, 0, 
0, 0, 0, 
0, 0, 0, 
0, 0, 0, 
0, 0, 0, 
0, 0, 0, 
0, 0, 0, 
0, 0, 0, 
0, 0, 0, 
0, 0, 0, 
0, 0, 0, 
0, 0, 0, 
0, 0, 0, 
0, 0, 0, 
0, 0, 0, 
0, 0, 0, 
0, 0, 0, 
0, 0, 0, 
0, 0, 0, 
0, 0, 0, 
0, 0, 0, 
0, 0, 0, 
0, 0, 0, 
0, 0, 0, 
0, 0, 0, 
0, 0, 0, 
0, 0, 0, 
0, 0, 0, 
0, 0, 0, 
0, 0, 0, 
0, 0, 0, 
0, 0, 0, 
0, 0, 0, 
0, 0, 0, 
0, 0, 0, 
0, 0, 0, 
0, 0, 0, 
0, 0, 0, 
0, 0, 0, 
0, 0, 0, 
0, 0, 0, 
0, 0, 0, 
0, 0, 0, 
0, 0, 0, 
0, 0, 0, 
0, 0, 0, 
0, 0, 0, 
0, 0, 0, 
0, 0, 0, 
0, 0, 0, 
0, 0, 0, 
0, 0, 0, 
0, 0, 0, 
0, 0, 0, 
0, 0, 0, 
0, 0, 0, 
0, 0, 0, 
0, 0, 0, 
0, 0, 0, 
0, 0, 0, 
0, 0, 0, 
0, 0, 0, 
0, 0, 0, 
0, 0, 0, 
0, 0, 0, 
0, 0, 0, 
0, 0, 0, 
0, 0, 0, 
0, 0, 0, 
0, 0, 0, 
0, 0, 0, 
0, 0, 0, 
0, 0, 0, 
0, 0, 0, 
0, 0, 0, 
0, 0, 0, 
0, 0, 0, 
]);
var parkn = new Float32Array([
0, 1, 0, 
0, 1, 0, 
0, 1, 0, 
0, 0, 1, 
0, 0, 1, 
0, 0, 1, 
-1, 0, 0, 
-1, 0, 0, 
-1, 0, 0, 
0, -1, 0, 
0, -1, 0, 
0, -1, 0, 
1, 0, 0, 
1, 0, 0, 
1, 0, 0, 
0, 0, -1, 
0, 0, -1, 
0, 0, -1, 
0, 0, -1, 
0, 0, -1, 
0, 0, -1, 
0, 0, -1, 
0, 0, -1, 
0, 0, -1, 
1, 0, 0, 
1, 0, 0, 
1, 0, 0, 
1, 0, 0, 
1, 0, 0, 
1, 0, 0, 
1, 0, 0, 
1, 0, 0, 
1, 0, 0, 
0, -1, 0, 
0, -1, 0, 
0, -1, 0, 
0, -1, 0, 
0, -1, 0, 
0, -1, 0, 
0, -1, 0, 
0, -1, 0, 
0, -1, 0, 
-1, 0, 0, 
-1, 0, 0, 
-1, 0, 0, 
-1, 0, 0, 
-1, 0, 0, 
-1, 0, 0, 
-1, 0, 0, 
-1, 0, 0, 
-1, 0, 0, 
0, 0, 1, 
0, 0, 1, 
0, 0, 1, 
0, 0, 1, 
0, 0, 1, 
0, 0, 1, 
-1, 0, 0, 
-1, 0, 0, 
-1, 0, 0, 
1, 0, 0, 
1, 0, 0, 
1, 0, 0, 
0, 1, 0, 
0, 1, 0, 
0, 1, 0, 
1, 0, 0, 
1, 0, 0, 
1, 0, 0, 
0, 1, 0, 
0, 1, 0, 
0, 1, 0, 
0, 1, 0, 
0, 1, 0, 
0, 1, 0, 
0, 1, 0, 
0, 1, 0, 
0, 1, 0, 
-1, 0, 0, 
-1, 0, 0, 
-1, 0, 0, 
0, 1, 0, 
0, 1, 0, 
0, 1, 0, 
0, 1, 0, 
0, 1, 0, 
0, 1, 0, 
0, 0, 1, 
0, 0, 1, 
0, 0, 1, 
0, 0, 1, 
0, 0, 1, 
0, 0, 1, 
0, 0, 1, 
0, 0, 1, 
0, 0, 1, 
0, 0, 1, 
0, 0, 1, 
0, 0, 1, 
0, 0, 1, 
0, 0, 1, 
0, 0, 1, 
0, 0, 1, 
0, 0, 1, 
0, 0, 1, 
0, 0, 1, 
0, 0, 1, 
0, 0, 1, 
0, 0, 1, 
0, 0, 1, 
0, 0, 1, 
-1, 0, 0, 
-1, 0, 0, 
-1, 0, 0, 
-1, 0, 0, 
-1, 0, 0, 
-1, 0, 0, 
-1, 0, 0, 
-1, 0, 0, 
-1, 0, 0, 
-1, 0, 0, 
-1, 0, 0, 
-1, 0, 0, 
-1, 0, 0, 
-1, 0, 0, 
-1, 0, 0, 
-1, 0, 0, 
-1, 0, 0, 
-1, 0, 0, 
-1, 0, 0, 
-1, 0, 0, 
-1, 0, 0, 
-1, 0, 0, 
-1, 0, 0, 
-1, 0, 0, 
-1, 0, 0, 
-1, 0, 0, 
-1, 0, 0, 
0, -1, 0, 
0, -1, 0, 
0, -1, 0, 
0, -1, 0, 
0, -1, 0, 
0, -1, 0, 
0, -1, 0, 
0, -1, 0, 
0, -1, 0, 
0, -1, 0, 
0, -1, 0, 
0, -1, 0, 
0, -1, 0, 
0, -1, 0, 
0, -1, 0, 
0, -1, 0, 
0, -1, 0, 
0, -1, 0, 
0, -1, 0, 
0, -1, 0, 
0, -1, 0, 
0, -1, 0, 
0, -1, 0, 
0, -1, 0, 
0, -1, 0, 
0, -1, 0, 
0, -1, 0, 
1, 0, 0, 
1, 0, 0, 
1, 0, 0, 
1, 0, 0, 
1, 0, 0, 
1, 0, 0, 
1, 0, 0, 
1, 0, 0, 
1, 0, 0, 
1, 0, 0, 
1, 0, 0, 
1, 0, 0, 
1, 0, 0, 
1, 0, 0, 
1, 0, 0, 
1, 0, 0, 
1, 0, 0, 
1, 0, 0, 
1, 0, 0, 
1, 0, 0, 
1, 0, 0, 
1, 0, 0, 
1, 0, 0, 
1, 0, 0, 
1, 0, 0, 
1, 0, 0, 
1, 0, 0, 
0, 0, -1, 
0, 0, -1, 
0, 0, -1, 
0, 0, -1, 
0, 0, -1, 
0, 0, -1, 
0, 0, -1, 
0, 0, -1, 
0, 0, -1, 
0, 0, -1, 
0, 0, -1, 
0, 0, -1, 
0, 0, -1, 
0, 0, -1, 
0, 0, -1, 
0, 0, -1, 
0, 0, -1, 
0, 0, -1, 
0, 0, -1, 
0, 0, -1, 
0, 0, -1, 
0, 0, -1, 
0, 0, -1, 
0, 0, -1, 
0, 0, -1, 
0, 0, -1, 
0, 0, -1, 
1, 0, 0, 
1, 0, 0, 
1, 0, 0, 
1, 0, 0, 
1, 0, 0, 
1, 0, 0, 
1, 0, 0, 
1, 0, 0, 
1, 0, 0, 
0, -1, 0, 
0, -1, 0, 
0, -1, 0, 
0, -1, 0, 
0, -1, 0, 
0, -1, 0, 
0, -1, 0, 
0, -1, 0, 
0, -1, 0, 
-1, 0, 0, 
-1, 0, 0, 
-1, 0, 0, 
-1, 0, 0, 
-1, 0, 0, 
-1, 0, 0, 
-1, 0, 0, 
-1, 0, 0, 
-1, 0, 0, 
0, 0, 1, 
0, 0, 1, 
0, 0, 1, 
1, 0, 0, 
1, 0, 0, 
1, 0, 0, 
1, 0, 0, 
1, 0, 0, 
1, 0, 0, 
0, 1, 0, 
0, 1, 0, 
0, 1, 0, 
0, 1, 0, 
0, 1, 0, 
0, 1, 0, 
0, 1, 0, 
0, 1, 0, 
0, 1, 0, 
0, 1, 0, 
0, 1, 0, 
0, 1, 0, 
0, 1, 0, 
0, 1, 0, 
0, 1, 0, 
0, 1, 0, 
0, 1, 0, 
0, 1, 0, 
0, 1, 0, 
0, 1, 0, 
0, 1, 0, 
0, 1, 0, 
0, 1, 0, 
0, 1, 0, 
0, 1, 0, 
0, 1, 0, 
0, 1, 0, 
-1, 0, 0, 
-1, 0, 0, 
-1, 0, 0, 
-1, 0, 0, 
-1, 0, 0, 
-1, 0, 0, 
0, 1, 0, 
0, 1, 0, 
0, 1, 0, 
0, 0, 1, 
0, 0, 1, 
0, 0, 1, 
-1, 0, 0, 
-1, 0, 0, 
-1, 0, 0, 
0, -1, 0, 
0, -1, 0, 
0, -1, 0, 
1, 0, 0, 
1, 0, 0, 
1, 0, 0, 
0, 0, -1, 
0, 0, -1, 
0, 0, -1, 
0, 0, -1, 
0, 0, -1, 
0, 0, -1, 
0, 0, -1, 
0, 0, -1, 
0, 0, -1, 
1, 0, 0, 
1, 0, 0, 
1, 0, 0, 
1, 0, 0, 
1, 0, 0, 
1, 0, 0, 
1, 0, 0, 
1, 0, 0, 
1, 0, 0, 
0, -1, 0, 
0, -1, 0, 
0, -1, 0, 
0, -1, 0, 
0, -1, 0, 
0, -1, 0, 
0, -1, 0, 
0, -1, 0, 
0, -1, 0, 
-1, 0, 0, 
-1, 0, 0, 
-1, 0, 0, 
-1, 0, 0, 
-1, 0, 0, 
-1, 0, 0, 
-1, 0, 0, 
-1, 0, 0, 
-1, 0, 0, 
0, 0, 1, 
0, 0, 1, 
0, 0, 1, 
0, 0, 1, 
0, 0, 1, 
0, 0, 1, 
-1, 0, 0, 
-1, 0, 0, 
-1, 0, 0, 
1, 0, 0, 
1, 0, 0, 
1, 0, 0, 
0, 1, 0, 
0, 1, 0, 
0, 1, 0, 
1, 0, 0, 
1, 0, 0, 
1, 0, 0, 
0, 1, 0, 
0, 1, 0, 
0, 1, 0, 
0, 1, 0, 
0, 1, 0, 
0, 1, 0, 
0, 1, 0, 
0, 1, 0, 
0, 1, 0, 
-1, 0, 0, 
-1, 0, 0, 
-1, 0, 0, 
0, 1, 0, 
0, 1, 0, 
0, 1, 0, 
0, 1, 0, 
0, 1, 0, 
0, 1, 0, 
0, 0, 1, 
0, 0, 1, 
0, 0, 1, 
0, 0, 1, 
0, 0, 1, 
0, 0, 1, 
0, 0, 1, 
0, 0, 1, 
0, 0, 1, 
0, 0, 1, 
0, 0, 1, 
0, 0, 1, 
0, 0, 1, 
0, 0, 1, 
0, 0, 1, 
0, 0, 1, 
0, 0, 1, 
0, 0, 1, 
0, 0, 1, 
0, 0, 1, 
0, 0, 1, 
0, 0, 1, 
0, 0, 1, 
0, 0, 1, 
-1, 0, 0, 
-1, 0, 0, 
-1, 0, 0, 
-1, 0, 0, 
-1, 0, 0, 
-1, 0, 0, 
-1, 0, 0, 
-1, 0, 0, 
-1, 0, 0, 
-1, 0, 0, 
-1, 0, 0, 
-1, 0, 0, 
-1, 0, 0, 
-1, 0, 0, 
-1, 0, 0, 
-1, 0, 0, 
-1, 0, 0, 
-1, 0, 0, 
-1, 0, 0, 
-1, 0, 0, 
-1, 0, 0, 
-1, 0, 0, 
-1, 0, 0, 
-1, 0, 0, 
-1, 0, 0, 
-1, 0, 0, 
-1, 0, 0, 
0, -1, 0, 
0, -1, 0, 
0, -1, 0, 
0, -1, 0, 
0, -1, 0, 
0, -1, 0, 
0, -1, 0, 
0, -1, 0, 
0, -1, 0, 
0, -1, 0, 
0, -1, 0, 
0, -1, 0, 
0, -1, 0, 
0, -1, 0, 
0, -1, 0, 
0, -1, 0, 
0, -1, 0, 
0, -1, 0, 
0, -1, 0, 
0, -1, 0, 
0, -1, 0, 
0, -1, 0, 
0, -1, 0, 
0, -1, 0, 
0, -1, 0, 
0, -1, 0, 
0, -1, 0, 
1, 0, 0, 
1, 0, 0, 
1, 0, 0, 
1, 0, 0, 
1, 0, 0, 
1, 0, 0, 
1, 0, 0, 
1, 0, 0, 
1, 0, 0, 
1, 0, 0, 
1, 0, 0, 
1, 0, 0, 
1, 0, 0, 
1, 0, 0, 
1, 0, 0, 
1, 0, 0, 
1, 0, 0, 
1, 0, 0, 
1, 0, 0, 
1, 0, 0, 
1, 0, 0, 
1, 0, 0, 
1, 0, 0, 
1, 0, 0, 
1, 0, 0, 
1, 0, 0, 
1, 0, 0, 
0, 0, -1, 
0, 0, -1, 
0, 0, -1, 
0, 0, -1, 
0, 0, -1, 
0, 0, -1, 
0, 0, -1, 
0, 0, -1, 
0, 0, -1, 
0, 0, -1, 
0, 0, -1, 
0, 0, -1, 
0, 0, -1, 
0, 0, -1, 
0, 0, -1, 
0, 0, -1, 
0, 0, -1, 
0, 0, -1, 
0, 0, -1, 
0, 0, -1, 
0, 0, -1, 
0, 0, -1, 
0, 0, -1, 
0, 0, -1, 
0, 0, -1, 
0, 0, -1, 
0, 0, -1, 
1, 0, 0, 
1, 0, 0, 
1, 0, 0, 
1, 0, 0, 
1, 0, 0, 
1, 0, 0, 
1, 0, 0, 
1, 0, 0, 
1, 0, 0, 
0, -1, 0, 
0, -1, 0, 
0, -1, 0, 
0, -1, 0, 
0, -1, 0, 
0, -1, 0, 
0, -1, 0, 
0, -1, 0, 
0, -1, 0, 
-1, 0, 0, 
-1, 0, 0, 
-1, 0, 0, 
-1, 0, 0, 
-1, 0, 0, 
-1, 0, 0, 
-1, 0, 0, 
-1, 0, 0, 
-1, 0, 0, 
0, 0, 1, 
0, 0, 1, 
0, 0, 1, 
1, 0, 0, 
1, 0, 0, 
1, 0, 0, 
1, 0, 0, 
1, 0, 0, 
1, 0, 0, 
0, 1, 0, 
0, 1, 0, 
0, 1, 0, 
0, 1, 0, 
0, 1, 0, 
0, 1, 0, 
0, 1, 0, 
0, 1, 0, 
0, 1, 0, 
0, 1, 0, 
0, 1, 0, 
0, 1, 0, 
0, 1, 0, 
0, 1, 0, 
0, 1, 0, 
0, 1, 0, 
0, 1, 0, 
0, 1, 0, 
0, 1, 0, 
0, 1, 0, 
0, 1, 0, 
0, 1, 0, 
0, 1, 0, 
0, 1, 0, 
0, 1, 0, 
0, 1, 0, 
0, 1, 0, 
-1, 0, 0, 
-1, 0, 0, 
-1, 0, 0, 
-1, 0, 0, 
-1, 0, 0, 
-1, 0, 0, 
0, 0, 0, 
0, 0, 0, 
0, 0, 0, 
0, 0, 0, 
0, 0, 0, 
0, 0, 0, 
0, 0, 0, 
0, 0, 0, 
0, 0, 0, 
0, 0, 0, 
0, 0, 0, 
0, 0, 0, 
0, 0, 0, 
0, 0, 0, 
0, 0, 0, 
0, 0, 0, 
0, 0, 0, 
0, 0, 0, 
0, 0, 0, 
0, 0, 0, 
0, 0, 0, 
0, 0, 0, 
0, 0, 0, 
0, 0, 0, 
0, 0, 0, 
0, 0, 0, 
0, 0, 0, 
0, 0, 0, 
0, 0, 0, 
0, 0, 0, 
0, 0, 0, 
0, 0, 0, 
0, 0, 0, 
0, 0, 0, 
0, 0, 0, 
0, 0, 0, 
0, 0, 0, 
0, 0, 0, 
0, 0, 0, 
0, 0, 0, 
0, 0, 0, 
0, 0, 0, 
0, 0, 0, 
0, 0, 0, 
0, 0, 0, 
0, 0, 0, 
0, 0, 0, 
0, 0, 0, 
0, 0, 0, 
0, 0, 0, 
0, 0, 0, 
0, 0, 0, 
0, 0, 0, 
0, 0, 0, 
0, 0, 0, 
0, 0, 0, 
0, 0, 0, 
0, 0, 0, 
0, 0, 0, 
0, 0, 0, 
0, 0, 0, 
0, 0, 0, 
0, 0, 0, 
0, 0, 0, 
0, 0, 0, 
0, 0, 0, 
0, 0, 0, 
0, 0, 0, 
0, 0, 0, 
0, 0, 0, 
0, 0, 0, 
0, 0, 0, 
0, 0, 0, 
0, 0, 0, 
0, 0, 0, 
0, 0, 0, 
0, 0, 0, 
0, 0, 0, 
0, 0, 0, 
0, 0, 0, 
0, 0, 0, 
0, 0, 0, 
0, 0, 0, 
0, 0, 0, 
0, 0, 0, 
0, 0, 0, 
0, 0, 0, 
0, 0, 0, 
0, 0, 0, 
0, 0, 0, 
0, 0, 0, 
0, 0, 0, 
0, 0, 0, 
0, 0, 0, 
0, 0, 0, 
0, 0, 0, 
0, 0, 0, 
0, 0, 0, 
0, 0, 0, 
0, 0, 0, 
0, 0, 0, 
0, 0, 0, 
0, 0, 0, 
0, 0, 0, 
0, 0, 0, 
0, 0, 0, 
0, 0, 0, 
0, 0, 0, 
0, 0, 0, 
0, 0, 0, 
0, 0, 0, 
0, 0, 0, 
0, 0, 0, 
0, 0, 0, 
0, 0, 0, 
0, 0, 0, 
0, 0, 0, 
0, 0, 0, 
0, 0, 0, 
0, 0, 0, 
0, 0, 0, 
0, 0, 0, 
0, 0, 0, 
0, 0, 0, 
0, 0, 0, 
0, 0, 0, 
0, 0, 0, 
0, 0, 0, 
0, 0, 0, 
0, 0, 0, 
0, 0, 0, 
0, 0, 0, 
0, 0, 0, 
0, 0, 0, 
0, 0, 0, 
0, 0, 0, 
0, 0, 0, 
0, 0, 0, 
0, 0, 0, 
0, 0, 0, 
0, 0, 0, 
0, 0, 0, 
0, 0, 0, 
0, 0, 0, 
0, 0, 0, 
0, 0, 0, 
0, 0, 0, 
0, 0, 0, 
0, 0, 0, 
0, 0, 0, 
0, 0, 0, 
0, 0, 0, 
0, 0, 0, 
0, 0, 0, 
0, 0, 0, 
0, 0, 0, 
0, 0, 0, 
0, 0, 0, 
0, 0, 0, 
0, 0, 0, 
0, 0, 0, 
0, 0, 0, 
0, 0, 0, 
0, 0, 0, 
0, 0, 0, 
0, 0, 0, 
0, 0, 0, 
0, 0, 0, 
0, 0, 0, 
0, 0, 0, 
0, 0, 0, 
0, 0, 0, 
0, 0, 0, 
0, 0, 0, 
0, 0, 0, 
0, 0, 0, 
0, 0, 0, 
0, 0, 0, 
0, 0, 0, 
0, 0, 0, 
0, 0, 0, 
0, 0, 0, 
0, 0, 0, 
0, 0, 0, 
0, 0, 0, 
0, 0, 0, 
0, 0, 0, 
0, 0, 0, 
0, 0, 0, 
0, 0, 0, 
0, 0, 0, 
0, 0, 0, 
0, 0, 0, 
0, 0, 0, 
0, 0, 0, 
0, 0, 0, 
0, 0, 0, 
0, 0, 0, 
0, 0, 0, 
0, 0, 0, 
0, 0, 0, 
0, 0, 0, 
0, 0, 0, 
0, 0, 0, 
0, 0, 0, 
0, 0, 0, 
0, 0, 0, 
0, 0, 0, 
0, 0, 0, 
0, 0, 0, 
0, 0, 0, 
0, 0, 0, 
0, 0, 0, 
0, 0, 0, 
0, 0, 0, 
0, 0, 0, 
0, 0, 0, 
0, 0, 0, 
0, 0, 0, 
0, 0, 0, 
0, 0, 0, 
0, 0, 0, 
0, 0, 0, 
0, 0, 0, 
0, 0, 0, 
0, 0, 0, 
0, 0, 0, 
0, 0, 0, 
0, 0, 0, 
0, 0, 0, 
0, 0, 0, 
0, 0, 0, 
0, 0, 0, 
0, 0, 0, 
0, 0, 0, 
0, 0, 0, 
0, 0, 0, 
0, 0, 0, 
0, 0, 0, 
0, 0, 0, 
0, 0, 0, 
0, 0, 0, 
0, 0, 0, 
0, 0, 0, 
0, 0, 0, 
0, 0, 0, 
0, 0, 0, 
0, 0, 0, 
0, 0, 0, 
0, 0, 0, 
0, 0, 0, 
0, 0, 0, 
0, 0, 0, 
0, 0, 0, 
0, 0, 0, 
0, 0, 0, 
0, 0, 0, 
0, 0, 0, 
0, 0, 0, 
0, 0, 0, 
0, 0, 0, 
0, 0, 0, 
0, 0, 0, 
0, 0, 0, 
0, 0, 0, 
0, 0, 0, 
0, 0, 0, 
0, 0, 0, 
0, 0, 0, 
0, 0, 0, 
0, 0, 0, 
0, 0, 0, 
0, 0, 0, 
0, 0, 0, 
0, 0, 0, 
0, 0, 0, 
0, 0, 0, 
0, 0, 0, 
0, 0, 0, 
0, 0, 0, 
0, 0, 0, 
0, 0, 0, 
0, 0, 0, 
0, 0, 0, 
0, 0, 0, 
0, 0, 0, 
0, 0, 0, 
0, 0, 0, 
0, 0, 0, 
0, 0, 0, 
0, 0, 0, 
0, 0, 0, 
0, 0, 0, 
0, 0, 0, 
0, 0, 0, 
0, 0, 0, 
0, 0, 0, 
0, 0, 0, 
0, 0, 0, 
0, 0, 0, 
0, 0, 0, 
0, 0, 0, 
0, 0, 0, 
0, 0, 0, 
0, 0, 0, 
0, 0, 0, 
0, 0, 0, 
0, 0, 0, 
0, 0, 0, 
0, 0, 0, 
0, 0, 0, 
0, 0, 0, 
0, 0, 0, 
0, 0, 0, 
0, 0, 0, 
0, 0, 0, 
0, 0, 0, 
0, 0, 0, 
0, 0, 0, 
0, 0, 0, 
0, 0, 0, 
0, 0, 0, 
0, 0, 0, 
0, 0, 0, 
0, 0, 0, 
0, 0, 0, 
0, 0, 0, 
0, 0, 0, 
0, 0, 0, 
0, 0, 0, 
0, 0, 0, 
0, 0, 0, 
0, 0, 0, 
0, 0, 0, 
0, 0, 0, 
0, 0, 0, 
0, 0, 0, 
0, 0, 0, 
0, 0, 0, 
0, 0, 0, 
0, 0, 0, 
0, 0, 0, 
0, 0, 0, 
0, 0, 0, 
0, 0, 0, 
0, 0, 0, 
0, 0, 0, 
0, 0, 0, 
0, 0, 0, 
0, 0, 0, 
0, 0, 0, 
0, 0, 0, 
0, 0, 0, 
0, 0, 0, 
0, 0, 0, 
0, 0, 0, 
0, 0, 0, 
0, 0, 0, 
0, 0, 0, 
0, 0, 0, 
0, 0, 0, 
0, 0, 0, 
0, 0, 0, 
0, 0, 0, 
0, 0, 0, 
0, 0, 0, 
0, 0, 0, 
0, 0, 0, 
0, 0, 0, 
0, 0, 0, 
0, 0, 0, 
0, 0, 0, 
0, 0, 0, 
0, 0, 0, 
0, 0, 0, 
0, 0, 0, 
0, 0, 0, 
0, 0, 0, 
0, 0, 0, 
0, 0, 0, 
0, 0, 0, 
0, 0, 0, 
0, 0, 0, 
0, 0, 0, 
0, 0, 0, 
0, 0, 0, 
0, 0, 0, 
0, 0, 0, 
0, 0, 0, 
0, 0, 0, 
0, 0, 0, 
0, 0, 0, 
0, 0, 0, 
0, 0, 0, 
0, 0, 0, 
0, 0, 0, 
0, 0, 0, 
0, 0, 0, 
0, 0, 0, 
0, 0, 0, 
0, 0, 0, 
0, 0, 0, 
0, 0, 0, 
0, 0, 0, 
0, 0, 0, 
0, 0, 0, 
0, 0, 0, 
0, 0, 0, 
0, 0, 0, 
0, 0, 0, 
0, 0, 0, 
0, 0, 0, 
0, 0, 0, 
0, 0, 0, 
0, 0, 0, 
0, 0, 0, 
0, 0, 0, 
0, 0, 0, 
0, 0, 0, 
0, 0, 0, 
0, 0, 0, 
0, 0, 0, 
0, 0, 0, 
0, 0, 0, 
0, 0, 0, 
0, 0, 0, 
0, 0, 0, 
0, 0, 0, 
0, 0, 0, 
0, 0, 0, 
0, 0, 0, 
0, 0, 0, 
0, 0, 0, 
0, 0, 0, 
0, 0, 0, 
0, 0, 0, 
0, 0, 0, 
0, 0, 0, 
0, 0, 0, 
0, 0, 0, 
0, 0, 0, 
0, 0, 0, 
0, 0, 0, 
0, 0, 0, 
0, 0, 0, 
0, 0, 0, 
0, 0, 0, 
0, 0, 0, 
0, 0, 0, 
0, 0, 0, 
0, 0, 0, 
0, 0, 0, 
0, 0, 0, 
0, 0, 0, 
0, 0, 0, 
0, 0, 0, 
0, 0, 0, 
0, 0, 0, 
0, 0, 0, 
0, 0, 0, 
0, 0, 0, 
0, 0, 0, 
0, 0, 0, 
0, 0, 0, 
0, 0, 0, 
0, 0, 0, 
0, 0, 0, 
0, 0, 0, 
0, 0, 0, 
0, 0, 0, 
0, 0, 0, 
0, 0, 0, 
0, 0, 0, 
0, 0, 0, 
0, 0, 0, 
0, 0, 0, 
0, 0, 0, 
0, 0, 0, 
0, 0, 0, 
0, 0, 0, 
0, 0, 0, 
0, 0, 0, 
0, 0, 0, 
0, 0, 0, 
0, 0, 0, 
0, 0, 0, 
0, 0, 0, 
0, 0, 0, 
0, 0, 0, 
0, 0, 0, 
0, 0, 0, 
0, 0, 0, 
0, 0, 0, 
0, 0, 0, 
0, 0, 0, 
0, 0, 0, 
0, 0, 0, 
0, 0, 0, 
0, 0, 0, 
0, 0, 0, 
0, 0, 0, 
0, 0, 0, 
0, 0, 0, 
0, 0, 0, 
0, 0, 0, 
0, 0, 0, 
0, 0, 0, 
0, 0, 0, 
0, 0, 0, 
0, 0, 0, 
0, 0, 0, 
0, 0, 0, 
0, 0, 0, 
0, 0, 0, 
0, 0, 0, 
0, 0, 0, 
0, 0, 0, 
0, 0, 0, 
0, 0, 0, 
0, 0, 0, 
0, 0, 0, 
0, 0, 0, 
0, 0, 0, 
0, 0, 0, 
0, 0, 0, 
0, 0, 0, 
0, 0, 0, 
0, 0, 0, 
0, 0, 0, 
0, 0, 0, 
0, 0, 0, 
0, 0, 0, 
0, 0, 0, 
0, 0, 0, 
0, 0, 0, 
0, 0, 0, 
0, 0, 0, 
0, 0, 0, 
0, 0, 0, 
0, 0, 0, 
0, 0, 0, 
0, 0, 0, 
0, 0, 0, 
0, 0, 0, 
0, 0, 0, 
0, 0, 0, 
0, 0, 0, 
0, 0, 0, 
0, 0, 0, 
0, 0, 0, 
0, 0, 0, 
0, 0, 0, 
0, 0, 0, 
0, 0, 0, 
0, 0, 0, 
0, 0, 0, 
0, 0, 0, 
0, 0, 0, 
0, 0, 0, 
0, 0, 0, 
0, 0, 0, 
0, 0, 0, 
0, 0, 0, 
0, 0, 0, 
0, 0, 0, 
0, 0, 0, 
0, 0, 0, 
0, 0, 0, 
0, 0, 0, 
0, 0, 0, 
0, 0, 0, 
0, 0, 0, 
0, 0, 0, 
0, 0, 0, 
0, 0, 0, 
0, 0, 0, 
0, 0, 0, 
0, 0, 0, 
0, 0, 0, 
0, 0, 0, 
0, 0, 0, 
0, 0, 0, 
0, 0, 0, 
0, 0, 0, 
0, 0, 0, 
0, 0, 0, 
0, 0, 0, 
0, 0, 0, 
0, 0, 0, 
0, 0, 0, 
0, 0, 0, 
0, 0, 0, 
0, 0, 0, 
0, 0, 0, 
0, 0, 0, 
0, 0, 0, 
0, 0, 0, 
0, 0, 0, 
0, 0, 0, 
0, 0, 0, 
0, 0, 0, 
0, 0, 0, 
0, 0, 0, 
0, 0, 0, 
0, 0, 0, 
0, 0, 0, 
0, 0, 0, 
0, 0, 0, 
0, 0, 0, 
0, 0, 0, 
0, 0, 0, 
0, 0, 0, 
0, 0, 0, 
0, 0, 0, 
0, 0, 0, 
0, 0, 0, 
0, 0, 0, 
0, 0, 0, 
0, 0, 0, 
0, 0, 0, 
0, 0, 0, 
0, 0, 0, 
0, 0, 0, 
0, 0, 0, 
0, 0, 0, 
0, 0, 0, 
0, 0, 0, 
0, 0, 0, 
0, 0, 0, 
0, 0, 0, 
0, 0, 0, 
0, 0, 0, 
0, 0, 0, 
0, 0, 0, 
0, 0, 0, 
0, 0, 0, 
0, 0, 0, 
0, 0, 0, 
0, 0, 0, 
0, 0, 0, 
0, 0, 0, 
0, 0, 0, 
0, 0, 0, 
0, 0, 0, 
0, 0, 0, 
0, 0, 0, 
0, 0, 0, 
0, 0, 0, 
0, 0, 0, 
0, 0, 0, 
0, 0, 0, 
0, 0, 0, 
0, 0, 0, 
0, 0, 0, 
0, 0, 0, 
0, 0, 0, 
0, 0, 0, 
0, 0, 0, 
0, 0, 0, 
0, 0, 0, 
0, 0, 0, 
0, 0, 0, 
0, 0, 0, 
0, 0, 0, 
0, 0, 0, 
0, 0, 0, 
0, 0, 0, 
0, 0, 0, 
0, 0, 0, 
0, 0, 0, 
0, 0, 0, 
0, 0, 0, 
0, 0, 0, 
0, 0, 0, 
0, 0, 0, 
0, 0, 0, 
0, 0, 0, 
0, 0, 0, 
0, 0, 0, 
0, 0, 0, 
0, 0, 0, 
0, 0, 0, 
0, 0, 0, 
0, 0, 0, 
0, 0, 0, 
0, 0, 0, 
0, 0, 0, 
0, 0, 0, 
0, 0, 0, 
0, 0, 0, 
0, 0, 0, 
0, 0, 0, 
0, 0, 0, 
0, 0, 0, 
0, 0, 0, 
0, 0, 0, 
0, 0, 0, 
0, 0, 0, 
0, 0, 0, 
0, 0, 0, 
0, 0, 0, 
0, 0, 0, 
0, 0, 0, 
0, 0, 0, 
0, 0, 0, 
0, 0, 0, 
0, 0, 0, 
0, 0, 0, 
0, 0, 0, 
0, 0, 0, 
0, 0, 0, 
0, 0, 0, 
0, 0, 0, 
0, 0, 0, 
0, 0, 0, 
0, 0, 0, 
0, 0, 0, 
0, 0, 0, 
0, 0, 0, 
0, 0, 0, 
0, 0, 0, 
0, 0, 0, 
0, 0, 0, 
0, 0, 0, 
0, 0, 0, 
0, 0, 0, 
0, 0, 0, 
0, 0, 0, 
0, 0, 0, 
0, 0, 0, 
0, 0, 0, 
0, 0, 0, 
0, 0, 0, 
0, 0, 0, 
0, 0, 0, 
0, 0, 0, 
0, 0, 0, 
0, 0, 0, 
0, 0, 0, 
0, 0, 0, 
0, 0, 0, 
0, 0, 0, 
0, 0, 0, 
0, 0, 0, 
0, 0, 0, 
0, 0, 0, 
0, 0, 0, 
0, 0, 0, 
0, 0, 0, 
0, 0, 0, 
0, 0, 0, 
0, 0, 0, 
0, 0, 0, 
0, 0, 0, 
0, 0, 0, 
0, 0, 0, 
0, 0, 0, 
0, 0, 0, 
0, 0, 0, 
0, 0, 0, 
0, 0, 0, 
0, 0, 0, 
0, 0, 0, 
0, 0, 0, 
0, 0, 0, 
0, 0, 0, 
0, 0, 0, 
0, 0, 0, 
0, 0, 0, 
0, 0, 0, 
0, 0, 0, 
0, 0, 0, 
0, 0, 0, 
0, 0, 0, 
0, 0, 0, 
0, 0, 0, 
0, 0, 0, 
0, 0, 0, 
0, 0, 0, 
0, 0, 0, 
0, 0, 0, 
0, 0, 0, 
0, 0, 0, 
0, 0, 0, 
0, 0, 0, 
0, 0, 0, 
0, 0, 0, 
0, 0, 0, 
0, 0, 0, 
0, 0, 0, 
0, 0, 0, 
0, 0, 0, 
0, 0, 0, 
0, 0, 0, 
0, 0, 0, 
0, 0, 0, 
0, 0, 0, 
0, 0, 0, 
0, 0, 0, 
0, 0, 0, 
0, 0, 0, 
0, 0, 0, 
0, 0, 0, 
0, 0, 0, 
0, 0, 0, 
0, 0, 0, 
0, 0, 0, 
0, 0, 0, 
0, 0, 0, 
0, 0, 0, 
0, 0, 0, 
0, 0, 0, 
0, 0, 0, 
0, 0, 0, 
0, 0, 0, 
0, 0, 0, 
0, 0, 0, 
0, 0, 0, 
0, 0, 0, 
0, 0, 0, 
0, 0, 0, 
0, 0, 0, 
0, 0, 0, 
0, 0, 0, 
0, 0, 0, 
0, 0, 0, 
0, 0, 0, 
0, 0, 0, 
0, 0, 0, 
0, 0, 0, 
0, 0, 0, 
0, 0, 0, 
0, 0, 0, 
0, 0, 0, 
0, 0, 0, 
0, 0, 0, 
0, 0, 0, 
0, 0, 0, 
0, 0, 0, 
0, 0, 0, 
0, 0, 0, 
0, 0, 0, 
0, 0, 0, 
0, 0, 0, 
0, 0, 0, 
0, 0, 0, 
0, 0, 0, 
0, 0, 0, 
0, 0, 0, 
0, 0, 0, 
0, 0, 0, 
0, 0, 0, 
0, 0, 0, 
0, 0, 0, 
0, 0, 0, 
0, 0, 0, 
0, 0, 0, 
0, 0, 0, 
0, 0, 0, 
0, 0, 0, 
0, 0, 0, 
0, 0, 0, 
0, 0, 0, 
0, 0, 0, 
0, 0, 0, 
0, 0, 0, 
0, 0, 0, 
0, 0, 0, 
0, 0, 0, 
0, 0, 0, 
0, 0, 0, 
0, 0, 0, 
0, 0, 0, 
0, 0, 0, 
0, 0, 0, 
0, 0, 0, 
0, 0, 0, 
0, 0, 0, 
0, 0, 0, 
0, 0, 0, 
0, 0, 0, 
0, 0, 0, 
0, 0, 0, 
0, 0, 0, 
0, 0, 0, 
0, 0, 0, 
0, 0, 0, 
0, 0, 0, 
0, 0, 0, 
0, 0, 0, 
0, 0, 0, 
0, 0, 0, 
0, 0, 0, 
0, 0, 0, 
0, 0, 0, 
0, 0, 0, 
0, 0, 0, 
0, 0, 0, 
0, 0, 0, 
0, 0, 0, 
0, 0, 0, 
0, 0, 0, 
0, 0, 0, 
0, 0, 0, 
0, 0, 0, 
0, 0, 0, 
0, 0, 0, 
0, 0, 0, 
0, 0, 0, 
0, 0, 0, 
0, 0, 0, 
0, 0, 0, 
0, 0, 0, 
0, 0, 0, 
0, 0, 0, 
0, 0, 0, 
0, 0, 0, 
0, 0, 0, 
0, 0, 0, 
0, 0, 0, 
0, 0, 0, 
0, 0, 0, 
0, 0, 0, 
0, 0, 0, 
0, 0, 0, 
0, 0, 0, 
0, 0, 0, 
0, 0, 0, 
0, 0, 0, 
0, 0, 0, 
0, 0, 0, 
0, 0, 0, 
0, 0, 0, 
0, 0, 0, 
0, 0, 0, 
0, 0, 0, 
0, 0, 0, 
0, 0, 0, 
0, 0, 0, 
0, 0, 0, 
0, 0, 0, 
0, 0, 0, 
0, 0, 0, 
0, 0, 0, 
0, 0, 0, 
0, 0, 0, 
0, 0, 0, 
0, 0, 0, 
0, 0, 0, 
0, 0, 0, 
0, 0, 0, 
0, 0, 0, 
0, 0, 0, 
0, 0, 0, 
0, 0, 0, 
0, 0, 0, 
0, 0, 0, 
0, 0, 0, 
0, 0, 0, 
0, 0, 0, 
0, 0, 0, 
0, 0, 0, 
0, 0, 0, 
0, 0, 0, 
0, 0, 0, 
0, 0, 0, 
0, 0, 0, 
0, 0, 0, 
0, 0, 0, 
0, 0, 0, 
0, 0, 0, 
0, 0, 0, 
0, 0, 0, 
0, 0, 0, 
0, 0, 0, 
0, 0, 0, 
0, 0, 0, 
0, 0, 0, 
0, 0, 0, 
0, 0, 0, 
0, 0, 0, 
0, 0, 0, 
0, 0, 0, 
0, 0, 0, 
0, 0, 0, 
0, 0, 0, 
0, 0, 0, 
0, 0, 0, 
0, 0, 0, 
0, 0, 0, 
0, 0, 0, 
0, 0, 0, 
0, 0, 0, 
0, 0, 0, 
0, 0, 0, 
0, 0, 0, 
0, 0, 0, 
0, 0, 0, 
0, 0, 0, 
0, 0, 0, 
0, 0, 0, 
0, 0, 0, 
0, 0, 0, 
0, 0, 0, 
0, 0, 0, 
0, 0, 0, 
0, 0, 0, 
0, 0, 0, 
0, 0, 0, 
0, 0, 0, 
0, 0, 0, 
0, 0, 0, 
0, 0, 0, 
0, 0, 0, 
0, 0, 0, 
0, 0, 0, 
0, 0, 0, 
0, 0, 0, 
0, 0, 0, 
0, 0, 0, 
0, 0, 0, 
0, 0, 0, 
0, 0, 0, 
0, 0, 0, 
0, 0, 0, 
0, 0, 0, 
0, 0, 0, 
0, 0, 0, 
0, 0, 0, 
0, 0, 0, 
0, 0, 0, 
0, 0, 0, 
0, 0, 0, 
0, 0, 0, 
0, 0, 0, 
0, 0, 0, 
0, 0, 0, 
0, 0, 0, 
0, 0, 0, 
0, 0, 0, 
0, 0, 0, 
0, 0, 0, 
0, 0, 0, 
0, 0, 0, 
0, 0, 0, 
0, 0, 0, 
0, 0, 0, 
0, 0, 0, 
0, 0, 0, 
0, 0, 0, 
0, 0, 0, 
0, 0, 0, 
0, 0, 0, 
0, 0, 0, 
0, 0, 0, 
0, 0, 0, 
0, 0, 0, 
0, 0, 0, 
0, 0, 0, 
0, 0, 0, 
0, 0, 0, 
0, 0, 0, 
0, 0, 0, 
0, 0, 0, 
0, 0, 0, 
0, 0, 0, 
0, 0, 0, 
0, 0, 0, 
0, 0, 0, 
0, 0, 0, 
0, 0, 0, 
0, 0, 0, 
0, 0, 0, 
0, 0, 0, 
0, 0, 0, 
0, 0, 0, 
0, 0, 0, 
0, 0, 0, 
0, 0, 0, 
0, 0, 0, 
0, 0, 0, 
0, 0, 0, 
0, 0, 0, 
0, 0, 0, 
0, 0, 0, 
0, 0, 0, 
0, 0, 0, 
0, 0, 0, 
0, 0, 0, 
0, 0, 0, 
0, 0, 0, 
0, 0, 0, 
0, 0, 0, 
0, 0, 0, 
0, 0, 0, 
0, 0, 0, 
0, 0, 0, 
0, 0, 0, 
0, 0, 0, 
0, 0, 0, 
0, 0, 0, 
0, 0, 0, 
0, 0, 0, 
0, 0, 0, 
0, 0, 0, 
0, 0, 0, 
0, 0, 0, 
0, 0, 0, 
0, 0, 0, 
0, 0, 0, 
0, 0, 0, 
0, 0, 0, 
0, 0, 0, 
0, 0, 0, 
0, 0, 0, 
0, 0, 0, 
0, 0, 0, 
0, 0, 0, 
0, 0, 0, 
0, 0, 0, 
0, 0, 0, 
0, 0, 0, 
0, 0, 0, 
0, 0, 0, 
0, 0, 0, 
0, 0, 0, 
0, 0, 0, 
0, 0, 0, 
0, 0, 0, 
0, 0, 0, 
0, 0, 0, 
0, 0, 0, 
0, 0, 0, 
0, 0, 0, 
0, 0, 0, 
0, 0, 0, 
0, 0, 0, 
0, 0, 0, 
0, 0, 0, 
0, 0, 0, 
0, 0, 0, 
0, 0, 0, 
0, 0, 0, 
0, 0, 0, 
0, 0, 0, 
0, 0, 0, 
0, 0, 0, 
0, 0, 0, 
0, 0, 0, 
0, 0, 0, 
0, 0, 0, 
0, 0, 0, 
]);
var parku = new Float32Array([
0.033226, 0.019424, 
0.486495, 0.471358, 
0.486495, 0.019424, 
0.477291, 0.875364, 
0.365599, 0.987056, 
0.365599, 0.875364, 
0.493818, 0.841635, 
0.382651, 0.952802, 
0.382651, 0.841635, 
0.972636, 0.44007, 
0.590639, 0.058072, 
0.972636, 0.058072, 
0.50181, 0.849538, 
0.390553, 0.960794, 
0.390553, 0.849538, 
0.488273, 0.842769, 
0.377925, 0.953116, 
0.377925, 0.842769, 
0.267578, 0.842769, 
0.157231, 0.953116, 
0.157231, 0.842769, 
0.267578, 0.622075, 
0.157231, 0.732422, 
0.157231, 0.622075, 
0.279297, 0.849538, 
0.16804, 0.960794, 
0.16804, 0.849538, 
0.279297, 0.627025, 
0.16804, 0.738281, 
0.16804, 0.627025, 
0.50181, 0.627025, 
0.390553, 0.738281, 
0.390553, 0.627025, 
0.972636, 0.445884, 
0.590639, 0.063887, 
0.972636, 0.063887, 
0.969805, 0.445884, 
0.590791, 0.063887, 
0.969805, 0.063887, 
0.969805, 0.440069, 
0.590792, 0.058072, 
0.969805, 0.058072, 
0.271484, 0.841635, 
0.160318, 0.952802, 
0.160318, 0.841635, 
0.271484, 0.619302, 
0.160318, 0.730469, 
0.160318, 0.619302, 
0.493818, 0.619302, 
0.382651, 0.730469, 
0.382651, 0.619302, 
0.253906, 0.875364, 
0.142214, 0.987056, 
0.142214, 0.875364, 
0.253906, 0.65198, 
0.142214, 0.763672, 
0.142214, 0.65198, 
0.248954, 0.655268, 
0.145966, 0.601551, 
0.248954, 0.601551, 
0.352001, 0.762701, 
0.249013, 0.708984, 
0.352001, 0.708984, 
0.033226, 0.017949, 
0.486495, 0.475505, 
0.486495, 0.017949, 
0.352001, 0.655268, 
0.249013, 0.601551, 
0.352001, 0.601551, 
0.033226, 0.471219, 
0.486495, 0.017949, 
0.486495, 0.471218, 
0.034925, 0.019424, 
0.486858, 0.475505, 
0.486858, 0.019424, 
0.034925, 0.471358, 
0.486858, 0.019424, 
0.486858, 0.471358, 
0.248954, 0.762701, 
0.145966, 0.708984, 
0.248954, 0.708984, 
0.034925, 0.017949, 
0.486858, 0.471219, 
0.486858, 0.017949, 
0.034925, 0.475505, 
0.486858, 0.017949, 
0.486858, 0.475505, 
0.365599, 0.540287, 
0.253906, 0.65198, 
0.253906, 0.540287, 
0.477291, 0.540287, 
0.365599, 0.65198, 
0.365599, 0.540287, 
0.142214, 0.65198, 
0.030522, 0.763672, 
0.030522, 0.65198, 
0.142214, 0.540287, 
0.030522, 0.65198, 
0.030522, 0.540287, 
0.253906, 0.540287, 
0.142214, 0.65198, 
0.142214, 0.540287, 
0.142214, 0.875364, 
0.030522, 0.987056, 
0.030522, 0.875364, 
0.142214, 0.763672, 
0.030522, 0.875364, 
0.030522, 0.763672, 
0.253906, 0.763672, 
0.142214, 0.875364, 
0.142214, 0.763672, 
0.382651, 0.619302, 
0.271484, 0.730469, 
0.271484, 0.619302, 
0.382651, 0.508135, 
0.271484, 0.619302, 
0.271484, 0.508135, 
0.493818, 0.508135, 
0.382651, 0.619302, 
0.382651, 0.508135, 
0.160318, 0.619302, 
0.049151, 0.730469, 
0.049151, 0.619302, 
0.160318, 0.508135, 
0.049151, 0.619302, 
0.049151, 0.508135, 
0.271484, 0.508135, 
0.160318, 0.619302, 
0.160318, 0.508135, 
0.160318, 0.841635, 
0.049151, 0.952802, 
0.049151, 0.841635, 
0.160318, 0.730469, 
0.049151, 0.841635, 
0.049151, 0.730469, 
0.271484, 0.730469, 
0.160318, 0.841635, 
0.160318, 0.730469, 
0.969805, 0.058072, 
0.590792, 0.445884, 
0.969805, 0.445884, 
0.587961, 0.058072, 
0.969805, 0.445884, 
0.587961, 0.445884, 
0.587961, 0.440069, 
0.969805, 0.058072, 
0.587961, 0.058072, 
0.969805, 0.063887, 
0.590791, 0.445731, 
0.969805, 0.445731, 
0.587961, 0.063887, 
0.969805, 0.445731, 
0.587961, 0.445731, 
0.587961, 0.445884, 
0.969805, 0.063887, 
0.587961, 0.063887, 
0.972636, 0.063887, 
0.590639, 0.445731, 
0.972636, 0.445731, 
0.590791, 0.063887, 
0.972636, 0.445731, 
0.590791, 0.445731, 
0.590792, 0.445884, 
0.972636, 0.063887, 
0.590791, 0.063887, 
0.390553, 0.627025, 
0.279297, 0.738281, 
0.279297, 0.627025, 
0.390553, 0.515768, 
0.279297, 0.627025, 
0.279297, 0.515768, 
0.50181, 0.515768, 
0.390553, 0.627025, 
0.390553, 0.515768, 
0.16804, 0.627025, 
0.056784, 0.738281, 
0.056784, 0.627025, 
0.16804, 0.515768, 
0.056784, 0.627025, 
0.056784, 0.515768, 
0.279297, 0.515768, 
0.16804, 0.627025, 
0.16804, 0.515768, 
0.16804, 0.849538, 
0.056784, 0.960794, 
0.056784, 0.849538, 
0.16804, 0.738281, 
0.056784, 0.849538, 
0.056784, 0.738281, 
0.279297, 0.738281, 
0.16804, 0.849538, 
0.16804, 0.738281, 
0.377925, 0.511727, 
0.267578, 0.622075, 
0.267578, 0.511727, 
0.488273, 0.511727, 
0.377925, 0.622075, 
0.377925, 0.511727, 
0.157231, 0.622075, 
0.046884, 0.732422, 
0.046884, 0.622075, 
0.157231, 0.511727, 
0.046884, 0.622075, 
0.046884, 0.511727, 
0.267578, 0.511727, 
0.157231, 0.622075, 
0.157231, 0.511727, 
0.157231, 0.842769, 
0.046884, 0.953116, 
0.046884, 0.842769, 
0.157231, 0.732422, 
0.046884, 0.842769, 
0.046884, 0.732422, 
0.267578, 0.732422, 
0.157231, 0.842769, 
0.157231, 0.732422, 
0.377925, 0.842769, 
0.267578, 0.953116, 
0.267578, 0.842769, 
0.390553, 0.849538, 
0.279297, 0.960794, 
0.279297, 0.849538, 
0.390553, 0.738281, 
0.279297, 0.849538, 
0.279297, 0.738281, 
0.50181, 0.738281, 
0.390553, 0.849538, 
0.390553, 0.738281, 
0.972636, 0.058072, 
0.590639, 0.445884, 
0.972636, 0.445884, 
0.590792, 0.058072, 
0.972636, 0.445884, 
0.590792, 0.445884, 
0.590792, 0.44007, 
0.972636, 0.058072, 
0.590792, 0.058072, 
0.382651, 0.841635, 
0.271484, 0.952802, 
0.271484, 0.841635, 
0.382651, 0.730469, 
0.271484, 0.841635, 
0.271484, 0.730469, 
0.493818, 0.730469, 
0.382651, 0.841635, 
0.382651, 0.730469, 
0.365599, 0.875364, 
0.253906, 0.987056, 
0.253906, 0.875364, 
0.352001, 0.816418, 
0.249013, 0.762701, 
0.352001, 0.762701, 
0.352001, 0.708984, 
0.249013, 0.655268, 
0.352001, 0.655268, 
0.033226, 0.475505, 
0.486495, 0.019424, 
0.486495, 0.475505, 
0.492868, 0.524642, 
0.037231, 0.988889, 
0.037231, 0.524642, 
0.492868, 0.52319, 
0.037231, 0.990308, 
0.037231, 0.52319, 
0.030073, 0.52319, 
0.492868, 0.990308, 
0.492868, 0.52319, 
0.030073, 0.985986, 
0.492868, 0.52319, 
0.492868, 0.985986, 
0.492868, 0.985986, 
0.037231, 0.52319, 
0.037231, 0.985986, 
0.492868, 0.990308, 
0.037231, 0.524642, 
0.037231, 0.990308, 
0.030073, 0.524642, 
0.492868, 0.988889, 
0.492868, 0.524642, 
0.030073, 0.990308, 
0.492868, 0.524642, 
0.492868, 0.990308, 
0.248954, 0.816418, 
0.145966, 0.762701, 
0.248954, 0.762701, 
0.248954, 0.708984, 
0.145966, 0.655268, 
0.248954, 0.655268, 
0.033226, 0.019424, 
0.033226, 0.471358, 
0.486495, 0.471358, 
0.477291, 0.875364, 
0.477291, 0.987056, 
0.365599, 0.987056, 
0.493818, 0.841635, 
0.493818, 0.952802, 
0.382651, 0.952802, 
0.972636, 0.44007, 
0.590639, 0.440069, 
0.590639, 0.058072, 
0.50181, 0.849538, 
0.50181, 0.960794, 
0.390553, 0.960794, 
0.488273, 0.842769, 
0.488273, 0.953116, 
0.377925, 0.953116, 
0.267578, 0.842769, 
0.267578, 0.953116, 
0.157231, 0.953116, 
0.267578, 0.622075, 
0.267578, 0.732422, 
0.157231, 0.732422, 
0.279297, 0.849538, 
0.279297, 0.960794, 
0.16804, 0.960794, 
0.279297, 0.627025, 
0.279297, 0.738281, 
0.16804, 0.738281, 
0.50181, 0.627025, 
0.50181, 0.738281, 
0.390553, 0.738281, 
0.972636, 0.445884, 
0.590639, 0.445884, 
0.590639, 0.063887, 
0.969805, 0.445884, 
0.590792, 0.445884, 
0.590791, 0.063887, 
0.969805, 0.440069, 
0.590792, 0.44007, 
0.590792, 0.058072, 
0.271484, 0.841635, 
0.271484, 0.952802, 
0.160318, 0.952802, 
0.271484, 0.619302, 
0.271484, 0.730469, 
0.160318, 0.730469, 
0.493818, 0.619302, 
0.493818, 0.730469, 
0.382651, 0.730469, 
0.253906, 0.875364, 
0.253906, 0.987056, 
0.142214, 0.987056, 
0.253906, 0.65198, 
0.253906, 0.763672, 
0.142214, 0.763672, 
0.248954, 0.655268, 
0.145966, 0.655268, 
0.145966, 0.601551, 
0.352001, 0.762701, 
0.249013, 0.762701, 
0.249013, 0.708984, 
0.033226, 0.017949, 
0.033226, 0.475505, 
0.486495, 0.475505, 
0.352001, 0.655268, 
0.249013, 0.655268, 
0.249013, 0.601551, 
0.033226, 0.471219, 
0.033226, 0.017949, 
0.486495, 0.017949, 
0.034925, 0.019424, 
0.034925, 0.475505, 
0.486858, 0.475505, 
0.034925, 0.471358, 
0.034925, 0.019424, 
0.486858, 0.019424, 
0.248954, 0.762701, 
0.145966, 0.762701, 
0.145966, 0.708984, 
0.034925, 0.017949, 
0.034925, 0.471219, 
0.486858, 0.471219, 
0.034925, 0.475505, 
0.034925, 0.017949, 
0.486858, 0.017949, 
0.365599, 0.540287, 
0.365599, 0.65198, 
0.253906, 0.65198, 
0.477291, 0.540287, 
0.477291, 0.65198, 
0.365599, 0.65198, 
0.142214, 0.65198, 
0.142214, 0.763672, 
0.030522, 0.763672, 
0.142214, 0.540287, 
0.142214, 0.65198, 
0.030522, 0.65198, 
0.253906, 0.540287, 
0.253906, 0.65198, 
0.142214, 0.65198, 
0.142214, 0.875364, 
0.142214, 0.987056, 
0.030522, 0.987056, 
0.142214, 0.763672, 
0.142214, 0.875364, 
0.030522, 0.875364, 
0.253906, 0.763672, 
0.253906, 0.875364, 
0.142214, 0.875364, 
0.382651, 0.619302, 
0.382651, 0.730469, 
0.271484, 0.730469, 
0.382651, 0.508135, 
0.382651, 0.619302, 
0.271484, 0.619302, 
0.493818, 0.508135, 
0.493818, 0.619302, 
0.382651, 0.619302, 
0.160318, 0.619302, 
0.160318, 0.730469, 
0.049151, 0.730469, 
0.160318, 0.508135, 
0.160318, 0.619302, 
0.049151, 0.619302, 
0.271484, 0.508135, 
0.271484, 0.619302, 
0.160318, 0.619302, 
0.160318, 0.841635, 
0.160318, 0.952802, 
0.049151, 0.952802, 
0.160318, 0.730469, 
0.160318, 0.841635, 
0.049151, 0.841635, 
0.271484, 0.730469, 
0.271484, 0.841635, 
0.160318, 0.841635, 
0.969805, 0.058072, 
0.590792, 0.058072, 
0.590792, 0.445884, 
0.587961, 0.058072, 
0.969805, 0.058072, 
0.969805, 0.445884, 
0.587961, 0.440069, 
0.969805, 0.440069, 
0.969805, 0.058072, 
0.969805, 0.063887, 
0.590791, 0.063887, 
0.590791, 0.445731, 
0.587961, 0.063887, 
0.969805, 0.063887, 
0.969805, 0.445731, 
0.587961, 0.445884, 
0.969805, 0.445884, 
0.969805, 0.063887, 
0.972636, 0.063887, 
0.590639, 0.063887, 
0.590639, 0.445731, 
0.590791, 0.063887, 
0.972636, 0.063887, 
0.972636, 0.445731, 
0.590792, 0.445884, 
0.972636, 0.445884, 
0.972636, 0.063887, 
0.390553, 0.627025, 
0.390553, 0.738281, 
0.279297, 0.738281, 
0.390553, 0.515768, 
0.390553, 0.627025, 
0.279297, 0.627025, 
0.50181, 0.515768, 
0.50181, 0.627025, 
0.390553, 0.627025, 
0.16804, 0.627025, 
0.16804, 0.738281, 
0.056784, 0.738281, 
0.16804, 0.515768, 
0.16804, 0.627025, 
0.056784, 0.627025, 
0.279297, 0.515768, 
0.279297, 0.627025, 
0.16804, 0.627025, 
0.16804, 0.849538, 
0.16804, 0.960794, 
0.056784, 0.960794, 
0.16804, 0.738281, 
0.16804, 0.849538, 
0.056784, 0.849538, 
0.279297, 0.738281, 
0.279297, 0.849538, 
0.16804, 0.849538, 
0.377925, 0.511727, 
0.377925, 0.622075, 
0.267578, 0.622075, 
0.488273, 0.511727, 
0.488273, 0.622075, 
0.377925, 0.622075, 
0.157231, 0.622075, 
0.157231, 0.732422, 
0.046884, 0.732422, 
0.157231, 0.511727, 
0.157231, 0.622075, 
0.046884, 0.622075, 
0.267578, 0.511727, 
0.267578, 0.622075, 
0.157231, 0.622075, 
0.157231, 0.842769, 
0.157231, 0.953116, 
0.046884, 0.953116, 
0.157231, 0.732422, 
0.157231, 0.842769, 
0.046884, 0.842769, 
0.267578, 0.732422, 
0.267578, 0.842769, 
0.157231, 0.842769, 
0.377925, 0.842769, 
0.377925, 0.953116, 
0.267578, 0.953116, 
0.390553, 0.849538, 
0.390553, 0.960794, 
0.279297, 0.960794, 
0.390553, 0.738281, 
0.390553, 0.849538, 
0.279297, 0.849538, 
0.50181, 0.738281, 
0.50181, 0.849538, 
0.390553, 0.849538, 
0.972636, 0.058072, 
0.590639, 0.058072, 
0.590639, 0.445884, 
0.590792, 0.058072, 
0.972636, 0.058072, 
0.972636, 0.445884, 
0.590792, 0.44007, 
0.972636, 0.44007, 
0.972636, 0.058072, 
0.382651, 0.841635, 
0.382651, 0.952802, 
0.271484, 0.952802, 
0.382651, 0.730469, 
0.382651, 0.841635, 
0.271484, 0.841635, 
0.493818, 0.730469, 
0.493818, 0.841635, 
0.382651, 0.841635, 
0.365599, 0.875364, 
0.365599, 0.987056, 
0.253906, 0.987056, 
0.352001, 0.816418, 
0.249013, 0.816418, 
0.249013, 0.762701, 
0.352001, 0.708984, 
0.249013, 0.708984, 
0.249013, 0.655268, 
0.033226, 0.475505, 
0.033226, 0.019424, 
0.486495, 0.019424, 
0.492868, 0.524642, 
0.492868, 0.988889, 
0.037231, 0.988889, 
0.492868, 0.52319, 
0.492868, 0.990308, 
0.037231, 0.990308, 
0.030073, 0.52319, 
0.030073, 0.990308, 
0.492868, 0.990308, 
0.030073, 0.985986, 
0.030073, 0.52319, 
0.492868, 0.52319, 
0.492868, 0.985986, 
0.492868, 0.52319, 
0.037231, 0.52319, 
0.492868, 0.990308, 
0.492868, 0.524642, 
0.037231, 0.524642, 
0.030073, 0.524642, 
0.030073, 0.988889, 
0.492868, 0.988889, 
0.030073, 0.990308, 
0.030073, 0.524642, 
0.492868, 0.524642, 
0.248954, 0.816418, 
0.145966, 0.816418, 
0.145966, 0.762701, 
0.248954, 0.708984, 
0.145966, 0.708984, 
0.145966, 0.655268, 
0, 0, 
0, 0, 
0, 0, 
0, 0, 
0, 0, 
0, 0, 
0, 0, 
0, 0, 
0, 0, 
0, 0, 
0, 0, 
0, 0, 
0, 0, 
0, 0, 
0, 0, 
0, 0, 
0, 0, 
0, 0, 
0, 0, 
0, 0, 
0, 0, 
0, 0, 
0, 0, 
0, 0, 
0, 0, 
0, 0, 
0, 0, 
0, 0, 
0, 0, 
0, 0, 
0, 0, 
0, 0, 
0, 0, 
0, 0, 
0, 0, 
0, 0, 
0, 0, 
0, 0, 
0, 0, 
0, 0, 
0, 0, 
0, 0, 
0, 0, 
0, 0, 
0, 0, 
0, 0, 
0, 0, 
0, 0, 
0, 0, 
0, 0, 
0, 0, 
0, 0, 
0, 0, 
0, 0, 
0, 0, 
0, 0, 
0, 0, 
0, 0, 
0, 0, 
0, 0, 
0, 0, 
0, 0, 
0, 0, 
0, 0, 
0, 0, 
0, 0, 
0, 0, 
0, 0, 
0, 0, 
0, 0, 
0, 0, 
0, 0, 
0, 0, 
0, 0, 
0, 0, 
0, 0, 
0, 0, 
0, 0, 
0, 0, 
0, 0, 
0, 0, 
0, 0, 
0, 0, 
0, 0, 
0, 0, 
0, 0, 
0, 0, 
0, 0, 
0, 0, 
0, 0, 
0, 0, 
0, 0, 
0, 0, 
0, 0, 
0, 0, 
0, 0, 
0, 0, 
0, 0, 
0, 0, 
0, 0, 
0, 0, 
0, 0, 
0, 0, 
0, 0, 
0, 0, 
0, 0, 
0, 0, 
0, 0, 
0, 0, 
0, 0, 
0, 0, 
0, 0, 
0, 0, 
0, 0, 
0, 0, 
0, 0, 
0, 0, 
0, 0, 
0, 0, 
0, 0, 
0, 0, 
0, 0, 
0, 0, 
0, 0, 
0, 0, 
0, 0, 
0, 0, 
0, 0, 
0, 0, 
0, 0, 
0, 0, 
0, 0, 
0, 0, 
0, 0, 
0, 0, 
0, 0, 
0, 0, 
0, 0, 
0, 0, 
0, 0, 
0, 0, 
0, 0, 
0, 0, 
0, 0, 
0, 0, 
0, 0, 
0, 0, 
0, 0, 
0, 0, 
0, 0, 
0, 0, 
0, 0, 
0, 0, 
0, 0, 
0, 0, 
0, 0, 
0, 0, 
0, 0, 
0, 0, 
0, 0, 
0, 0, 
0, 0, 
0, 0, 
0, 0, 
0, 0, 
0, 0, 
0, 0, 
0, 0, 
0, 0, 
0, 0, 
0, 0, 
0, 0, 
0, 0, 
0, 0, 
0, 0, 
0, 0, 
0, 0, 
0, 0, 
0, 0, 
0, 0, 
0, 0, 
0, 0, 
0, 0, 
0, 0, 
0, 0, 
0, 0, 
0, 0, 
0, 0, 
0, 0, 
0, 0, 
0, 0, 
0, 0, 
0, 0, 
0, 0, 
0, 0, 
0, 0, 
0, 0, 
0, 0, 
0, 0, 
0, 0, 
0, 0, 
0, 0, 
0, 0, 
0, 0, 
0, 0, 
0, 0, 
0, 0, 
0, 0, 
0, 0, 
0, 0, 
0, 0, 
0, 0, 
0, 0, 
0, 0, 
0, 0, 
0, 0, 
0, 0, 
0, 0, 
0, 0, 
0, 0, 
0, 0, 
0, 0, 
0, 0, 
0, 0, 
0, 0, 
0, 0, 
0, 0, 
0, 0, 
0, 0, 
0, 0, 
0, 0, 
0, 0, 
0, 0, 
0, 0, 
0, 0, 
0, 0, 
0, 0, 
0, 0, 
0, 0, 
0, 0, 
0, 0, 
0, 0, 
0, 0, 
0, 0, 
0, 0, 
0, 0, 
0, 0, 
0, 0, 
0, 0, 
0, 0, 
0, 0, 
0, 0, 
0, 0, 
0, 0, 
0, 0, 
0, 0, 
0, 0, 
0, 0, 
0, 0, 
0, 0, 
0, 0, 
0, 0, 
0, 0, 
0, 0, 
0, 0, 
0, 0, 
0, 0, 
0, 0, 
0, 0, 
0, 0, 
0, 0, 
0, 0, 
0, 0, 
0, 0, 
0, 0, 
0, 0, 
0, 0, 
0, 0, 
0, 0, 
0, 0, 
0, 0, 
0, 0, 
0, 0, 
0, 0, 
0, 0, 
0, 0, 
0, 0, 
0, 0, 
0, 0, 
0, 0, 
0, 0, 
0, 0, 
0, 0, 
0, 0, 
0, 0, 
0, 0, 
0, 0, 
0, 0, 
0, 0, 
0, 0, 
0, 0, 
0, 0, 
0, 0, 
0, 0, 
0, 0, 
0, 0, 
0, 0, 
0, 0, 
0, 0, 
0, 0, 
0, 0, 
0, 0, 
0, 0, 
0, 0, 
0, 0, 
0, 0, 
0, 0, 
0, 0, 
0, 0, 
0, 0, 
0, 0, 
0, 0, 
0, 0, 
0, 0, 
0, 0, 
0, 0, 
0, 0, 
0, 0, 
0, 0, 
0, 0, 
0, 0, 
0, 0, 
0, 0, 
0, 0, 
0, 0, 
0, 0, 
0, 0, 
0, 0, 
0, 0, 
0, 0, 
0, 0, 
0, 0, 
0, 0, 
0, 0, 
0, 0, 
0, 0, 
0, 0, 
0, 0, 
0, 0, 
0, 0, 
0, 0, 
0, 0, 
0, 0, 
0, 0, 
0, 0, 
0, 0, 
0, 0, 
0, 0, 
0, 0, 
0, 0, 
0, 0, 
0, 0, 
0, 0, 
0, 0, 
0, 0, 
0, 0, 
0, 0, 
0, 0, 
0, 0, 
0, 0, 
0, 0, 
0, 0, 
0, 0, 
0, 0, 
0, 0, 
0, 0, 
0, 0, 
0, 0, 
0, 0, 
0, 0, 
0, 0, 
0, 0, 
0, 0, 
0, 0, 
0, 0, 
0, 0, 
0, 0, 
0, 0, 
0, 0, 
0, 0, 
0, 0, 
0, 0, 
0, 0, 
0, 0, 
0, 0, 
0, 0, 
0, 0, 
0, 0, 
0, 0, 
0, 0, 
0, 0, 
0, 0, 
0, 0, 
0, 0, 
0, 0, 
0, 0, 
0, 0, 
0, 0, 
0, 0, 
0, 0, 
0, 0, 
0, 0, 
0, 0, 
0, 0, 
0, 0, 
0, 0, 
0, 0, 
0, 0, 
0, 0, 
0, 0, 
0, 0, 
0, 0, 
0, 0, 
0, 0, 
0, 0, 
0, 0, 
0, 0, 
0, 0, 
0, 0, 
0, 0, 
0, 0, 
0, 0, 
0, 0, 
0, 0, 
0, 0, 
0, 0, 
0, 0, 
0, 0, 
0, 0, 
0, 0, 
0, 0, 
0, 0, 
0, 0, 
0, 0, 
0, 0, 
0, 0, 
0, 0, 
0, 0, 
0, 0, 
0, 0, 
0, 0, 
0, 0, 
0, 0, 
0, 0, 
0, 0, 
0, 0, 
0, 0, 
0, 0, 
0, 0, 
0, 0, 
0, 0, 
0, 0, 
0, 0, 
0, 0, 
0, 0, 
0, 0, 
0, 0, 
0, 0, 
0, 0, 
0, 0, 
0, 0, 
0, 0, 
0, 0, 
0, 0, 
0, 0, 
0, 0, 
0, 0, 
0, 0, 
0, 0, 
0, 0, 
0, 0, 
0, 0, 
0, 0, 
0, 0, 
0, 0, 
0, 0, 
0, 0, 
0, 0, 
0, 0, 
0, 0, 
0, 0, 
0, 0, 
0, 0, 
0, 0, 
0, 0, 
0, 0, 
0, 0, 
0, 0, 
0, 0, 
0, 0, 
0, 0, 
0, 0, 
0, 0, 
0, 0, 
0, 0, 
0, 0, 
0, 0, 
0, 0, 
0, 0, 
0, 0, 
0, 0, 
0, 0, 
0, 0, 
0, 0, 
0, 0, 
0, 0, 
0, 0, 
0, 0, 
0, 0, 
0, 0, 
0, 0, 
0, 0, 
0, 0, 
0, 0, 
0, 0, 
0, 0, 
0, 0, 
0, 0, 
0, 0, 
0, 0, 
0, 0, 
0, 0, 
0, 0, 
0, 0, 
0, 0, 
0, 0, 
0, 0, 
0, 0, 
0, 0, 
0, 0, 
0, 0, 
0, 0, 
0, 0, 
0, 0, 
0, 0, 
0, 0, 
0, 0, 
0, 0, 
0, 0, 
0, 0, 
0, 0, 
0, 0, 
0, 0, 
0, 0, 
0, 0, 
0, 0, 
0, 0, 
0, 0, 
0, 0, 
0, 0, 
0, 0, 
0, 0, 
0, 0, 
0, 0, 
0, 0, 
0, 0, 
0, 0, 
0, 0, 
0, 0, 
0, 0, 
0, 0, 
0, 0, 
0, 0, 
0, 0, 
0, 0, 
0, 0, 
0, 0, 
0, 0, 
0, 0, 
0, 0, 
0, 0, 
0, 0, 
0, 0, 
0, 0, 
0, 0, 
0, 0, 
0, 0, 
0, 0, 
0, 0, 
0, 0, 
0, 0, 
0, 0, 
0, 0, 
0, 0, 
0, 0, 
0, 0, 
0, 0, 
0, 0, 
0, 0, 
0, 0, 
0, 0, 
0, 0, 
0, 0, 
0, 0, 
0, 0, 
0, 0, 
0, 0, 
0, 0, 
0, 0, 
0, 0, 
0, 0, 
0, 0, 
0, 0, 
0, 0, 
0, 0, 
0, 0, 
0, 0, 
0, 0, 
0, 0, 
0, 0, 
0, 0, 
0, 0, 
0, 0, 
0, 0, 
0, 0, 
0, 0, 
0, 0, 
0, 0, 
0, 0, 
0, 0, 
0, 0, 
0, 0, 
0, 0, 
0, 0, 
0, 0, 
0, 0, 
0, 0, 
0, 0, 
0, 0, 
0, 0, 
0, 0, 
0, 0, 
0, 0, 
0, 0, 
0, 0, 
0, 0, 
0, 0, 
0, 0, 
0, 0, 
0, 0, 
0, 0, 
0, 0, 
0, 0, 
0, 0, 
0, 0, 
0, 0, 
0, 0, 
0, 0, 
0, 0, 
0, 0, 
0, 0, 
0, 0, 
0, 0, 
0, 0, 
0, 0, 
0, 0, 
0, 0, 
0, 0, 
0, 0, 
0, 0, 
0, 0, 
0, 0, 
0, 0, 
0, 0, 
0, 0, 
0, 0, 
0, 0, 
0, 0, 
0, 0, 
0, 0, 
0, 0, 
0, 0, 
0, 0, 
0, 0, 
0, 0, 
0, 0, 
0, 0, 
0, 0, 
0, 0, 
0, 0, 
0, 0, 
0, 0, 
0, 0, 
0, 0, 
0, 0, 
0, 0, 
0, 0, 
0, 0, 
0, 0, 
0, 0, 
0, 0, 
0, 0, 
0, 0, 
0, 0, 
0, 0, 
0, 0, 
0, 0, 
0, 0, 
0, 0, 
0, 0, 
0, 0, 
0, 0, 
0, 0, 
0, 0, 
0, 0, 
0, 0, 
0, 0, 
0, 0, 
0, 0, 
0, 0, 
0, 0, 
0, 0, 
0, 0, 
0, 0, 
0, 0, 
0, 0, 
0, 0, 
0, 0, 
0, 0, 
0, 0, 
0, 0, 
0, 0, 
0, 0, 
0, 0, 
0, 0, 
0, 0, 
0, 0, 
0, 0, 
0, 0, 
0, 0, 
0, 0, 
0, 0, 
0, 0, 
0, 0, 
0, 0, 
0, 0, 
0, 0, 
0, 0, 
0, 0, 
0, 0, 
0, 0, 
0, 0, 
0, 0, 
0, 0, 
0, 0, 
0, 0, 
0, 0, 
0, 0, 
0, 0, 
0, 0, 
0, 0, 
0, 0, 
0, 0, 
0, 0, 
0, 0, 
0, 0, 
0, 0, 
0, 0, 
0, 0, 
0, 0, 
0, 0, 
0, 0, 
0, 0, 
0, 0, 
0, 0, 
0, 0, 
0, 0, 
0, 0, 
0, 0, 
0, 0, 
0, 0, 
0, 0, 
0, 0, 
0, 0, 
0, 0, 
0, 0, 
0, 0, 
0, 0, 
0, 0, 
0, 0, 
0, 0, 
0, 0, 
0, 0, 
0, 0, 
0, 0, 
0, 0, 
0, 0, 
0, 0, 
0, 0, 
0, 0, 
0, 0, 
0, 0, 
0, 0, 
0, 0, 
0, 0, 
0, 0, 
0, 0, 
0, 0, 
0, 0, 
0, 0, 
0, 0, 
0, 0, 
0, 0, 
0, 0, 
0, 0, 
0, 0, 
0, 0, 
0, 0, 
0, 0, 
0, 0, 
0, 0, 
0, 0, 
0, 0, 
0, 0, 
0, 0, 
0, 0, 
0, 0, 
0, 0, 
0, 0, 
0, 0, 
0, 0, 
0, 0, 
0, 0, 
0, 0, 
0, 0, 
0, 0, 
0, 0, 
0, 0, 
0, 0, 
0, 0, 
0, 0, 
0, 0, 
0, 0, 
0, 0, 
0, 0, 
0, 0, 
0, 0, 
0, 0, 
0, 0, 
0, 0, 
0, 0, 
0, 0, 
0, 0, 
0, 0, 
0, 0, 
0, 0, 
0, 0, 
0, 0, 
0, 0, 
0, 0, 
0, 0, 
0, 0, 
0, 0, 
0, 0, 
0, 0, 
0, 0, 
0, 0, 
0, 0, 
0, 0, 
0, 0, 
0, 0, 
0, 0, 
0, 0, 
0, 0, 
0, 0, 
0, 0, 
0, 0, 
0, 0, 
0, 0, 
0, 0, 
0, 0, 
0, 0, 
0, 0, 
0, 0, 
0, 0, 
0, 0, 
0, 0, 
0, 0, 
0, 0, 
0, 0, 
0, 0, 
0, 0, 
0, 0, 
0, 0, 
0, 0, 
0, 0, 
0, 0, 
0, 0, 
0, 0, 
0, 0, 
0, 0, 
0, 0, 
0, 0, 
0, 0, 
0, 0, 
0, 0, 
0, 0, 
0, 0, 
0, 0, 
0, 0, 
0, 0, 
0, 0, 
0, 0, 
0, 0, 
0, 0, 
0, 0, 
0, 0, 
0, 0, 
0, 0, 
0, 0, 
0, 0, 
0, 0, 
0, 0, 
0, 0, 
0, 0, 
0, 0, 
0, 0, 
0, 0, 
0, 0, 
0, 0, 
0, 0, 
0, 0, 
0, 0, 
0, 0, 
0, 0, 
0, 0, 
0, 0, 
0, 0, 
0, 0, 
0, 0, 
0, 0, 
0, 0, 
0, 0, 
0, 0, 
0, 0, 
0, 0, 
0, 0, 
0, 0, 
0, 0, 
0, 0, 
0, 0, 
0, 0, 
0, 0, 
0, 0, 
0, 0, 
0, 0, 
0, 0, 
0, 0, 
0, 0, 
0, 0, 
0, 0, 
0, 0, 
0, 0, 
0, 0, 
0, 0, 
0, 0, 
0, 0, 
0, 0, 
0, 0, 
0, 0, 
0, 0, 
0, 0, 
0, 0, 
0, 0, 
0, 0, 
0, 0, 
0, 0, 
0, 0, 
0, 0, 
0, 0, 
0, 0, 
0, 0, 
0, 0, 
0, 0, 
0, 0, 
0, 0, 
0, 0, 
0, 0, 
0, 0, 
0, 0, 
0, 0, 
0, 0, 
0, 0, 
0, 0, 
0, 0, 
0, 0, 
0, 0, 
0, 0, 
0, 0, 
0, 0, 
0, 0, 
0, 0, 
0, 0, 
0, 0, 
0, 0, 
0, 0, 
0, 0, 
0, 0, 
0, 0, 
0, 0, 
0, 0, 
0, 0, 
0, 0, 
0, 0, 
0, 0, 
0, 0, 
0, 0, 
0, 0, 
0, 0, 
0, 0, 
0, 0, 
0, 0, 
0, 0, 
0, 0, 
0, 0, 
0, 0, 
0, 0, 
0, 0, 
0, 0, 
0, 0, 
0, 0, 
0, 0, 
0, 0, 
0, 0, 
0, 0, 
0, 0, 
0, 0, 
0, 0, 
0, 0, 
0, 0, 
0, 0, 
0, 0, 
0, 0, 
0, 0, 
0, 0, 
0, 0, 
0, 0, 
0, 0, 
0, 0, 
0, 0, 
0, 0, 
0, 0, 
0, 0, 
0, 0, 
0, 0, 
0, 0, 
0, 0, 
0, 0, 
0, 0, 
0, 0, 
0, 0, 
0, 0, 
0, 0, 
0, 0, 
0, 0, 
0, 0, 
0, 0, 
0, 0, 
0, 0, 
0, 0, 
0, 0, 
0, 0, 
0, 0, 
0, 0, 
0, 0, 
0, 0, 
0, 0, 
0, 0, 
0, 0, 
0, 0, 
0, 0, 
0, 0, 
0, 0, 
0, 0, 
0, 0, 
0, 0, 
0, 0, 
0, 0, 
0, 0, 
0, 0, 
0, 0, 
0, 0, 
0, 0, 
0, 0, 
0, 0, 
0, 0, 
0, 0, 
0, 0, 
0, 0, 
0, 0, 
0, 0, 
0, 0, 
0, 0, 
0, 0, 
0, 0, 
0, 0, 
0, 0, 
0, 0, 
0, 0, 
0, 0, 
0, 0, 
0, 0, 
0, 0, 
0, 0, 
0, 0, 
0, 0, 
0, 0, 
0, 0, 
0, 0, 
0, 0, 
0, 0, 
0, 0, 
0, 0, 
0, 0, 
0, 0, 
0, 0, 
0, 0, 
0, 0, 
0, 0, 
0, 0, 
0, 0, 
0, 0, 
0, 0, 
0, 0, 
0, 0, 
0, 0, 
0, 0, 
0, 0, 
0, 0, 
0, 0, 
0, 0, 
0, 0, 
0, 0, 
0, 0, 
0, 0, 
0, 0, 
0, 0, 
0, 0, 
0, 0, 
0, 0, 
0, 0, 
0, 0, 
]);
