var spv = new Float32Array([
0, 0.1, -1.1, 
0.19509, -0.1, -1.07886, 
0, -0.1, -1.1, 
0.19509, 0.1, -1.07886, 
0.382683, -0.1, -1.01627, 
0.19509, -0.1, -1.07886, 
0.382683, 0.1, -1.01627, 
0.55557, -0.1, -0.914617, 
0.382683, -0.1, -1.01627, 
0.55557, 0.1, -0.914617, 
0.707107, -0.1, -0.777817, 
0.55557, -0.1, -0.914617, 
0.707107, 0.1, -0.777817, 
0.83147, -0.1, -0.611127, 
0.707107, -0.1, -0.777817, 
0.83147, 0.1, -0.611127, 
0.92388, -0.1, -0.420952, 
0.83147, -0.1, -0.611127, 
0.92388, 0.1, -0.420952, 
0.980785, -0.1, -0.214599, 
0.92388, -0.1, -0.420952, 
0.980785, 0.1, -0.214599, 
1, -0.1, 0, 
0.980785, -0.1, -0.214599, 
1, 0.1, 0, 
0.980785, -0.1, 0.214599, 
1, -0.1, 0, 
0.980785, 0.1, 0.214599, 
0.92388, -0.1, 0.420952, 
0.980785, -0.1, 0.214599, 
0.92388, 0.1, 0.420952, 
0.960981, -0.1, 0.720847, 
0.92388, -0.1, 0.420952, 
0.960981, 0.1, 0.720847, 
1.10776, -0.1, 1.10807, 
0.960981, -0.1, 0.720847, 
1.10776, 0.1, 1.10807, 
0.685082, -0.1, 1.02434, 
1.10776, -0.1, 1.10807, 
0.685082, 0.1, 1.02434, 
0.382683, -0.1, 1.01627, 
0.685082, -0.1, 1.02434, 
0.382683, 0.1, 1.01627, 
0.19509, -0.1, 1.07886, 
0.382683, -0.1, 1.01627, 
0.19509, 0.1, 1.07886, 
0, -0.1, 1.1, 
0.19509, -0.1, 1.07886, 
0, 0.1, 1.1, 
-0.19509, -0.1, 1.07886, 
0, -0.1, 1.1, 
-0.19509, 0.1, 1.07886, 
-0.382683, -0.1, 1.01627, 
-0.19509, -0.1, 1.07886, 
-0.382683, 0.1, 1.01627, 
-0.55557, -0.1, 0.914617, 
-0.382683, -0.1, 1.01627, 
-0.55557, 0.1, 0.914617, 
-0.707107, -0.1, 0.777817, 
-0.55557, -0.1, 0.914617, 
-0.707107, 0.1, 0.777817, 
-0.83147, -0.1, 0.611127, 
-0.707107, -0.1, 0.777817, 
-0.83147, 0.1, 0.611127, 
-0.92388, -0.1, 0.420952, 
-0.83147, -0.1, 0.611127, 
-0.92388, 0.1, 0.420952, 
-0.980785, -0.1, 0.214599, 
-0.92388, -0.1, 0.420952, 
-0.980785, 0.1, 0.214599, 
-1, -0.1, 0, 
-0.980785, -0.1, 0.214599, 
-1, 0.1, 0, 
-0.980785, -0.1, -0.214599, 
-1, -0.1, 0, 
-0.980785, 0.1, -0.214599, 
-0.92388, -0.1, -0.420952, 
-0.980785, -0.1, -0.214599, 
-0.92388, 0.1, -0.420952, 
-0.83147, -0.1, -0.611127, 
-0.92388, -0.1, -0.420952, 
-0.83147, 0.1, -0.611127, 
-0.707107, -0.1, -0.777817, 
-0.83147, -0.1, -0.611127, 
-0.707107, 0.1, -0.777817, 
-0.55557, -0.1, -0.914617, 
-0.707107, -0.1, -0.777817, 
-0.55557, 0.1, -0.914617, 
-0.382683, -0.1, -1.01627, 
-0.55557, -0.1, -0.914617, 
-0.707107, 0.1, 0.777817, 
0.980785, 0.1, -0.214599, 
0.55557, 0.1, -0.914617, 
-0.382683, 0.1, -1.01627, 
-0.19509, -0.1, -1.07886, 
-0.382683, -0.1, -1.01627, 
-0.19509, 0.1, -1.07886, 
0, -0.1, -1.1, 
-0.19509, -0.1, -1.07886, 
0.382683, -0.1, 1.01627, 
-0.19509, -0.1, 1.07886, 
-0.980785, -0.1, -0.214599, 
0, 0.1, -1.1, 
0.19509, 0.1, -1.07886, 
0.19509, -0.1, -1.07886, 
0.19509, 0.1, -1.07886, 
0.382683, 0.1, -1.01627, 
0.382683, -0.1, -1.01627, 
0.382683, 0.1, -1.01627, 
0.55557, 0.1, -0.914617, 
0.55557, -0.1, -0.914617, 
0.55557, 0.1, -0.914617, 
0.707107, 0.1, -0.777817, 
0.707107, -0.1, -0.777817, 
0.707107, 0.1, -0.777817, 
0.83147, 0.1, -0.611127, 
0.83147, -0.1, -0.611127, 
0.83147, 0.1, -0.611127, 
0.92388, 0.1, -0.420952, 
0.92388, -0.1, -0.420952, 
0.92388, 0.1, -0.420952, 
0.980785, 0.1, -0.214599, 
0.980785, -0.1, -0.214599, 
0.980785, 0.1, -0.214599, 
1, 0.1, 0, 
1, -0.1, 0, 
1, 0.1, 0, 
0.980785, 0.1, 0.214599, 
0.980785, -0.1, 0.214599, 
0.980785, 0.1, 0.214599, 
0.92388, 0.1, 0.420952, 
0.92388, -0.1, 0.420952, 
0.92388, 0.1, 0.420952, 
0.960981, 0.1, 0.720847, 
0.960981, -0.1, 0.720847, 
0.960981, 0.1, 0.720847, 
1.10776, 0.1, 1.10807, 
1.10776, -0.1, 1.10807, 
1.10776, 0.1, 1.10807, 
0.685082, 0.1, 1.02434, 
0.685082, -0.1, 1.02434, 
0.685082, 0.1, 1.02434, 
0.382683, 0.1, 1.01627, 
0.382683, -0.1, 1.01627, 
0.382683, 0.1, 1.01627, 
0.19509, 0.1, 1.07886, 
0.19509, -0.1, 1.07886, 
0.19509, 0.1, 1.07886, 
0, 0.1, 1.1, 
0, -0.1, 1.1, 
0, 0.1, 1.1, 
-0.19509, 0.1, 1.07886, 
-0.19509, -0.1, 1.07886, 
-0.19509, 0.1, 1.07886, 
-0.382683, 0.1, 1.01627, 
-0.382683, -0.1, 1.01627, 
-0.382683, 0.1, 1.01627, 
-0.55557, 0.1, 0.914617, 
-0.55557, -0.1, 0.914617, 
-0.55557, 0.1, 0.914617, 
-0.707107, 0.1, 0.777817, 
-0.707107, -0.1, 0.777817, 
-0.707107, 0.1, 0.777817, 
-0.83147, 0.1, 0.611127, 
-0.83147, -0.1, 0.611127, 
-0.83147, 0.1, 0.611127, 
-0.92388, 0.1, 0.420952, 
-0.92388, -0.1, 0.420952, 
-0.92388, 0.1, 0.420952, 
-0.980785, 0.1, 0.214599, 
-0.980785, -0.1, 0.214599, 
-0.980785, 0.1, 0.214599, 
-1, 0.1, 0, 
-1, -0.1, 0, 
-1, 0.1, 0, 
-0.980785, 0.1, -0.214599, 
-0.980785, -0.1, -0.214599, 
-0.980785, 0.1, -0.214599, 
-0.92388, 0.1, -0.420952, 
-0.92388, -0.1, -0.420952, 
-0.92388, 0.1, -0.420952, 
-0.83147, 0.1, -0.611127, 
-0.83147, -0.1, -0.611127, 
-0.83147, 0.1, -0.611127, 
-0.707107, 0.1, -0.777817, 
-0.707107, -0.1, -0.777817, 
-0.707107, 0.1, -0.777817, 
-0.55557, 0.1, -0.914617, 
-0.55557, -0.1, -0.914617, 
-0.55557, 0.1, -0.914617, 
-0.382683, 0.1, -1.01627, 
-0.382683, -0.1, -1.01627, 
0.382683, 0.1, -1.01627, 
0.19509, 0.1, -1.07886, 
0.55557, 0.1, -0.914617, 
0.19509, 0.1, -1.07886, 
0, 0.1, -1.1, 
0.55557, 0.1, -0.914617, 
0, 0.1, -1.1, 
-0.19509, 0.1, -1.07886, 
-0.382683, 0.1, -1.01627, 
-0.382683, 0.1, -1.01627, 
-0.55557, 0.1, -0.914617, 
-0.707107, 0.1, -0.777817, 
-0.707107, 0.1, -0.777817, 
-0.83147, 0.1, -0.611127, 
-0.92388, 0.1, -0.420952, 
-0.92388, 0.1, -0.420952, 
-0.980785, 0.1, -0.214599, 
-0.707107, 0.1, -0.777817, 
-0.980785, 0.1, -0.214599, 
-1, 0.1, 0, 
-0.707107, 0.1, -0.777817, 
-1, 0.1, 0, 
-0.980785, 0.1, 0.214599, 
-0.92388, 0.1, 0.420952, 
-0.92388, 0.1, 0.420952, 
-0.83147, 0.1, 0.611127, 
-0.707107, 0.1, 0.777817, 
-0.707107, 0.1, 0.777817, 
-0.55557, 0.1, 0.914617, 
-0.382683, 0.1, 1.01627, 
-0.382683, 0.1, 1.01627, 
-0.19509, 0.1, 1.07886, 
0.382683, 0.1, 1.01627, 
-0.19509, 0.1, 1.07886, 
0, 0.1, 1.1, 
0.382683, 0.1, 1.01627, 
0, 0.1, 1.1, 
0.19509, 0.1, 1.07886, 
0.382683, 0.1, 1.01627, 
0.685082, 0.1, 1.02434, 
1.10776, 0.1, 1.10807, 
0.960981, 0.1, 0.720847, 
0.382683, 0.1, 1.01627, 
0.685082, 0.1, 1.02434, 
0.92388, 0.1, 0.420952, 
0.685082, 0.1, 1.02434, 
0.960981, 0.1, 0.720847, 
0.92388, 0.1, 0.420952, 
0.92388, 0.1, 0.420952, 
0.980785, 0.1, 0.214599, 
0.980785, 0.1, -0.214599, 
0.980785, 0.1, 0.214599, 
1, 0.1, 0, 
0.980785, 0.1, -0.214599, 
-0.707107, 0.1, 0.777817, 
-0.382683, 0.1, 1.01627, 
0.382683, 0.1, 1.01627, 
-1, 0.1, 0, 
-0.92388, 0.1, 0.420952, 
-0.707107, 0.1, -0.777817, 
-0.92388, 0.1, 0.420952, 
-0.707107, 0.1, 0.777817, 
-0.707107, 0.1, -0.777817, 
0, 0.1, -1.1, 
-0.382683, 0.1, -1.01627, 
0.55557, 0.1, -0.914617, 
-0.382683, 0.1, -1.01627, 
-0.707107, 0.1, -0.777817, 
0.55557, 0.1, -0.914617, 
0.83147, 0.1, -0.611127, 
0.707107, 0.1, -0.777817, 
0.980785, 0.1, -0.214599, 
0.707107, 0.1, -0.777817, 
0.55557, 0.1, -0.914617, 
0.980785, 0.1, -0.214599, 
0.980785, 0.1, -0.214599, 
0.92388, 0.1, -0.420952, 
0.83147, 0.1, -0.611127, 
-0.707107, 0.1, 0.777817, 
0.382683, 0.1, 1.01627, 
0.980785, 0.1, -0.214599, 
0.382683, 0.1, 1.01627, 
0.92388, 0.1, 0.420952, 
0.980785, 0.1, -0.214599, 
0.55557, 0.1, -0.914617, 
-0.707107, 0.1, -0.777817, 
-0.707107, 0.1, 0.777817, 
-0.382683, 0.1, -1.01627, 
-0.19509, 0.1, -1.07886, 
-0.19509, -0.1, -1.07886, 
-0.19509, 0.1, -1.07886, 
0, 0.1, -1.1, 
0, -0.1, -1.1, 
-0.19509, -0.1, -1.07886, 
0, -0.1, -1.1, 
0.19509, -0.1, -1.07886, 
0.19509, -0.1, -1.07886, 
0.382683, -0.1, -1.01627, 
-0.19509, -0.1, -1.07886, 
0.382683, -0.1, -1.01627, 
0.55557, -0.1, -0.914617, 
-0.19509, -0.1, -1.07886, 
0.55557, -0.1, -0.914617, 
0.707107, -0.1, -0.777817, 
0.83147, -0.1, -0.611127, 
0.83147, -0.1, -0.611127, 
0.92388, -0.1, -0.420952, 
0.980785, -0.1, -0.214599, 
0.980785, -0.1, -0.214599, 
1, -0.1, 0, 
0.980785, -0.1, 0.214599, 
0.980785, -0.1, -0.214599, 
0.980785, -0.1, 0.214599, 
0.92388, -0.1, 0.420952, 
0.55557, -0.1, -0.914617, 
0.83147, -0.1, -0.611127, 
0.980785, -0.1, -0.214599, 
-0.55557, -0.1, -0.914617, 
-0.382683, -0.1, -1.01627, 
-0.19509, -0.1, -1.07886, 
-0.83147, -0.1, -0.611127, 
-0.707107, -0.1, -0.777817, 
-0.980785, -0.1, -0.214599, 
-0.707107, -0.1, -0.777817, 
-0.55557, -0.1, -0.914617, 
-0.980785, -0.1, -0.214599, 
-0.980785, -0.1, -0.214599, 
-0.92388, -0.1, -0.420952, 
-0.83147, -0.1, -0.611127, 
-0.980785, -0.1, 0.214599, 
-1, -0.1, 0, 
-0.980785, -0.1, -0.214599, 
-0.83147, -0.1, 0.611127, 
-0.92388, -0.1, 0.420952, 
-0.980785, -0.1, 0.214599, 
-0.55557, -0.1, 0.914617, 
-0.707107, -0.1, 0.777817, 
-0.19509, -0.1, 1.07886, 
-0.707107, -0.1, 0.777817, 
-0.83147, -0.1, 0.611127, 
-0.19509, -0.1, 1.07886, 
-0.19509, -0.1, 1.07886, 
-0.382683, -0.1, 1.01627, 
-0.55557, -0.1, 0.914617, 
0.19509, -0.1, 1.07886, 
0, -0.1, 1.1, 
-0.19509, -0.1, 1.07886, 
0.382683, -0.1, 1.01627, 
0.19509, -0.1, 1.07886, 
-0.19509, -0.1, 1.07886, 
-0.83147, -0.1, 0.611127, 
-0.980785, -0.1, 0.214599, 
-0.980785, -0.1, -0.214599, 
-0.55557, -0.1, -0.914617, 
-0.19509, -0.1, -1.07886, 
0.55557, -0.1, -0.914617, 
0.55557, -0.1, -0.914617, 
0.980785, -0.1, -0.214599, 
0.92388, -0.1, 0.420952, 
0.960981, -0.1, 0.720847, 
1.10776, -0.1, 1.10807, 
0.685082, -0.1, 1.02434, 
0.55557, -0.1, -0.914617, 
0.92388, -0.1, 0.420952, 
-0.980785, -0.1, -0.214599, 
0.92388, -0.1, 0.420952, 
0.960981, -0.1, 0.720847, 
0.685082, -0.1, 1.02434, 
-0.980785, -0.1, -0.214599, 
0.92388, -0.1, 0.420952, 
0.382683, -0.1, 1.01627, 
-0.980785, -0.1, -0.214599, 
-0.55557, -0.1, -0.914617, 
0.55557, -0.1, -0.914617, 
-0.19509, -0.1, 1.07886, 
-0.83147, -0.1, 0.611127, 
-0.980785, -0.1, -0.214599, 
0.685082, -0.1, 1.02434, 
0.382683, -0.1, 1.01627, 
0.92388, -0.1, 0.420952, 
0, 0, 0, 
0, 0, 0, 
0, 0, 0, 
0, 0, 0, 
0, 0, 0, 
0, 0, 0, 
0, 0, 0, 
0, 0, 0, 
0, 0, 0, 
0, 0, 0, 
0, 0, 0, 
0, 0, 0, 
0, 0, 0, 
0, 0, 0, 
0, 0, 0, 
0, 0, 0, 
0, 0, 0, 
0, 0, 0, 
0, 0, 0, 
0, 0, 0, 
0, 0, 0, 
0, 0, 0, 
0, 0, 0, 
0, 0, 0, 
0, 0, 0, 
0, 0, 0, 
0, 0, 0, 
0, 0, 0, 
0, 0, 0, 
0, 0, 0, 
0, 0, 0, 
0, 0, 0, 
0, 0, 0, 
0, 0, 0, 
0, 0, 0, 
0, 0, 0, 
0, 0, 0, 
0, 0, 0, 
0, 0, 0, 
0, 0, 0, 
0, 0, 0, 
0, 0, 0, 
0, 0, 0, 
0, 0, 0, 
0, 0, 0, 
0, 0, 0, 
0, 0, 0, 
0, 0, 0, 
0, 0, 0, 
0, 0, 0, 
0, 0, 0, 
0, 0, 0, 
0, 0, 0, 
0, 0, 0, 
0, 0, 0, 
0, 0, 0, 
0, 0, 0, 
0, 0, 0, 
0, 0, 0, 
0, 0, 0, 
0, 0, 0, 
0, 0, 0, 
0, 0, 0, 
0, 0, 0, 
0, 0, 0, 
0, 0, 0, 
0, 0, 0, 
0, 0, 0, 
0, 0, 0, 
0, 0, 0, 
0, 0, 0, 
0, 0, 0, 
0, 0, 0, 
0, 0, 0, 
0, 0, 0, 
0, 0, 0, 
0, 0, 0, 
0, 0, 0, 
0, 0, 0, 
0, 0, 0, 
0, 0, 0, 
0, 0, 0, 
0, 0, 0, 
0, 0, 0, 
0, 0, 0, 
0, 0, 0, 
0, 0, 0, 
0, 0, 0, 
0, 0, 0, 
0, 0, 0, 
0, 0, 0, 
0, 0, 0, 
0, 0, 0, 
0, 0, 0, 
0, 0, 0, 
0, 0, 0, 
0, 0, 0, 
0, 0, 0, 
0, 0, 0, 
0, 0, 0, 
0, 0, 0, 
0, 0, 0, 
0, 0, 0, 
0, 0, 0, 
0, 0, 0, 
0, 0, 0, 
0, 0, 0, 
0, 0, 0, 
0, 0, 0, 
0, 0, 0, 
0, 0, 0, 
0, 0, 0, 
0, 0, 0, 
0, 0, 0, 
0, 0, 0, 
0, 0, 0, 
0, 0, 0, 
0, 0, 0, 
0, 0, 0, 
0, 0, 0, 
0, 0, 0, 
0, 0, 0, 
0, 0, 0, 
0, 0, 0, 
0, 0, 0, 
0, 0, 0, 
0, 0, 0, 
0, 0, 0, 
0, 0, 0, 
0, 0, 0, 
0, 0, 0, 
0, 0, 0, 
0, 0, 0, 
0, 0, 0, 
0, 0, 0, 
0, 0, 0, 
0, 0, 0, 
0, 0, 0, 
0, 0, 0, 
0, 0, 0, 
0, 0, 0, 
0, 0, 0, 
0, 0, 0, 
0, 0, 0, 
0, 0, 0, 
0, 0, 0, 
0, 0, 0, 
0, 0, 0, 
0, 0, 0, 
0, 0, 0, 
0, 0, 0, 
0, 0, 0, 
0, 0, 0, 
0, 0, 0, 
0, 0, 0, 
0, 0, 0, 
0, 0, 0, 
0, 0, 0, 
0, 0, 0, 
0, 0, 0, 
0, 0, 0, 
0, 0, 0, 
0, 0, 0, 
0, 0, 0, 
0, 0, 0, 
0, 0, 0, 
0, 0, 0, 
0, 0, 0, 
0, 0, 0, 
0, 0, 0, 
0, 0, 0, 
0, 0, 0, 
0, 0, 0, 
0, 0, 0, 
0, 0, 0, 
0, 0, 0, 
0, 0, 0, 
0, 0, 0, 
0, 0, 0, 
0, 0, 0, 
0, 0, 0, 
0, 0, 0, 
0, 0, 0, 
0, 0, 0, 
0, 0, 0, 
0, 0, 0, 
0, 0, 0, 
0, 0, 0, 
0, 0, 0, 
0, 0, 0, 
0, 0, 0, 
0, 0, 0, 
0, 0, 0, 
0, 0, 0, 
0, 0, 0, 
0, 0, 0, 
0, 0, 0, 
0, 0, 0, 
0, 0, 0, 
0, 0, 0, 
0, 0, 0, 
0, 0, 0, 
0, 0, 0, 
0, 0, 0, 
0, 0, 0, 
0, 0, 0, 
0, 0, 0, 
0, 0, 0, 
0, 0, 0, 
0, 0, 0, 
0, 0, 0, 
0, 0, 0, 
0, 0, 0, 
0, 0, 0, 
0, 0, 0, 
0, 0, 0, 
0, 0, 0, 
0, 0, 0, 
0, 0, 0, 
0, 0, 0, 
0, 0, 0, 
0, 0, 0, 
0, 0, 0, 
0, 0, 0, 
0, 0, 0, 
0, 0, 0, 
0, 0, 0, 
0, 0, 0, 
0, 0, 0, 
0, 0, 0, 
0, 0, 0, 
0, 0, 0, 
0, 0, 0, 
0, 0, 0, 
0, 0, 0, 
0, 0, 0, 
0, 0, 0, 
0, 0, 0, 
0, 0, 0, 
0, 0, 0, 
0, 0, 0, 
0, 0, 0, 
0, 0, 0, 
0, 0, 0, 
0, 0, 0, 
0, 0, 0, 
0, 0, 0, 
0, 0, 0, 
0, 0, 0, 
0, 0, 0, 
0, 0, 0, 
0, 0, 0, 
0, 0, 0, 
0, 0, 0, 
0, 0, 0, 
0, 0, 0, 
0, 0, 0, 
0, 0, 0, 
0, 0, 0, 
0, 0, 0, 
0, 0, 0, 
0, 0, 0, 
0, 0, 0, 
0, 0, 0, 
0, 0, 0, 
0, 0, 0, 
0, 0, 0, 
0, 0, 0, 
0, 0, 0, 
0, 0, 0, 
0, 0, 0, 
0, 0, 0, 
0, 0, 0, 
0, 0, 0, 
0, 0, 0, 
0, 0, 0, 
0, 0, 0, 
0, 0, 0, 
0, 0, 0, 
0, 0, 0, 
0, 0, 0, 
0, 0, 0, 
0, 0, 0, 
0, 0, 0, 
0, 0, 0, 
0, 0, 0, 
0, 0, 0, 
0, 0, 0, 
0, 0, 0, 
0, 0, 0, 
0, 0, 0, 
0, 0, 0, 
0, 0, 0, 
0, 0, 0, 
0, 0, 0, 
0, 0, 0, 
0, 0, 0, 
0, 0, 0, 
0, 0, 0, 
0, 0, 0, 
0, 0, 0, 
0, 0, 0, 
0, 0, 0, 
0, 0, 0, 
0, 0, 0, 
0, 0, 0, 
0, 0, 0, 
0, 0, 0, 
0, 0, 0, 
0, 0, 0, 
0, 0, 0, 
0, 0, 0, 
0, 0, 0, 
0, 0, 0, 
0, 0, 0, 
0, 0, 0, 
0, 0, 0, 
0, 0, 0, 
0, 0, 0, 
0, 0, 0, 
0, 0, 0, 
0, 0, 0, 
0, 0, 0, 
0, 0, 0, 
0, 0, 0, 
0, 0, 0, 
0, 0, 0, 
0, 0, 0, 
0, 0, 0, 
0, 0, 0, 
0, 0, 0, 
0, 0, 0, 
0, 0, 0, 
0, 0, 0, 
0, 0, 0, 
0, 0, 0, 
0, 0, 0, 
0, 0, 0, 
0, 0, 0, 
0, 0, 0, 
0, 0, 0, 
0, 0, 0, 
0, 0, 0, 
0, 0, 0, 
0, 0, 0, 
0, 0, 0, 
0, 0, 0, 
0, 0, 0, 
0, 0, 0, 
0, 0, 0, 
0, 0, 0, 
0, 0, 0, 
0, 0, 0, 
0, 0, 0, 
0, 0, 0, 
0, 0, 0, 
0, 0, 0, 
0, 0, 0, 
0, 0, 0, 
0, 0, 0, 
0, 0, 0, 
0, 0, 0, 
0, 0, 0, 
0, 0, 0, 
0, 0, 0, 
0, 0, 0, 
0, 0, 0, 
0, 0, 0, 
0, 0, 0, 
0, 0, 0, 
0, 0, 0, 
0, 0, 0, 
0, 0, 0, 
0, 0, 0, 
0, 0, 0, 
0, 0, 0, 
0, 0, 0, 
0, 0, 0, 
0, 0, 0, 
0, 0, 0, 
0, 0, 0, 
0, 0, 0, 
0, 0, 0, 
0, 0, 0, 
0, 0, 0, 
0, 0, 0, 
0, 0, 0, 
0, 0, 0, 
0, 0, 0, 
0, 0, 0, 
0, 0, 0, 
0, 0, 0, 
0, 0, 0, 
0, 0, 0, 
0, 0, 0, 
0, 0, 0, 
0, 0, 0, 
0, 0, 0, 
0, 0, 0, 
0, 0, 0, 
0, 0, 0, 
0, 0, 0, 
0, 0, 0, 
0, 0, 0, 
0, 0, 0, 
0, 0, 0, 
0, 0, 0, 
0, 0, 0, 
0, 0, 0, 
0, 0, 0, 
0, 0, 0, 
0, 0, 0, 
0, 0, 0, 
0, 0, 0, 
0, 0, 0, 
0, 0, 0, 
0, 0, 0, 
0, 0, 0, 
0, 0, 0, 
0, 0, 0, 
0, 0, 0, 
0, 0, 0, 
0, 0, 0, 
0, 0, 0, 
0, 0, 0, 
0, 0, 0, 
0, 0, 0, 
0, 0, 0, 
0, 0, 0, 
0, 0, 0, 
0, 0, 0, 
0, 0, 0, 
0, 0, 0, 
0, 0, 0, 
0, 0, 0, 
0, 0, 0, 
0, 0, 0, 
0, 0, 0, 
0, 0, 0, 
0, 0, 0, 
0, 0, 0, 
0, 0, 0, 
0, 0, 0, 
0, 0, 0, 
0, 0, 0, 
0, 0, 0, 
0, 0, 0, 
0, 0, 0, 
0, 0, 0, 
0, 0, 0, 
0, 0, 0, 
0, 0, 0, 
0, 0, 0, 
0, 0, 0, 
0, 0, 0, 
0, 0, 0, 
0, 0, 0, 
0, 0, 0, 
0, 0, 0, 
0, 0, 0, 
0, 0, 0, 
0, 0, 0, 
0, 0, 0, 
0, 0, 0, 
0, 0, 0, 
0, 0, 0, 
0, 0, 0, 
0, 0, 0, 
0, 0, 0, 
0, 0, 0, 
0, 0, 0, 
0, 0, 0, 
0, 0, 0, 
0, 0, 0, 
0, 0, 0, 
0, 0, 0, 
0, 0, 0, 
0, 0, 0, 
0, 0, 0, 
0, 0, 0, 
0, 0, 0, 
0, 0, 0, 
0, 0, 0, 
0, 0, 0, 
0, 0, 0, 
0, 0, 0, 
0, 0, 0, 
0, 0, 0, 
0, 0, 0, 
0, 0, 0, 
0, 0, 0, 
0, 0, 0, 
0, 0, 0, 
0, 0, 0, 
0, 0, 0, 
0, 0, 0, 
0, 0, 0, 
0, 0, 0, 
0, 0, 0, 
0, 0, 0, 
0, 0, 0, 
0, 0, 0, 
0, 0, 0, 
0, 0, 0, 
0, 0, 0, 
0, 0, 0, 
0, 0, 0, 
0, 0, 0, 
0, 0, 0, 
0, 0, 0, 
0, 0, 0, 
0, 0, 0, 
0, 0, 0, 
0, 0, 0, 
0, 0, 0, 
0, 0, 0, 
0, 0, 0, 
0, 0, 0, 
0, 0, 0, 
0, 0, 0, 
0, 0, 0, 
0, 0, 0, 
0, 0, 0, 
0, 0, 0, 
0, 0, 0, 
0, 0, 0, 
0, 0, 0, 
0, 0, 0, 
0, 0, 0, 
0, 0, 0, 
0, 0, 0, 
0, 0, 0, 
0, 0, 0, 
0, 0, 0, 
0, 0, 0, 
0, 0, 0, 
0, 0, 0, 
0, 0, 0, 
0, 0, 0, 
0, 0, 0, 
0, 0, 0, 
0, 0, 0, 
0, 0, 0, 
0, 0, 0, 
0, 0, 0, 
0, 0, 0, 
0, 0, 0, 
0, 0, 0, 
0, 0, 0, 
0, 0, 0, 
0, 0, 0, 
0, 0, 0, 
0, 0, 0, 
0, 0, 0, 
0, 0, 0, 
0, 0, 0, 
0, 0, 0, 
0, 0, 0, 
0, 0, 0, 
0, 0, 0, 
0, 0, 0, 
0, 0, 0, 
0, 0, 0, 
0, 0, 0, 
0, 0, 0, 
0, 0, 0, 
0, 0, 0, 
0, 0, 0, 
0, 0, 0, 
0, 0, 0, 
0, 0, 0, 
0, 0, 0, 
0, 0, 0, 
0, 0, 0, 
0, 0, 0, 
0, 0, 0, 
0, 0, 0, 
0, 0, 0, 
0, 0, 0, 
0, 0, 0, 
0, 0, 0, 
0, 0, 0, 
0, 0, 0, 
0, 0, 0, 
0, 0, 0, 
0, 0, 0, 
0, 0, 0, 
0, 0, 0, 
0, 0, 0, 
0, 0, 0, 
0, 0, 0, 
0, 0, 0, 
0, 0, 0, 
0, 0, 0, 
0, 0, 0, 
0, 0, 0, 
0, 0, 0, 
0, 0, 0, 
0, 0, 0, 
0, 0, 0, 
0, 0, 0, 
0, 0, 0, 
0, 0, 0, 
0, 0, 0, 
0, 0, 0, 
0, 0, 0, 
0, 0, 0, 
0, 0, 0, 
0, 0, 0, 
0, 0, 0, 
0, 0, 0, 
0, 0, 0, 
0, 0, 0, 
0, 0, 0, 
0, 0, 0, 
0, 0, 0, 
0, 0, 0, 
0, 0, 0, 
0, 0, 0, 
0, 0, 0, 
0, 0, 0, 
0, 0, 0, 
0, 0, 0, 
0, 0, 0, 
0, 0, 0, 
0, 0, 0, 
0, 0, 0, 
0, 0, 0, 
0, 0, 0, 
0, 0, 0, 
0, 0, 0, 
0, 0, 0, 
0, 0, 0, 
0, 0, 0, 
0, 0, 0, 
0, 0, 0, 
0, 0, 0, 
0, 0, 0, 
0, 0, 0, 
0, 0, 0, 
0, 0, 0, 
0, 0, 0, 
0, 0, 0, 
0, 0, 0, 
0, 0, 0, 
0, 0, 0, 
0, 0, 0, 
0, 0, 0, 
0, 0, 0, 
0, 0, 0, 
0, 0, 0, 
0, 0, 0, 
0, 0, 0, 
0, 0, 0, 
0, 0, 0, 
0, 0, 0, 
0, 0, 0, 
0, 0, 0, 
0, 0, 0, 
0, 0, 0, 
0, 0, 0, 
0, 0, 0, 
0, 0, 0, 
0, 0, 0, 
0, 0, 0, 
0, 0, 0, 
0, 0, 0, 
0, 0, 0, 
0, 0, 0, 
0, 0, 0, 
0, 0, 0, 
0, 0, 0, 
0, 0, 0, 
0, 0, 0, 
0, 0, 0, 
0, 0, 0, 
0, 0, 0, 
0, 0, 0, 
0, 0, 0, 
0, 0, 0, 
0, 0, 0, 
0, 0, 0, 
0, 0, 0, 
0, 0, 0, 
0, 0, 0, 
0, 0, 0, 
0, 0, 0, 
0, 0, 0, 
0, 0, 0, 
0, 0, 0, 
0, 0, 0, 
0, 0, 0, 
0, 0, 0, 
0, 0, 0, 
0, 0, 0, 
0, 0, 0, 
0, 0, 0, 
0, 0, 0, 
0, 0, 0, 
0, 0, 0, 
0, 0, 0, 
0, 0, 0, 
0, 0, 0, 
0, 0, 0, 
0, 0, 0, 
0, 0, 0, 
0, 0, 0, 
0, 0, 0, 
0, 0, 0, 
0, 0, 0, 
0, 0, 0, 
0, 0, 0, 
0, 0, 0, 
0, 0, 0, 
0, 0, 0, 
0, 0, 0, 
0, 0, 0, 
0, 0, 0, 
0, 0, 0, 
0, 0, 0, 
0, 0, 0, 
0, 0, 0, 
0, 0, 0, 
0, 0, 0, 
0, 0, 0, 
0, 0, 0, 
0, 0, 0, 
0, 0, 0, 
0, 0, 0, 
0, 0, 0, 
0, 0, 0, 
0, 0, 0, 
0, 0, 0, 
0, 0, 0, 
0, 0, 0, 
0, 0, 0, 
0, 0, 0, 
0, 0, 0, 
0, 0, 0, 
0, 0, 0, 
0, 0, 0, 
0, 0, 0, 
0, 0, 0, 
0, 0, 0, 
]);
var spn = new Float32Array([
0.1077, 0, -0.9942, 
0.1077, 0, -0.9942, 
0.1077, 0, -0.9942, 
0.3165, 0, -0.9486, 
0.3165, 0, -0.9486, 
0.3165, 0, -0.9486, 
0.5068, 0, -0.862, 
0.5068, 0, -0.862, 
0.5068, 0, -0.862, 
0.6701, 0, -0.7423, 
0.6701, 0, -0.7423, 
0.6701, 0, -0.7423, 
0.8015, 0, -0.598, 
0.8015, 0, -0.598, 
0.8015, 0, -0.598, 
0.8994, 0, -0.4371, 
0.8994, 0, -0.4371, 
0.8994, 0, -0.4371, 
0.964, 0, -0.2658, 
0.964, 0, -0.2658, 
0.964, 0, -0.2658, 
0.996, 0, -0.0892, 
0.996, 0, -0.0892, 
0.996, 0, -0.0892, 
0.996, 0, 0.0892, 
0.996, 0, 0.0892, 
0.996, 0, 0.0892, 
0.964, 0, 0.2658, 
0.964, 0, 0.2658, 
0.964, 0, 0.2658, 
0.9924, 0, -0.1228, 
0.9924, 0, -0.1228, 
0.9924, 0, -0.1228, 
0.9351, 0, -0.3544, 
0.9351, 0, -0.3544, 
0.9351, 0, -0.3544, 
-0.1943, 0, 0.9809, 
-0.1943, 0, 0.9809, 
-0.1943, 0, 0.9809, 
-0.0267, 0, 0.9996, 
-0.0267, 0, 0.9996, 
-0.0267, 0, 0.9996, 
0.3165, 0, 0.9486, 
0.3165, 0, 0.9486, 
0.3165, 0, 0.9486, 
0.1077, 0, 0.9942, 
0.1077, 0, 0.9942, 
0.1077, 0, 0.9942, 
-0.1077, 0, 0.9942, 
-0.1077, 0, 0.9942, 
-0.1077, 0, 0.9942, 
-0.3165, 0, 0.9486, 
-0.3165, 0, 0.9486, 
-0.3165, 0, 0.9486, 
-0.5068, 0, 0.862, 
-0.5068, 0, 0.862, 
-0.5068, 0, 0.862, 
-0.6701, 0, 0.7423, 
-0.6701, 0, 0.7423, 
-0.6701, 0, 0.7423, 
-0.8015, 0, 0.598, 
-0.8015, 0, 0.598, 
-0.8015, 0, 0.598, 
-0.8994, 0, 0.4371, 
-0.8994, 0, 0.4371, 
-0.8994, 0, 0.4371, 
-0.964, 0, 0.2658, 
-0.964, 0, 0.2658, 
-0.964, 0, 0.2658, 
-0.996, 0, 0.0892, 
-0.996, 0, 0.0892, 
-0.996, 0, 0.0892, 
-0.996, 0, -0.0892, 
-0.996, 0, -0.0892, 
-0.996, 0, -0.0892, 
-0.964, 0, -0.2658, 
-0.964, 0, -0.2658, 
-0.964, 0, -0.2658, 
-0.8994, 0, -0.4371, 
-0.8994, 0, -0.4371, 
-0.8994, 0, -0.4371, 
-0.8015, 0, -0.598, 
-0.8015, 0, -0.598, 
-0.8015, 0, -0.598, 
-0.6701, 0, -0.7423, 
-0.6701, 0, -0.7423, 
-0.6701, 0, -0.7423, 
-0.5068, 0, -0.862, 
-0.5068, 0, -0.862, 
-0.5068, 0, -0.862, 
0, 1, 0, 
0, 1, 0, 
0, 1, 0, 
-0.3165, 0, -0.9486, 
-0.3165, 0, -0.9486, 
-0.3165, 0, -0.9486, 
-0.1077, 0, -0.9942, 
-0.1077, 0, -0.9942, 
-0.1077, 0, -0.9942, 
0, -1, -0, 
0, -1, -0, 
0, -1, -0, 
0.1077, 0, -0.9942, 
0.1077, 0, -0.9942, 
0.1077, 0, -0.9942, 
0.3165, 0, -0.9486, 
0.3165, 0, -0.9486, 
0.3165, 0, -0.9486, 
0.5068, 0, -0.862, 
0.5068, 0, -0.862, 
0.5068, 0, -0.862, 
0.6701, 0, -0.7423, 
0.6701, 0, -0.7423, 
0.6701, 0, -0.7423, 
0.8015, 0, -0.598, 
0.8015, 0, -0.598, 
0.8015, 0, -0.598, 
0.8994, 0, -0.4371, 
0.8994, 0, -0.4371, 
0.8994, 0, -0.4371, 
0.964, 0, -0.2658, 
0.964, 0, -0.2658, 
0.964, 0, -0.2658, 
0.996, 0, -0.0892, 
0.996, 0, -0.0892, 
0.996, 0, -0.0892, 
0.996, 0, 0.0892, 
0.996, 0, 0.0892, 
0.996, 0, 0.0892, 
0.964, 0, 0.2658, 
0.964, 0, 0.2658, 
0.964, 0, 0.2658, 
0.9924, 0, -0.1228, 
0.9924, 0, -0.1228, 
0.9924, 0, -0.1228, 
0.9351, 0, -0.3544, 
0.9351, 0, -0.3544, 
0.9351, 0, -0.3544, 
-0.1943, 0, 0.9809, 
-0.1943, 0, 0.9809, 
-0.1943, 0, 0.9809, 
-0.0267, 0, 0.9996, 
-0.0267, 0, 0.9996, 
-0.0267, 0, 0.9996, 
0.3165, 0, 0.9486, 
0.3165, 0, 0.9486, 
0.3165, 0, 0.9486, 
0.1077, 0, 0.9942, 
0.1077, 0, 0.9942, 
0.1077, 0, 0.9942, 
-0.1077, 0, 0.9942, 
-0.1077, 0, 0.9942, 
-0.1077, 0, 0.9942, 
-0.3165, 0, 0.9486, 
-0.3165, 0, 0.9486, 
-0.3165, 0, 0.9486, 
-0.5068, 0, 0.862, 
-0.5068, 0, 0.862, 
-0.5068, 0, 0.862, 
-0.6701, 0, 0.7423, 
-0.6701, 0, 0.7423, 
-0.6701, 0, 0.7423, 
-0.8015, 0, 0.598, 
-0.8015, 0, 0.598, 
-0.8015, 0, 0.598, 
-0.8994, 0, 0.4371, 
-0.8994, 0, 0.4371, 
-0.8994, 0, 0.4371, 
-0.964, 0, 0.2658, 
-0.964, 0, 0.2658, 
-0.964, 0, 0.2658, 
-0.996, 0, 0.0892, 
-0.996, 0, 0.0892, 
-0.996, 0, 0.0892, 
-0.996, 0, -0.0892, 
-0.996, 0, -0.0892, 
-0.996, 0, -0.0892, 
-0.964, 0, -0.2658, 
-0.964, 0, -0.2658, 
-0.964, 0, -0.2658, 
-0.8994, 0, -0.4371, 
-0.8994, 0, -0.4371, 
-0.8994, 0, -0.4371, 
-0.8015, 0, -0.598, 
-0.8015, 0, -0.598, 
-0.8015, 0, -0.598, 
-0.6701, 0, -0.7423, 
-0.6701, 0, -0.7423, 
-0.6701, 0, -0.7423, 
-0.5068, 0, -0.862, 
-0.5068, 0, -0.862, 
-0.5068, 0, -0.862, 
0, 1, 0, 
0, 1, 0, 
0, 1, 0, 
0, 1, 0, 
0, 1, 0, 
0, 1, 0, 
0, 1, 0, 
0, 1, 0, 
0, 1, 0, 
0, 1, 0, 
0, 1, 0, 
0, 1, 0, 
0, 1, 0, 
0, 1, 0, 
0, 1, 0, 
0, 1, 0, 
0, 1, 0, 
0, 1, 0, 
0, 1, 0, 
0, 1, 0, 
0, 1, 0, 
0, 1, 0, 
0, 1, 0, 
0, 1, 0, 
0, 1, 0, 
0, 1, 0, 
0, 1, 0, 
0, 1, 0, 
0, 1, 0, 
0, 1, 0, 
0, 1, 0, 
0, 1, 0, 
0, 1, 0, 
0, 1, 0, 
0, 1, 0, 
0, 1, 0, 
0, 1, 0, 
0, 1, 0, 
0, 1, 0, 
0, 1, 0, 
0, 1, 0, 
0, 1, 0, 
0, 1, 0, 
0, 1, 0, 
0, 1, 0, 
0, 1, 0, 
0, 1, 0, 
0, 1, 0, 
0, 1, 0, 
0, 1, 0, 
0, 1, 0, 
0, 1, 0, 
0, 1, 0, 
0, 1, 0, 
0, 1, 0, 
0, 1, 0, 
0, 1, 0, 
0, 1, 0, 
0, 1, 0, 
0, 1, 0, 
0, 1, 0, 
0, 1, 0, 
0, 1, 0, 
0, 1, 0, 
0, 1, 0, 
0, 1, 0, 
0, 1, 0, 
0, 1, 0, 
0, 1, 0, 
0, 1, 0, 
0, 1, 0, 
0, 1, 0, 
0, 1, 0, 
0, 1, 0, 
0, 1, 0, 
0, 1, 0, 
0, 1, 0, 
0, 1, 0, 
0, 1, 0, 
0, 1, 0, 
0, 1, 0, 
0, 1, 0, 
0, 1, 0, 
0, 1, 0, 
0, 1, 0, 
0, 1, 0, 
0, 1, 0, 
-0.3165, 0, -0.9486, 
-0.3165, 0, -0.9486, 
-0.3165, 0, -0.9486, 
-0.1077, 0, -0.9942, 
-0.1077, 0, -0.9942, 
-0.1077, 0, -0.9942, 
0, -1, -0, 
0, -1, -0, 
0, -1, -0, 
0, -1, -0, 
0, -1, -0, 
0, -1, -0, 
0, -1, -0, 
0, -1, -0, 
0, -1, -0, 
0, -1, -0, 
0, -1, -0, 
0, -1, -0, 
0, -1, -0, 
0, -1, -0, 
0, -1, -0, 
0, -1, -0, 
0, -1, -0, 
0, -1, -0, 
0, -1, -0, 
0, -1, -0, 
0, -1, -0, 
0, -1, -0, 
0, -1, -0, 
0, -1, -0, 
0, -1, -0, 
0, -1, -0, 
0, -1, -0, 
0, -1, -0, 
0, -1, -0, 
0, -1, -0, 
0, -1, -0, 
0, -1, -0, 
0, -1, -0, 
0, -1, -0, 
0, -1, -0, 
0, -1, -0, 
0, -1, -0, 
0, -1, -0, 
0, -1, -0, 
0, -1, -0, 
0, -1, -0, 
0, -1, -0, 
0, -1, -0, 
0, -1, -0, 
0, -1, -0, 
0, -1, -0, 
0, -1, -0, 
0, -1, -0, 
0, -1, -0, 
0, -1, -0, 
0, -1, -0, 
0, -1, -0, 
0, -1, -0, 
0, -1, -0, 
0, -1, -0, 
0, -1, -0, 
0, -1, -0, 
0, -1, -0, 
0, -1, -0, 
0, -1, -0, 
0, -1, -0, 
0, -1, -0, 
0, -1, -0, 
0, -1, -0, 
0, -1, -0, 
0, -1, -0, 
0, -1, -0, 
0, -1, -0, 
0, -1, -0, 
0, -1, -0, 
0, -1, -0, 
0, -1, -0, 
0, -1, -0, 
0, -1, -0, 
0, -1, -0, 
0, -1, -0, 
0, -1, -0, 
0, -1, -0, 
0, -1, -0, 
0, -1, -0, 
0, -1, -0, 
0, -1, -0, 
0, -1, -0, 
0, -1, -0, 
0, -1, -0, 
0, -1, -0, 
0, -1, -0, 
0, 0, 0, 
0, 0, 0, 
0, 0, 0, 
0, 0, 0, 
0, 0, 0, 
0, 0, 0, 
0, 0, 0, 
0, 0, 0, 
0, 0, 0, 
0, 0, 0, 
0, 0, 0, 
0, 0, 0, 
0, 0, 0, 
0, 0, 0, 
0, 0, 0, 
0, 0, 0, 
0, 0, 0, 
0, 0, 0, 
0, 0, 0, 
0, 0, 0, 
0, 0, 0, 
0, 0, 0, 
0, 0, 0, 
0, 0, 0, 
0, 0, 0, 
0, 0, 0, 
0, 0, 0, 
0, 0, 0, 
0, 0, 0, 
0, 0, 0, 
0, 0, 0, 
0, 0, 0, 
0, 0, 0, 
0, 0, 0, 
0, 0, 0, 
0, 0, 0, 
0, 0, 0, 
0, 0, 0, 
0, 0, 0, 
0, 0, 0, 
0, 0, 0, 
0, 0, 0, 
0, 0, 0, 
0, 0, 0, 
0, 0, 0, 
0, 0, 0, 
0, 0, 0, 
0, 0, 0, 
0, 0, 0, 
0, 0, 0, 
0, 0, 0, 
0, 0, 0, 
0, 0, 0, 
0, 0, 0, 
0, 0, 0, 
0, 0, 0, 
0, 0, 0, 
0, 0, 0, 
0, 0, 0, 
0, 0, 0, 
0, 0, 0, 
0, 0, 0, 
0, 0, 0, 
0, 0, 0, 
0, 0, 0, 
0, 0, 0, 
0, 0, 0, 
0, 0, 0, 
0, 0, 0, 
0, 0, 0, 
0, 0, 0, 
0, 0, 0, 
0, 0, 0, 
0, 0, 0, 
0, 0, 0, 
0, 0, 0, 
0, 0, 0, 
0, 0, 0, 
0, 0, 0, 
0, 0, 0, 
0, 0, 0, 
0, 0, 0, 
0, 0, 0, 
0, 0, 0, 
0, 0, 0, 
0, 0, 0, 
0, 0, 0, 
0, 0, 0, 
0, 0, 0, 
0, 0, 0, 
0, 0, 0, 
0, 0, 0, 
0, 0, 0, 
0, 0, 0, 
0, 0, 0, 
0, 0, 0, 
0, 0, 0, 
0, 0, 0, 
0, 0, 0, 
0, 0, 0, 
0, 0, 0, 
0, 0, 0, 
0, 0, 0, 
0, 0, 0, 
0, 0, 0, 
0, 0, 0, 
0, 0, 0, 
0, 0, 0, 
0, 0, 0, 
0, 0, 0, 
0, 0, 0, 
0, 0, 0, 
0, 0, 0, 
0, 0, 0, 
0, 0, 0, 
0, 0, 0, 
0, 0, 0, 
0, 0, 0, 
0, 0, 0, 
0, 0, 0, 
0, 0, 0, 
0, 0, 0, 
0, 0, 0, 
0, 0, 0, 
0, 0, 0, 
0, 0, 0, 
0, 0, 0, 
0, 0, 0, 
0, 0, 0, 
0, 0, 0, 
0, 0, 0, 
0, 0, 0, 
0, 0, 0, 
0, 0, 0, 
0, 0, 0, 
0, 0, 0, 
0, 0, 0, 
0, 0, 0, 
0, 0, 0, 
0, 0, 0, 
0, 0, 0, 
0, 0, 0, 
0, 0, 0, 
0, 0, 0, 
0, 0, 0, 
0, 0, 0, 
0, 0, 0, 
0, 0, 0, 
0, 0, 0, 
0, 0, 0, 
0, 0, 0, 
0, 0, 0, 
0, 0, 0, 
0, 0, 0, 
0, 0, 0, 
0, 0, 0, 
0, 0, 0, 
0, 0, 0, 
0, 0, 0, 
0, 0, 0, 
0, 0, 0, 
0, 0, 0, 
0, 0, 0, 
0, 0, 0, 
0, 0, 0, 
0, 0, 0, 
0, 0, 0, 
0, 0, 0, 
0, 0, 0, 
0, 0, 0, 
0, 0, 0, 
0, 0, 0, 
0, 0, 0, 
0, 0, 0, 
0, 0, 0, 
0, 0, 0, 
0, 0, 0, 
0, 0, 0, 
0, 0, 0, 
0, 0, 0, 
0, 0, 0, 
0, 0, 0, 
0, 0, 0, 
0, 0, 0, 
0, 0, 0, 
0, 0, 0, 
0, 0, 0, 
0, 0, 0, 
0, 0, 0, 
0, 0, 0, 
0, 0, 0, 
0, 0, 0, 
0, 0, 0, 
0, 0, 0, 
0, 0, 0, 
0, 0, 0, 
0, 0, 0, 
0, 0, 0, 
0, 0, 0, 
0, 0, 0, 
0, 0, 0, 
0, 0, 0, 
0, 0, 0, 
0, 0, 0, 
0, 0, 0, 
0, 0, 0, 
0, 0, 0, 
0, 0, 0, 
0, 0, 0, 
0, 0, 0, 
0, 0, 0, 
0, 0, 0, 
0, 0, 0, 
0, 0, 0, 
0, 0, 0, 
0, 0, 0, 
0, 0, 0, 
0, 0, 0, 
0, 0, 0, 
0, 0, 0, 
0, 0, 0, 
0, 0, 0, 
0, 0, 0, 
0, 0, 0, 
0, 0, 0, 
0, 0, 0, 
0, 0, 0, 
0, 0, 0, 
0, 0, 0, 
0, 0, 0, 
0, 0, 0, 
0, 0, 0, 
0, 0, 0, 
0, 0, 0, 
0, 0, 0, 
0, 0, 0, 
0, 0, 0, 
0, 0, 0, 
0, 0, 0, 
0, 0, 0, 
0, 0, 0, 
0, 0, 0, 
0, 0, 0, 
0, 0, 0, 
0, 0, 0, 
0, 0, 0, 
0, 0, 0, 
0, 0, 0, 
0, 0, 0, 
0, 0, 0, 
0, 0, 0, 
0, 0, 0, 
0, 0, 0, 
0, 0, 0, 
0, 0, 0, 
0, 0, 0, 
0, 0, 0, 
0, 0, 0, 
0, 0, 0, 
0, 0, 0, 
0, 0, 0, 
0, 0, 0, 
0, 0, 0, 
0, 0, 0, 
0, 0, 0, 
0, 0, 0, 
0, 0, 0, 
0, 0, 0, 
0, 0, 0, 
0, 0, 0, 
0, 0, 0, 
0, 0, 0, 
0, 0, 0, 
0, 0, 0, 
0, 0, 0, 
0, 0, 0, 
0, 0, 0, 
0, 0, 0, 
0, 0, 0, 
0, 0, 0, 
0, 0, 0, 
0, 0, 0, 
0, 0, 0, 
0, 0, 0, 
0, 0, 0, 
0, 0, 0, 
0, 0, 0, 
0, 0, 0, 
0, 0, 0, 
0, 0, 0, 
0, 0, 0, 
0, 0, 0, 
0, 0, 0, 
0, 0, 0, 
0, 0, 0, 
0, 0, 0, 
0, 0, 0, 
0, 0, 0, 
0, 0, 0, 
0, 0, 0, 
0, 0, 0, 
0, 0, 0, 
0, 0, 0, 
0, 0, 0, 
0, 0, 0, 
0, 0, 0, 
0, 0, 0, 
0, 0, 0, 
0, 0, 0, 
0, 0, 0, 
0, 0, 0, 
0, 0, 0, 
0, 0, 0, 
0, 0, 0, 
0, 0, 0, 
0, 0, 0, 
0, 0, 0, 
0, 0, 0, 
0, 0, 0, 
0, 0, 0, 
0, 0, 0, 
0, 0, 0, 
0, 0, 0, 
0, 0, 0, 
0, 0, 0, 
0, 0, 0, 
0, 0, 0, 
0, 0, 0, 
0, 0, 0, 
0, 0, 0, 
0, 0, 0, 
0, 0, 0, 
0, 0, 0, 
0, 0, 0, 
0, 0, 0, 
0, 0, 0, 
0, 0, 0, 
0, 0, 0, 
0, 0, 0, 
0, 0, 0, 
0, 0, 0, 
0, 0, 0, 
0, 0, 0, 
0, 0, 0, 
0, 0, 0, 
0, 0, 0, 
0, 0, 0, 
0, 0, 0, 
0, 0, 0, 
0, 0, 0, 
0, 0, 0, 
0, 0, 0, 
0, 0, 0, 
0, 0, 0, 
0, 0, 0, 
0, 0, 0, 
0, 0, 0, 
0, 0, 0, 
0, 0, 0, 
0, 0, 0, 
0, 0, 0, 
0, 0, 0, 
0, 0, 0, 
0, 0, 0, 
0, 0, 0, 
0, 0, 0, 
0, 0, 0, 
0, 0, 0, 
0, 0, 0, 
0, 0, 0, 
0, 0, 0, 
0, 0, 0, 
0, 0, 0, 
0, 0, 0, 
0, 0, 0, 
0, 0, 0, 
0, 0, 0, 
0, 0, 0, 
0, 0, 0, 
0, 0, 0, 
0, 0, 0, 
0, 0, 0, 
0, 0, 0, 
0, 0, 0, 
0, 0, 0, 
0, 0, 0, 
0, 0, 0, 
0, 0, 0, 
0, 0, 0, 
0, 0, 0, 
0, 0, 0, 
0, 0, 0, 
0, 0, 0, 
0, 0, 0, 
0, 0, 0, 
0, 0, 0, 
0, 0, 0, 
0, 0, 0, 
0, 0, 0, 
0, 0, 0, 
0, 0, 0, 
0, 0, 0, 
0, 0, 0, 
0, 0, 0, 
0, 0, 0, 
0, 0, 0, 
0, 0, 0, 
0, 0, 0, 
0, 0, 0, 
0, 0, 0, 
0, 0, 0, 
0, 0, 0, 
0, 0, 0, 
0, 0, 0, 
0, 0, 0, 
0, 0, 0, 
0, 0, 0, 
0, 0, 0, 
0, 0, 0, 
0, 0, 0, 
0, 0, 0, 
0, 0, 0, 
0, 0, 0, 
0, 0, 0, 
0, 0, 0, 
0, 0, 0, 
0, 0, 0, 
0, 0, 0, 
0, 0, 0, 
0, 0, 0, 
0, 0, 0, 
0, 0, 0, 
0, 0, 0, 
0, 0, 0, 
0, 0, 0, 
0, 0, 0, 
0, 0, 0, 
0, 0, 0, 
0, 0, 0, 
0, 0, 0, 
0, 0, 0, 
0, 0, 0, 
0, 0, 0, 
0, 0, 0, 
0, 0, 0, 
0, 0, 0, 
0, 0, 0, 
0, 0, 0, 
0, 0, 0, 
0, 0, 0, 
0, 0, 0, 
0, 0, 0, 
0, 0, 0, 
0, 0, 0, 
0, 0, 0, 
0, 0, 0, 
0, 0, 0, 
0, 0, 0, 
0, 0, 0, 
0, 0, 0, 
0, 0, 0, 
0, 0, 0, 
0, 0, 0, 
0, 0, 0, 
0, 0, 0, 
0, 0, 0, 
0, 0, 0, 
0, 0, 0, 
0, 0, 0, 
0, 0, 0, 
0, 0, 0, 
0, 0, 0, 
0, 0, 0, 
0, 0, 0, 
0, 0, 0, 
0, 0, 0, 
0, 0, 0, 
0, 0, 0, 
0, 0, 0, 
0, 0, 0, 
0, 0, 0, 
0, 0, 0, 
0, 0, 0, 
0, 0, 0, 
0, 0, 0, 
0, 0, 0, 
0, 0, 0, 
0, 0, 0, 
0, 0, 0, 
0, 0, 0, 
0, 0, 0, 
0, 0, 0, 
0, 0, 0, 
0, 0, 0, 
0, 0, 0, 
0, 0, 0, 
0, 0, 0, 
0, 0, 0, 
0, 0, 0, 
0, 0, 0, 
0, 0, 0, 
0, 0, 0, 
0, 0, 0, 
0, 0, 0, 
0, 0, 0, 
0, 0, 0, 
0, 0, 0, 
0, 0, 0, 
0, 0, 0, 
0, 0, 0, 
0, 0, 0, 
0, 0, 0, 
0, 0, 0, 
0, 0, 0, 
0, 0, 0, 
0, 0, 0, 
0, 0, 0, 
0, 0, 0, 
0, 0, 0, 
0, 0, 0, 
0, 0, 0, 
0, 0, 0, 
0, 0, 0, 
0, 0, 0, 
0, 0, 0, 
0, 0, 0, 
0, 0, 0, 
0, 0, 0, 
0, 0, 0, 
0, 0, 0, 
0, 0, 0, 
0, 0, 0, 
0, 0, 0, 
0, 0, 0, 
0, 0, 0, 
0, 0, 0, 
0, 0, 0, 
0, 0, 0, 
0, 0, 0, 
0, 0, 0, 
0, 0, 0, 
0, 0, 0, 
0, 0, 0, 
0, 0, 0, 
0, 0, 0, 
0, 0, 0, 
0, 0, 0, 
0, 0, 0, 
0, 0, 0, 
0, 0, 0, 
0, 0, 0, 
0, 0, 0, 
0, 0, 0, 
0, 0, 0, 
0, 0, 0, 
0, 0, 0, 
0, 0, 0, 
0, 0, 0, 
0, 0, 0, 
0, 0, 0, 
0, 0, 0, 
0, 0, 0, 
0, 0, 0, 
0, 0, 0, 
0, 0, 0, 
0, 0, 0, 
0, 0, 0, 
0, 0, 0, 
0, 0, 0, 
0, 0, 0, 
0, 0, 0, 
0, 0, 0, 
0, 0, 0, 
0, 0, 0, 
0, 0, 0, 
0, 0, 0, 
0, 0, 0, 
0, 0, 0, 
0, 0, 0, 
0, 0, 0, 
0, 0, 0, 
0, 0, 0, 
0, 0, 0, 
0, 0, 0, 
0, 0, 0, 
0, 0, 0, 
0, 0, 0, 
0, 0, 0, 
0, 0, 0, 
0, 0, 0, 
0, 0, 0, 
0, 0, 0, 
0, 0, 0, 
0, 0, 0, 
0, 0, 0, 
0, 0, 0, 
0, 0, 0, 
0, 0, 0, 
0, 0, 0, 
0, 0, 0, 
0, 0, 0, 
0, 0, 0, 
0, 0, 0, 
0, 0, 0, 
0, 0, 0, 
0, 0, 0, 
0, 0, 0, 
0, 0, 0, 
0, 0, 0, 
0, 0, 0, 
0, 0, 0, 
0, 0, 0, 
0, 0, 0, 
0, 0, 0, 
0, 0, 0, 
0, 0, 0, 
0, 0, 0, 
0, 0, 0, 
0, 0, 0, 
0, 0, 0, 
0, 0, 0, 
0, 0, 0, 
0, 0, 0, 
0, 0, 0, 
0, 0, 0, 
0, 0, 0, 
0, 0, 0, 
0, 0, 0, 
0, 0, 0, 
0, 0, 0, 
0, 0, 0, 
0, 0, 0, 
0, 0, 0, 
0, 0, 0, 
0, 0, 0, 
0, 0, 0, 
0, 0, 0, 
0, 0, 0, 
0, 0, 0, 
0, 0, 0, 
0, 0, 0, 
0, 0, 0, 
0, 0, 0, 
0, 0, 0, 
0, 0, 0, 
0, 0, 0, 
0, 0, 0, 
0, 0, 0, 
0, 0, 0, 
0, 0, 0, 
0, 0, 0, 
0, 0, 0, 
0, 0, 0, 
0, 0, 0, 
0, 0, 0, 
0, 0, 0, 
0, 0, 0, 
0, 0, 0, 
0, 0, 0, 
0, 0, 0, 
0, 0, 0, 
0, 0, 0, 
0, 0, 0, 
0, 0, 0, 
0, 0, 0, 
0, 0, 0, 
0, 0, 0, 
0, 0, 0, 
0, 0, 0, 
0, 0, 0, 
0, 0, 0, 
0, 0, 0, 
0, 0, 0, 
0, 0, 0, 
0, 0, 0, 
0, 0, 0, 
0, 0, 0, 
0, 0, 0, 
0, 0, 0, 
0, 0, 0, 
0, 0, 0, 
0, 0, 0, 
0, 0, 0, 
0, 0, 0, 
0, 0, 0, 
0, 0, 0, 
0, 0, 0, 
0, 0, 0, 
0, 0, 0, 
0, 0, 0, 
0, 0, 0, 
0, 0, 0, 
0, 0, 0, 
0, 0, 0, 
0, 0, 0, 
0, 0, 0, 
0, 0, 0, 
0, 0, 0, 
0, 0, 0, 
0, 0, 0, 
0, 0, 0, 
0, 0, 0, 
0, 0, 0, 
0, 0, 0, 
0, 0, 0, 
0, 0, 0, 
0, 0, 0, 
0, 0, 0, 
0, 0, 0, 
0, 0, 0, 
0, 0, 0, 
0, 0, 0, 
0, 0, 0, 
0, 0, 0, 
0, 0, 0, 
0, 0, 0, 
0, 0, 0, 
0, 0, 0, 
0, 0, 0, 
0, 0, 0, 
0, 0, 0, 
0, 0, 0, 
0, 0, 0, 
0, 0, 0, 
0, 0, 0, 
0, 0, 0, 
0, 0, 0, 
0, 0, 0, 
0, 0, 0, 
0, 0, 0, 
0, 0, 0, 
0, 0, 0, 
0, 0, 0, 
0, 0, 0, 
0, 0, 0, 
0, 0, 0, 
0, 0, 0, 
0, 0, 0, 
0, 0, 0, 
0, 0, 0, 
0, 0, 0, 
0, 0, 0, 
0, 0, 0, 
0, 0, 0, 
]);
var spu = new Float32Array([
0, 0, 
0, 0, 
0, 0, 
0, 0, 
0, 0, 
0, 0, 
0, 0, 
0, 0, 
0, 0, 
0, 0, 
0, 0, 
0, 0, 
0, 0, 
0, 0, 
0, 0, 
0, 0, 
0, 0, 
0, 0, 
0, 0, 
0, 0, 
0, 0, 
0, 0, 
0, 0, 
0, 0, 
0, 0, 
0, 0, 
0, 0, 
0, 0, 
0, 0, 
0, 0, 
0, 0, 
0, 0, 
0, 0, 
0, 0, 
0, 0, 
0, 0, 
0, 0, 
0, 0, 
0, 0, 
0, 0, 
0, 0, 
0, 0, 
0, 0, 
0, 0, 
0, 0, 
0, 0, 
0, 0, 
0, 0, 
0, 0, 
0, 0, 
0, 0, 
0, 0, 
0, 0, 
0, 0, 
0, 0, 
0, 0, 
0, 0, 
0, 0, 
0, 0, 
0, 0, 
0, 0, 
0, 0, 
0, 0, 
0, 0, 
0, 0, 
0, 0, 
0, 0, 
0, 0, 
0, 0, 
0, 0, 
0, 0, 
0, 0, 
0, 0, 
0, 0, 
0, 0, 
0, 0, 
0, 0, 
0, 0, 
0, 0, 
0, 0, 
0, 0, 
0, 0, 
0, 0, 
0, 0, 
0, 0, 
0, 0, 
0, 0, 
0, 0, 
0, 0, 
0, 0, 
0.160048, 0.86888, 
0.587166, 0.048431, 
0.896944, 0.250573, 
0, 0, 
0, 0, 
0, 0, 
0, 0, 
0, 0, 
0, 0, 
0, 0, 
0, 0, 
0, 0, 
0, 0, 
0, 0, 
0, 0, 
0, 0, 
0, 0, 
0, 0, 
0, 0, 
0, 0, 
0, 0, 
0, 0, 
0, 0, 
0, 0, 
0, 0, 
0, 0, 
0, 0, 
0, 0, 
0, 0, 
0, 0, 
0, 0, 
0, 0, 
0, 0, 
0, 0, 
0, 0, 
0, 0, 
0, 0, 
0, 0, 
0, 0, 
0, 0, 
0, 0, 
0, 0, 
0, 0, 
0, 0, 
0, 0, 
0, 0, 
0, 0, 
0, 0, 
0, 0, 
0, 0, 
0, 0, 
0, 0, 
0, 0, 
0, 0, 
0, 0, 
0, 0, 
0, 0, 
0, 0, 
0, 0, 
0, 0, 
0, 0, 
0, 0, 
0, 0, 
0, 0, 
0, 0, 
0, 0, 
0, 0, 
0, 0, 
0, 0, 
0, 0, 
0, 0, 
0, 0, 
0, 0, 
0, 0, 
0, 0, 
0, 0, 
0, 0, 
0, 0, 
0, 0, 
0, 0, 
0, 0, 
0, 0, 
0, 0, 
0, 0, 
0, 0, 
0, 0, 
0, 0, 
0, 0, 
0, 0, 
0, 0, 
0, 0, 
0, 0, 
0, 0, 
0, 0, 
0, 0, 
0, 0, 
0, 0, 
0, 0, 
0, 0, 
0, 0, 
0, 0, 
0, 0, 
0.942512, 0.333637, 
0.971, 0.423995, 
0.896944, 0.250573, 
0.971, 0.423995, 
0.981313, 0.518175, 
0.896944, 0.250573, 
0.981313, 0.518175, 
0.973054, 0.612556, 
0.94654, 0.703513, 
0.94654, 0.703513, 
0.902792, 0.78755, 
0.843489, 0.861437, 
0.843489, 0.861437, 
0.770911, 0.922335, 
0.687847, 0.967903, 
0.687847, 0.967903, 
0.597489, 0.996391, 
0.843489, 0.861437, 
0.597489, 0.996391, 
0.50331, 1.0067, 
0.843489, 0.861437, 
0.50331, 1.0067, 
0.408928, 0.998444, 
0.317971, 0.971931, 
0.317971, 0.971931, 
0.233935, 0.928182, 
0.160048, 0.86888, 
0.160048, 0.86888, 
0.09915, 0.796302, 
0.053581, 0.713238, 
0.053581, 0.713238, 
0.025093, 0.62288, 
0.049553, 0.343362, 
0.025093, 0.62288, 
0.014781, 0.5287, 
0.049553, 0.343362, 
0.014781, 0.5287, 
0.02304, 0.434319, 
0.049553, 0.343362, 
0.093302, 0.259325, 
0.152605, 0.185438, 
0.225183, 0.12454, 
0.049553, 0.343362, 
0.093302, 0.259325, 
0.308247, 0.078972, 
0.093302, 0.259325, 
0.225183, 0.12454, 
0.308247, 0.078972, 
0.308247, 0.078972, 
0.398604, 0.050484, 
0.587166, 0.048431, 
0.398604, 0.050484, 
0.492784, 0.040171, 
0.587166, 0.048431, 
0.160048, 0.86888, 
0.053581, 0.713238, 
0.049553, 0.343362, 
0.50331, 1.0067, 
0.317971, 0.971931, 
0.843489, 0.861437, 
0.317971, 0.971931, 
0.160048, 0.86888, 
0.843489, 0.861437, 
0.981313, 0.518175, 
0.94654, 0.703513, 
0.896944, 0.250573, 
0.94654, 0.703513, 
0.843489, 0.861437, 
0.896944, 0.250573, 
0.762159, 0.118693, 
0.836046, 0.177995, 
0.587166, 0.048431, 
0.836046, 0.177995, 
0.896944, 0.250573, 
0.587166, 0.048431, 
0.587166, 0.048431, 
0.678123, 0.074944, 
0.762159, 0.118693, 
0.160048, 0.86888, 
0.049553, 0.343362, 
0.587166, 0.048431, 
0.049553, 0.343362, 
0.308247, 0.078972, 
0.587166, 0.048431, 
0.896944, 0.250573, 
0.843489, 0.861437, 
0.160048, 0.86888, 
0, 0, 
0, 0, 
0, 0, 
0, 0, 
0, 0, 
0, 0, 
0, 0, 
0, 0, 
0, 0, 
0, 0, 
0, 0, 
0, 0, 
0, 0, 
0, 0, 
0, 0, 
0, 0, 
0, 0, 
0, 0, 
0, 0, 
0, 0, 
0, 0, 
0, 0, 
0, 0, 
0, 0, 
0, 0, 
0, 0, 
0, 0, 
0, 0, 
0, 0, 
0, 0, 
0, 0, 
0, 0, 
0, 0, 
0, 0, 
0, 0, 
0, 0, 
0, 0, 
0, 0, 
0, 0, 
0, 0, 
0, 0, 
0, 0, 
0, 0, 
0, 0, 
0, 0, 
0, 0, 
0, 0, 
0, 0, 
0, 0, 
0, 0, 
0, 0, 
0, 0, 
0, 0, 
0, 0, 
0, 0, 
0, 0, 
0, 0, 
0, 0, 
0, 0, 
0, 0, 
0, 0, 
0, 0, 
0, 0, 
0, 0, 
0, 0, 
0, 0, 
0, 0, 
0, 0, 
0, 0, 
0, 0, 
0, 0, 
0, 0, 
0, 0, 
0, 0, 
0, 0, 
0, 0, 
0, 0, 
0, 0, 
0, 0, 
0, 0, 
0, 0, 
0, 0, 
0, 0, 
0, 0, 
0, 0, 
0, 0, 
0, 0, 
0, 0, 
0, 0, 
0, 0, 
0, 0, 
0, 0, 
0, 0, 
0, 0, 
0, 0, 
0, 0, 
0, 0, 
0, 0, 
0, 0, 
0, 0, 
0, 0, 
0, 0, 
0, 0, 
0, 0, 
0, 0, 
0, 0, 
0, 0, 
0, 0, 
0, 0, 
0, 0, 
0, 0, 
0, 0, 
0, 0, 
0, 0, 
0, 0, 
0, 0, 
0, 0, 
0, 0, 
0, 0, 
0, 0, 
0, 0, 
0, 0, 
0, 0, 
0, 0, 
0, 0, 
0, 0, 
0, 0, 
0, 0, 
0, 0, 
0, 0, 
0, 0, 
0, 0, 
0, 0, 
0, 0, 
0, 0, 
0, 0, 
0, 0, 
0, 0, 
0, 0, 
0, 0, 
0, 0, 
0, 0, 
0, 0, 
0, 0, 
0, 0, 
0, 0, 
0, 0, 
0, 0, 
0, 0, 
0, 0, 
0, 0, 
0, 0, 
0, 0, 
0, 0, 
0, 0, 
0, 0, 
0, 0, 
0, 0, 
0, 0, 
0, 0, 
0, 0, 
0, 0, 
0, 0, 
0, 0, 
0, 0, 
0, 0, 
0, 0, 
0, 0, 
0, 0, 
0, 0, 
0, 0, 
0, 0, 
0, 0, 
0, 0, 
0, 0, 
0, 0, 
0, 0, 
0, 0, 
0, 0, 
0, 0, 
0, 0, 
0, 0, 
0, 0, 
0, 0, 
0, 0, 
0, 0, 
0, 0, 
0, 0, 
0, 0, 
0, 0, 
0, 0, 
0, 0, 
0, 0, 
0, 0, 
0, 0, 
0, 0, 
0, 0, 
0, 0, 
0, 0, 
0, 0, 
0, 0, 
0, 0, 
0, 0, 
0, 0, 
0, 0, 
0, 0, 
0, 0, 
0, 0, 
0, 0, 
0, 0, 
0, 0, 
0, 0, 
0, 0, 
0, 0, 
0, 0, 
0, 0, 
0, 0, 
0, 0, 
0, 0, 
0, 0, 
0, 0, 
0, 0, 
0, 0, 
0, 0, 
0, 0, 
0, 0, 
0, 0, 
0, 0, 
0, 0, 
0, 0, 
0, 0, 
0, 0, 
0, 0, 
0, 0, 
0, 0, 
0, 0, 
0, 0, 
0, 0, 
0, 0, 
0, 0, 
0, 0, 
0, 0, 
0, 0, 
0, 0, 
0, 0, 
0, 0, 
0, 0, 
0, 0, 
0, 0, 
0, 0, 
0, 0, 
0, 0, 
0, 0, 
0, 0, 
0, 0, 
0, 0, 
0, 0, 
0, 0, 
0, 0, 
0, 0, 
0, 0, 
0, 0, 
0, 0, 
0, 0, 
0, 0, 
0, 0, 
0, 0, 
0, 0, 
0, 0, 
0, 0, 
0, 0, 
0, 0, 
0, 0, 
0, 0, 
0, 0, 
0, 0, 
0, 0, 
0, 0, 
0, 0, 
0, 0, 
0, 0, 
0, 0, 
0, 0, 
0, 0, 
0, 0, 
0, 0, 
0, 0, 
0, 0, 
0, 0, 
0, 0, 
0, 0, 
0, 0, 
0, 0, 
0, 0, 
0, 0, 
0, 0, 
0, 0, 
0, 0, 
0, 0, 
0, 0, 
0, 0, 
0, 0, 
0, 0, 
0, 0, 
0, 0, 
0, 0, 
0, 0, 
0, 0, 
0, 0, 
0, 0, 
0, 0, 
0, 0, 
0, 0, 
0, 0, 
0, 0, 
0, 0, 
0, 0, 
0, 0, 
0, 0, 
0, 0, 
0, 0, 
0, 0, 
0, 0, 
0, 0, 
0, 0, 
0, 0, 
0, 0, 
0, 0, 
0, 0, 
0, 0, 
0, 0, 
0, 0, 
0, 0, 
0, 0, 
0, 0, 
0, 0, 
0, 0, 
0, 0, 
0, 0, 
0, 0, 
0, 0, 
0, 0, 
0, 0, 
0, 0, 
0, 0, 
0, 0, 
0, 0, 
0, 0, 
0, 0, 
0, 0, 
0, 0, 
0, 0, 
0, 0, 
0, 0, 
0, 0, 
0, 0, 
0, 0, 
0, 0, 
0, 0, 
0, 0, 
0, 0, 
0, 0, 
0, 0, 
0, 0, 
0, 0, 
0, 0, 
0, 0, 
0, 0, 
0, 0, 
0, 0, 
0, 0, 
0, 0, 
0, 0, 
0, 0, 
0, 0, 
0, 0, 
0, 0, 
0, 0, 
0, 0, 
0, 0, 
0, 0, 
0, 0, 
0, 0, 
0, 0, 
0, 0, 
0, 0, 
0, 0, 
0, 0, 
0, 0, 
0, 0, 
0, 0, 
0, 0, 
0, 0, 
0, 0, 
0, 0, 
0, 0, 
0, 0, 
0, 0, 
0, 0, 
0, 0, 
0, 0, 
0, 0, 
0, 0, 
0, 0, 
0, 0, 
0, 0, 
0, 0, 
0, 0, 
0, 0, 
0, 0, 
0, 0, 
0, 0, 
0, 0, 
0, 0, 
0, 0, 
0, 0, 
0, 0, 
0, 0, 
0, 0, 
0, 0, 
0, 0, 
0, 0, 
0, 0, 
0, 0, 
0, 0, 
0, 0, 
0, 0, 
0, 0, 
0, 0, 
0, 0, 
0, 0, 
0, 0, 
0, 0, 
0, 0, 
0, 0, 
0, 0, 
0, 0, 
0, 0, 
0, 0, 
0, 0, 
0, 0, 
0, 0, 
0, 0, 
0, 0, 
0, 0, 
0, 0, 
0, 0, 
0, 0, 
0, 0, 
0, 0, 
0, 0, 
0, 0, 
0, 0, 
0, 0, 
0, 0, 
0, 0, 
0, 0, 
0, 0, 
0, 0, 
0, 0, 
0, 0, 
0, 0, 
0, 0, 
0, 0, 
0, 0, 
0, 0, 
0, 0, 
0, 0, 
0, 0, 
0, 0, 
0, 0, 
0, 0, 
0, 0, 
0, 0, 
0, 0, 
0, 0, 
0, 0, 
0, 0, 
0, 0, 
0, 0, 
0, 0, 
0, 0, 
0, 0, 
0, 0, 
0, 0, 
0, 0, 
0, 0, 
0, 0, 
0, 0, 
0, 0, 
0, 0, 
0, 0, 
0, 0, 
0, 0, 
0, 0, 
0, 0, 
0, 0, 
0, 0, 
0, 0, 
0, 0, 
0, 0, 
0, 0, 
0, 0, 
0, 0, 
0, 0, 
0, 0, 
0, 0, 
0, 0, 
0, 0, 
0, 0, 
0, 0, 
0, 0, 
0, 0, 
0, 0, 
0, 0, 
0, 0, 
0, 0, 
0, 0, 
0, 0, 
0, 0, 
0, 0, 
0, 0, 
0, 0, 
0, 0, 
0, 0, 
0, 0, 
0, 0, 
0, 0, 
0, 0, 
0, 0, 
0, 0, 
0, 0, 
0, 0, 
0, 0, 
0, 0, 
0, 0, 
0, 0, 
0, 0, 
0, 0, 
0, 0, 
0, 0, 
0, 0, 
0, 0, 
0, 0, 
0, 0, 
0, 0, 
0, 0, 
0, 0, 
0, 0, 
0, 0, 
0, 0, 
0, 0, 
0, 0, 
0, 0, 
0, 0, 
0, 0, 
0, 0, 
0, 0, 
0, 0, 
0, 0, 
0, 0, 
0, 0, 
0, 0, 
0, 0, 
0, 0, 
0, 0, 
0, 0, 
0, 0, 
0, 0, 
0, 0, 
0, 0, 
0, 0, 
0, 0, 
0, 0, 
0, 0, 
0, 0, 
0, 0, 
0, 0, 
0, 0, 
0, 0, 
0, 0, 
0, 0, 
0, 0, 
0, 0, 
0, 0, 
0, 0, 
0, 0, 
0, 0, 
0, 0, 
0, 0, 
0, 0, 
0, 0, 
0, 0, 
0, 0, 
0, 0, 
0, 0, 
0, 0, 
0, 0, 
0, 0, 
0, 0, 
0, 0, 
0, 0, 
0, 0, 
0, 0, 
0, 0, 
0, 0, 
0, 0, 
0, 0, 
0, 0, 
0, 0, 
0, 0, 
0, 0, 
0, 0, 
0, 0, 
0, 0, 
0, 0, 
0, 0, 
0, 0, 
0, 0, 
0, 0, 
0, 0, 
0, 0, 
0, 0, 
0, 0, 
0, 0, 
0, 0, 
0, 0, 
0, 0, 
0, 0, 
0, 0, 
0, 0, 
0, 0, 
0, 0, 
0, 0, 
0, 0, 
0, 0, 
0, 0, 
0, 0, 
0, 0, 
0, 0, 
0, 0, 
0, 0, 
0, 0, 
0, 0, 
0, 0, 
0, 0, 
0, 0, 
0, 0, 
0, 0, 
0, 0, 
0, 0, 
0, 0, 
0, 0, 
0, 0, 
0, 0, 
0, 0, 
0, 0, 
0, 0, 
0, 0, 
0, 0, 
0, 0, 
0, 0, 
0, 0, 
0, 0, 
0, 0, 
0, 0, 
0, 0, 
0, 0, 
0, 0, 
0, 0, 
0, 0, 
0, 0, 
0, 0, 
0, 0, 
0, 0, 
0, 0, 
0, 0, 
0, 0, 
0, 0, 
0, 0, 
0, 0, 
0, 0, 
0, 0, 
0, 0, 
0, 0, 
0, 0, 
0, 0, 
0, 0, 
0, 0, 
0, 0, 
0, 0, 
0, 0, 
0, 0, 
0, 0, 
0, 0, 
0, 0, 
0, 0, 
0, 0, 
0, 0, 
0, 0, 
0, 0, 
0, 0, 
0, 0, 
0, 0, 
0, 0, 
0, 0, 
0, 0, 
0, 0, 
0, 0, 
0, 0, 
0, 0, 
0, 0, 
0, 0, 
0, 0, 
0, 0, 
0, 0, 
0, 0, 
0, 0, 
0, 0, 
0, 0, 
0, 0, 
0, 0, 
0, 0, 
0, 0, 
0, 0, 
0, 0, 
0, 0, 
0, 0, 
0, 0, 
0, 0, 
0, 0, 
0, 0, 
0, 0, 
0, 0, 
0, 0, 
0, 0, 
0, 0, 
0, 0, 
0, 0, 
0, 0, 
0, 0, 
0, 0, 
0, 0, 
0, 0, 
0, 0, 
0, 0, 
0, 0, 
0, 0, 
0, 0, 
0, 0, 
0, 0, 
0, 0, 
0, 0, 
0, 0, 
0, 0, 
0, 0, 
0, 0, 
0, 0, 
0, 0, 
0, 0, 
0, 0, 
0, 0, 
0, 0, 
0, 0, 
0, 0, 
0, 0, 
0, 0, 
0, 0, 
0, 0, 
0, 0, 
0, 0, 
0, 0, 
0, 0, 
0, 0, 
0, 0, 
0, 0, 
0, 0, 
0, 0, 
0, 0, 
0, 0, 
0, 0, 
0, 0, 
0, 0, 
0, 0, 
0, 0, 
0, 0, 
0, 0, 
0, 0, 
0, 0, 
0, 0, 
0, 0, 
0, 0, 
0, 0, 
0, 0, 
0, 0, 
0, 0, 
0, 0, 
0, 0, 
0, 0, 
0, 0, 
0, 0, 
0, 0, 
0, 0, 
0, 0, 
0, 0, 
0, 0, 
0, 0, 
0, 0, 
0, 0, 
0, 0, 
0, 0, 
0, 0, 
0, 0, 
0, 0, 
0, 0, 
0, 0, 
0, 0, 
0, 0, 
0, 0, 
0, 0, 
0, 0, 
0, 0, 
0, 0, 
0, 0, 
0, 0, 
0, 0, 
0, 0, 
0, 0, 
0, 0, 
0, 0, 
0, 0, 
0, 0, 
0, 0, 
0, 0, 
0, 0, 
0, 0, 
0, 0, 
]);
