var u1v = new Float32Array([
1.5, 0, 1, 
-1.5, 0, -1, 
-1.5, 0, 1, 
1.5, 0, 1, 
1.5, 0, -1, 
-1.5, 0, -1, 
0.469271, 0.192724, -0.835873, 
1.60225, 0.192724, -0.950856, 
0.402851, 0.192724, -0.952686, 
0.469271, 0.192724, -0.835873, 
0.600255, 0.192724, -0.758706, 
1.60225, 0.192724, -0.950856, 
0.600255, 0.192724, -0.758706, 
1.60505, 0.192724, 0.445117, 
1.60225, 0.192724, -0.950856, 
0.504155, 0.192724, -0.812528, 
0.600255, 0.192724, -0.758706, 
0.469271, 0.192724, -0.835873, 
0.565676, 0.192724, -0.771449, 
0.600255, 0.192724, -0.758706, 
0.504155, 0.192724, -0.812528, 
0.61481, 0.192724, -0.721981, 
1.60505, 0.192724, 0.445117, 
0.600255, 0.192724, -0.758706, 
0.600848, 0.192724, -0.697571, 
1.60505, 0.192724, 0.445117, 
0.61481, 0.192724, -0.721981, 
0.612367, 0.192724, -0.641456, 
1.60505, 0.192724, 0.445117, 
0.600848, 0.192724, -0.697571, 
0.515129, 0.192724, -0.640936, 
0.563812, 0.192724, -0.625336, 
0.535602, 0.192724, -0.657307, 
0.479633, 0.192724, -0.618376, 
0.515129, 0.192724, -0.640936, 
0.490188, 0.192724, -0.651325, 
0.563812, 0.192724, -0.625336, 
1.60505, 0.192724, 0.445117, 
0.612367, 0.192724, -0.641456, 
0.479633, 0.192724, -0.618376, 
0.563812, 0.192724, -0.625336, 
0.515129, 0.192724, -0.640936, 
0.479633, 0.192724, -0.618376, 
1.60505, 0.192724, 0.445117, 
0.563812, 0.192724, -0.625336, 
0.432429, 0.192724, -0.594253, 
1.60505, 0.192724, 0.445117, 
0.479633, 0.192724, -0.618376, 
0.439386, 0.192724, -0.550269, 
1.60505, 0.192724, 0.445117, 
0.432429, 0.192724, -0.594253, 
0.462589, 0.192724, -0.483215, 
0.489321, 0.192724, -0.469109, 
0.439386, 0.192724, -0.550269, 
0.489321, 0.192724, -0.469109, 
1.60505, 0.192724, 0.445117, 
0.439386, 0.192724, -0.550269, 
0.498136, 0.192724, -0.350951, 
1.09413, 0.192724, 0.042094, 
0.489321, 0.192724, -0.469109, 
1.09413, 0.192724, 0.042094, 
1.60505, 0.192724, 0.445117, 
0.489321, 0.192724, -0.469109, 
0.450936, 0.192724, -0.276968, 
1.09413, 0.192724, 0.042094, 
0.498136, 0.192724, -0.350951, 
0.452883, 0.192724, -0.232291, 
1.09413, 0.192724, 0.042094, 
0.450936, 0.192724, -0.276968, 
0.476962, 0.192724, -0.153994, 
1.09413, 0.192724, 0.042094, 
0.452883, 0.192724, -0.232291, 
0.436173, 0.192724, -0.055254, 
1.09413, 0.192724, 0.042094, 
0.476962, 0.192724, -0.153994, 
0.4504, 0.192724, 0.058578, 
1.09413, 0.192724, 0.042094, 
0.436173, 0.192724, -0.055254, 
0.4504, 0.192724, 0.058578, 
1.02677, 0.192724, 0.058438, 
1.09413, 0.192724, 0.042094, 
1.04023, 0.192724, 0.096526, 
1.45901, 0.192724, 0.343128, 
1.09413, 0.192724, 0.042094, 
1.45901, 0.192724, 0.343128, 
1.60505, 0.192724, 0.445117, 
1.09413, 0.192724, 0.042094, 
0.4504, 0.192724, 0.058578, 
1.02677, 0.192724, 0.083129, 
1.02677, 0.192724, 0.058438, 
0.538908, 0.192724, 0.070067, 
0.586024, 0.192724, 0.069923, 
0.4504, 0.192724, 0.058578, 
0.586024, 0.192724, 0.069923, 
1.02677, 0.192724, 0.083129, 
0.4504, 0.192724, 0.058578, 
0.605299, 0.192724, 0.127226, 
1.02677, 0.192724, 0.083129, 
0.586024, 0.192724, 0.069923, 
0.605299, 0.192724, 0.127226, 
0.9623, 0.192724, 0.098422, 
1.02677, 0.192724, 0.083129, 
1.05049, 0.192724, 0.153636, 
1.45901, 0.192724, 0.343128, 
1.04023, 0.192724, 0.096526, 
0.605299, 0.192724, 0.127226, 
0.934961, 0.192724, 0.133188, 
0.9623, 0.192724, 0.098422, 
0.626939, 0.192724, 0.130069, 
0.934961, 0.192724, 0.133188, 
0.605299, 0.192724, 0.127226, 
0.675786, 0.192724, 0.181413, 
0.703847, 0.192724, 0.134699, 
0.626939, 0.192724, 0.130069, 
0.703847, 0.192724, 0.134699, 
0.934961, 0.192724, 0.133188, 
0.626939, 0.192724, 0.130069, 
0.703847, 0.192724, 0.134699, 
0.906342, 0.192724, 0.150908, 
0.934961, 0.192724, 0.133188, 
0.750871, 0.192724, 0.146134, 
0.858338, 0.192724, 0.149104, 
0.703847, 0.192724, 0.134699, 
0.858338, 0.192724, 0.149104, 
0.906342, 0.192724, 0.150908, 
0.703847, 0.192724, 0.134699, 
0.768467, 0.192724, 0.173397, 
0.810994, 0.192724, 0.154912, 
0.750871, 0.192724, 0.146134, 
0.810994, 0.192724, 0.154912, 
0.858338, 0.192724, 0.149104, 
0.750871, 0.192724, 0.146134, 
0.810994, 0.192724, 0.154912, 
0.905641, 0.192724, 0.162189, 
0.858338, 0.192724, 0.149104, 
1.02243, 0.192724, 0.193878, 
1.3045, 0.192724, 0.281983, 
1.05049, 0.192724, 0.153636, 
1.3045, 0.192724, 0.281983, 
1.45901, 0.192724, 0.343128, 
1.05049, 0.192724, 0.153636, 
0.831742, 0.192724, 0.170714, 
0.905641, 0.192724, 0.162189, 
0.810994, 0.192724, 0.154912, 
0.831742, 0.192724, 0.170714, 
0.91398, 0.192724, 0.190597, 
0.905641, 0.192724, 0.162189, 
0.799058, 0.192724, 0.210189, 
0.91398, 0.192724, 0.190597, 
0.831742, 0.192724, 0.170714, 
0.91398, 0.192724, 0.190597, 
0.995799, 0.192724, 0.185479, 
0.959392, 0.192724, 0.176294, 
0.91398, 0.192724, 0.190597, 
0.957296, 0.192724, 0.196456, 
0.995799, 0.192724, 0.185479, 
0.799058, 0.192724, 0.210189, 
0.957296, 0.192724, 0.196456, 
0.91398, 0.192724, 0.190597, 
0.799058, 0.192724, 0.210189, 
0.892323, 0.192724, 0.247513, 
0.957296, 0.192724, 0.196456, 
0.859831, 0.192724, 0.256993, 
0.892323, 0.192724, 0.247513, 
0.799058, 0.192724, 0.210189, 
1.322, 0.192724, 0.338889, 
1.45901, 0.192724, 0.343128, 
1.3045, 0.192724, 0.281983, 
1.52901, 0.192724, 0.432421, 
1.60505, 0.192724, 0.445117, 
1.45901, 0.192724, 0.343128, 
0.469271, 0.152724, -0.835873, 
0.402851, 0.152724, -0.952686, 
1.60225, 0.152724, -0.950856, 
0.469271, 0.152724, -0.835873, 
1.60225, 0.152724, -0.950856, 
0.600255, 0.152724, -0.758706, 
0.600255, 0.152724, -0.758706, 
1.60225, 0.152724, -0.950856, 
1.60505, 0.152724, 0.445117, 
0.504155, 0.152724, -0.812528, 
0.469271, 0.152724, -0.835873, 
0.600255, 0.152724, -0.758706, 
0.565676, 0.152724, -0.771449, 
0.504155, 0.152724, -0.812528, 
0.600255, 0.152724, -0.758706, 
0.61481, 0.152724, -0.721981, 
0.600255, 0.152724, -0.758706, 
1.60505, 0.152724, 0.445117, 
0.600848, 0.152724, -0.697571, 
0.61481, 0.152724, -0.721981, 
1.60505, 0.152724, 0.445117, 
0.612367, 0.152724, -0.641456, 
0.600848, 0.152724, -0.697571, 
1.60505, 0.152724, 0.445117, 
0.515129, 0.152724, -0.640936, 
0.535602, 0.152724, -0.657307, 
0.563812, 0.152724, -0.625336, 
0.479633, 0.152724, -0.618376, 
0.490188, 0.152724, -0.651325, 
0.515129, 0.152724, -0.640936, 
0.563812, 0.152724, -0.625336, 
0.612367, 0.152724, -0.641456, 
1.60505, 0.152724, 0.445117, 
0.479633, 0.152724, -0.618376, 
0.515129, 0.152724, -0.640936, 
0.563812, 0.152724, -0.625336, 
0.479633, 0.152724, -0.618376, 
0.563812, 0.152724, -0.625336, 
1.60505, 0.152724, 0.445117, 
0.432429, 0.152724, -0.594253, 
0.479633, 0.152724, -0.618376, 
1.60505, 0.152724, 0.445117, 
0.439386, 0.152724, -0.550269, 
0.432429, 0.152724, -0.594253, 
1.60505, 0.152724, 0.445117, 
0.462589, 0.152724, -0.483215, 
0.439386, 0.152724, -0.550269, 
0.489321, 0.152724, -0.469109, 
0.489321, 0.152724, -0.469109, 
0.439386, 0.152724, -0.550269, 
1.60505, 0.152724, 0.445117, 
0.498136, 0.152724, -0.350951, 
0.489321, 0.152724, -0.469109, 
1.09413, 0.152724, 0.042094, 
1.09413, 0.152724, 0.042094, 
0.489321, 0.152724, -0.469109, 
1.60505, 0.152724, 0.445117, 
0.450936, 0.152724, -0.276968, 
0.498136, 0.152724, -0.350951, 
1.09413, 0.152724, 0.042094, 
0.452883, 0.152724, -0.232291, 
0.450936, 0.152724, -0.276968, 
1.09413, 0.152724, 0.042094, 
0.476962, 0.152724, -0.153994, 
0.452883, 0.152724, -0.232291, 
1.09413, 0.152724, 0.042094, 
0.436173, 0.152724, -0.055254, 
0.476962, 0.152724, -0.153994, 
1.09413, 0.152724, 0.042094, 
0.4504, 0.152724, 0.058578, 
0.436173, 0.152724, -0.055254, 
1.09413, 0.152724, 0.042094, 
0.4504, 0.152724, 0.058578, 
1.09413, 0.152724, 0.042094, 
1.02677, 0.152724, 0.058438, 
1.04023, 0.152724, 0.096526, 
1.09413, 0.152724, 0.042094, 
1.45901, 0.152724, 0.343128, 
1.45901, 0.152724, 0.343128, 
1.09413, 0.152724, 0.042094, 
1.60505, 0.152724, 0.445117, 
0.4504, 0.152724, 0.058578, 
1.02677, 0.152724, 0.058438, 
1.02677, 0.152724, 0.083129, 
0.538908, 0.152724, 0.070067, 
0.4504, 0.152724, 0.058578, 
0.586024, 0.152724, 0.069923, 
0.586024, 0.152724, 0.069923, 
0.4504, 0.152724, 0.058578, 
1.02677, 0.152724, 0.083129, 
0.605299, 0.152724, 0.127226, 
0.586024, 0.152724, 0.069923, 
1.02677, 0.152724, 0.083129, 
0.605299, 0.152724, 0.127226, 
1.02677, 0.152724, 0.083129, 
0.9623, 0.152724, 0.098422, 
1.05049, 0.152724, 0.153636, 
1.04023, 0.152724, 0.096526, 
1.45901, 0.152724, 0.343128, 
0.605299, 0.152724, 0.127226, 
0.9623, 0.152724, 0.098422, 
0.934961, 0.152724, 0.133188, 
0.626939, 0.152724, 0.130069, 
0.605299, 0.152724, 0.127226, 
0.934961, 0.152724, 0.133188, 
0.675786, 0.152724, 0.181413, 
0.626939, 0.152724, 0.130069, 
0.703847, 0.152724, 0.134699, 
0.703847, 0.152724, 0.134699, 
0.626939, 0.152724, 0.130069, 
0.934961, 0.152724, 0.133188, 
0.703847, 0.152724, 0.134699, 
0.934961, 0.152724, 0.133188, 
0.906342, 0.152724, 0.150908, 
0.750871, 0.152724, 0.146134, 
0.703847, 0.152724, 0.134699, 
0.858338, 0.152724, 0.149104, 
0.858338, 0.152724, 0.149104, 
0.703847, 0.152724, 0.134699, 
0.906342, 0.152724, 0.150908, 
0.768467, 0.152724, 0.173397, 
0.750871, 0.152724, 0.146134, 
0.810994, 0.152724, 0.154912, 
0.810994, 0.152724, 0.154912, 
0.750871, 0.152724, 0.146134, 
0.858338, 0.152724, 0.149104, 
0.810994, 0.152724, 0.154912, 
0.858338, 0.152724, 0.149104, 
0.905641, 0.152724, 0.162189, 
1.02243, 0.152724, 0.193878, 
1.05049, 0.152724, 0.153636, 
1.3045, 0.152724, 0.281983, 
1.3045, 0.152724, 0.281983, 
1.05049, 0.152724, 0.153636, 
1.45901, 0.152724, 0.343128, 
0.831742, 0.152724, 0.170714, 
0.810994, 0.152724, 0.154912, 
0.905641, 0.152724, 0.162189, 
0.831742, 0.152724, 0.170714, 
0.905641, 0.152724, 0.162189, 
0.91398, 0.152724, 0.190597, 
0.799058, 0.152724, 0.210189, 
0.831742, 0.152724, 0.170714, 
0.91398, 0.152724, 0.190597, 
0.91398, 0.152724, 0.190597, 
0.959392, 0.152724, 0.176294, 
0.995799, 0.152724, 0.185479, 
0.91398, 0.152724, 0.190597, 
0.995799, 0.152724, 0.185479, 
0.957296, 0.152724, 0.196456, 
0.799058, 0.152724, 0.210189, 
0.91398, 0.152724, 0.190597, 
0.957296, 0.152724, 0.196456, 
0.799058, 0.152724, 0.210189, 
0.957296, 0.152724, 0.196456, 
0.892323, 0.152724, 0.247513, 
0.859831, 0.152724, 0.256993, 
0.799058, 0.152724, 0.210189, 
0.892323, 0.152724, 0.247513, 
1.322, 0.152724, 0.338889, 
1.3045, 0.152724, 0.281983, 
1.45901, 0.152724, 0.343128, 
1.52901, 0.152724, 0.432421, 
1.45901, 0.152724, 0.343128, 
1.60505, 0.152724, 0.445117, 
0.402851, 0.192724, -0.952686, 
0.469271, 0.152724, -0.835873, 
0.469271, 0.192724, -0.835873, 
1.60225, 0.192724, -0.950856, 
0.402851, 0.152724, -0.952686, 
0.402851, 0.192724, -0.952686, 
1.60505, 0.192724, 0.445117, 
1.60225, 0.152724, -0.950856, 
1.60225, 0.192724, -0.950856, 
1.52901, 0.192724, 0.432421, 
1.60505, 0.152724, 0.445117, 
1.60505, 0.192724, 0.445117, 
1.45901, 0.192724, 0.343128, 
1.52901, 0.152724, 0.432421, 
1.52901, 0.192724, 0.432421, 
1.322, 0.192724, 0.338889, 
1.45901, 0.152724, 0.343128, 
1.45901, 0.192724, 0.343128, 
1.3045, 0.192724, 0.281983, 
1.322, 0.152724, 0.338889, 
1.322, 0.192724, 0.338889, 
1.02243, 0.192724, 0.193878, 
1.3045, 0.152724, 0.281983, 
1.3045, 0.192724, 0.281983, 
1.05049, 0.192724, 0.153636, 
1.02243, 0.152724, 0.193878, 
1.02243, 0.192724, 0.193878, 
1.04023, 0.192724, 0.096526, 
1.05049, 0.152724, 0.153636, 
1.05049, 0.192724, 0.153636, 
1.09413, 0.192724, 0.042094, 
1.04023, 0.152724, 0.096526, 
1.04023, 0.192724, 0.096526, 
1.02677, 0.192724, 0.058438, 
1.09413, 0.152724, 0.042094, 
1.09413, 0.192724, 0.042094, 
1.02677, 0.192724, 0.083129, 
1.02677, 0.152724, 0.058438, 
1.02677, 0.192724, 0.058438, 
0.9623, 0.192724, 0.098422, 
1.02677, 0.152724, 0.083129, 
1.02677, 0.192724, 0.083129, 
0.934961, 0.192724, 0.133188, 
0.9623, 0.152724, 0.098422, 
0.9623, 0.192724, 0.098422, 
0.906342, 0.192724, 0.150908, 
0.934961, 0.152724, 0.133188, 
0.934961, 0.192724, 0.133188, 
0.858338, 0.192724, 0.149104, 
0.906342, 0.152724, 0.150908, 
0.906342, 0.192724, 0.150908, 
0.905641, 0.192724, 0.162189, 
0.858338, 0.152724, 0.149104, 
0.858338, 0.192724, 0.149104, 
0.91398, 0.192724, 0.190597, 
0.905641, 0.152724, 0.162189, 
0.905641, 0.192724, 0.162189, 
0.959392, 0.192724, 0.176294, 
0.91398, 0.152724, 0.190597, 
0.91398, 0.192724, 0.190597, 
0.995799, 0.192724, 0.185479, 
0.959392, 0.152724, 0.176294, 
0.959392, 0.192724, 0.176294, 
0.957296, 0.192724, 0.196456, 
0.995799, 0.152724, 0.185479, 
0.995799, 0.192724, 0.185479, 
0.892323, 0.192724, 0.247513, 
0.957296, 0.152724, 0.196456, 
0.957296, 0.192724, 0.196456, 
0.859831, 0.192724, 0.256993, 
0.892323, 0.152724, 0.247513, 
0.892323, 0.192724, 0.247513, 
0.799058, 0.192724, 0.210189, 
0.859831, 0.152724, 0.256993, 
0.859831, 0.192724, 0.256993, 
0.831742, 0.192724, 0.170714, 
0.799058, 0.152724, 0.210189, 
0.799058, 0.192724, 0.210189, 
0.810994, 0.192724, 0.154912, 
0.831742, 0.152724, 0.170714, 
0.831742, 0.192724, 0.170714, 
0.768467, 0.192724, 0.173397, 
0.810994, 0.152724, 0.154912, 
0.810994, 0.192724, 0.154912, 
0.750871, 0.192724, 0.146134, 
0.768467, 0.152724, 0.173397, 
0.768467, 0.192724, 0.173397, 
0.703847, 0.192724, 0.134699, 
0.750871, 0.152724, 0.146134, 
0.750871, 0.192724, 0.146134, 
0.675786, 0.192724, 0.181413, 
0.703847, 0.152724, 0.134699, 
0.703847, 0.192724, 0.134699, 
0.626939, 0.192724, 0.130069, 
0.675786, 0.152724, 0.181413, 
0.675786, 0.192724, 0.181413, 
0.605299, 0.192724, 0.127226, 
0.626939, 0.152724, 0.130069, 
0.626939, 0.192724, 0.130069, 
0.586024, 0.192724, 0.069923, 
0.605299, 0.152724, 0.127226, 
0.605299, 0.192724, 0.127226, 
0.538908, 0.192724, 0.070067, 
0.586024, 0.152724, 0.069923, 
0.586024, 0.192724, 0.069923, 
0.4504, 0.192724, 0.058578, 
0.538908, 0.152724, 0.070067, 
0.538908, 0.192724, 0.070067, 
0.436173, 0.192724, -0.055254, 
0.4504, 0.152724, 0.058578, 
0.4504, 0.192724, 0.058578, 
0.476962, 0.192724, -0.153994, 
0.436173, 0.152724, -0.055254, 
0.436173, 0.192724, -0.055254, 
0.452883, 0.192724, -0.232291, 
0.476962, 0.152724, -0.153994, 
0.476962, 0.192724, -0.153994, 
0.450936, 0.192724, -0.276968, 
0.452883, 0.152724, -0.232291, 
0.452883, 0.192724, -0.232291, 
0.498136, 0.192724, -0.350951, 
0.450936, 0.152724, -0.276968, 
0.450936, 0.192724, -0.276968, 
0.489321, 0.192724, -0.469109, 
0.498136, 0.152724, -0.350951, 
0.498136, 0.192724, -0.350951, 
0.462589, 0.192724, -0.483215, 
0.489321, 0.152724, -0.469109, 
0.489321, 0.192724, -0.469109, 
0.439386, 0.192724, -0.550269, 
0.462589, 0.152724, -0.483215, 
0.462589, 0.192724, -0.483215, 
0.432429, 0.192724, -0.594253, 
0.439386, 0.152724, -0.550269, 
0.439386, 0.192724, -0.550269, 
0.479633, 0.192724, -0.618376, 
0.432429, 0.152724, -0.594253, 
0.432429, 0.192724, -0.594253, 
0.490188, 0.192724, -0.651325, 
0.479633, 0.152724, -0.618376, 
0.479633, 0.192724, -0.618376, 
0.515129, 0.192724, -0.640936, 
0.490188, 0.152724, -0.651325, 
0.490188, 0.192724, -0.651325, 
0.535602, 0.192724, -0.657307, 
0.515129, 0.152724, -0.640936, 
0.515129, 0.192724, -0.640936, 
0.563812, 0.192724, -0.625336, 
0.535602, 0.152724, -0.657307, 
0.535602, 0.192724, -0.657307, 
0.612367, 0.192724, -0.641456, 
0.563812, 0.152724, -0.625336, 
0.563812, 0.192724, -0.625336, 
0.600848, 0.192724, -0.697571, 
0.612367, 0.152724, -0.641456, 
0.612367, 0.192724, -0.641456, 
0.61481, 0.192724, -0.721981, 
0.600848, 0.152724, -0.697571, 
0.600848, 0.192724, -0.697571, 
0.600255, 0.192724, -0.758706, 
0.61481, 0.152724, -0.721981, 
0.61481, 0.192724, -0.721981, 
0.565676, 0.192724, -0.771449, 
0.600255, 0.152724, -0.758706, 
0.600255, 0.192724, -0.758706, 
0.504155, 0.192724, -0.812528, 
0.565676, 0.152724, -0.771449, 
0.565676, 0.192724, -0.771449, 
0.469271, 0.192724, -0.835873, 
0.504155, 0.152724, -0.812528, 
0.504155, 0.192724, -0.812528, 
0.402851, 0.192724, -0.952686, 
0.402851, 0.152724, -0.952686, 
0.469271, 0.152724, -0.835873, 
1.60225, 0.192724, -0.950856, 
1.60225, 0.152724, -0.950856, 
0.402851, 0.152724, -0.952686, 
1.60505, 0.192724, 0.445117, 
1.60505, 0.152724, 0.445117, 
1.60225, 0.152724, -0.950856, 
1.52901, 0.192724, 0.432421, 
1.52901, 0.152724, 0.432421, 
1.60505, 0.152724, 0.445117, 
1.45901, 0.192724, 0.343128, 
1.45901, 0.152724, 0.343128, 
1.52901, 0.152724, 0.432421, 
1.322, 0.192724, 0.338889, 
1.322, 0.152724, 0.338889, 
1.45901, 0.152724, 0.343128, 
1.3045, 0.192724, 0.281983, 
1.3045, 0.152724, 0.281983, 
1.322, 0.152724, 0.338889, 
1.02243, 0.192724, 0.193878, 
1.02243, 0.152724, 0.193878, 
1.3045, 0.152724, 0.281983, 
1.05049, 0.192724, 0.153636, 
1.05049, 0.152724, 0.153636, 
1.02243, 0.152724, 0.193878, 
1.04023, 0.192724, 0.096526, 
1.04023, 0.152724, 0.096526, 
1.05049, 0.152724, 0.153636, 
1.09413, 0.192724, 0.042094, 
1.09413, 0.152724, 0.042094, 
1.04023, 0.152724, 0.096526, 
1.02677, 0.192724, 0.058438, 
1.02677, 0.152724, 0.058438, 
1.09413, 0.152724, 0.042094, 
1.02677, 0.192724, 0.083129, 
1.02677, 0.152724, 0.083129, 
1.02677, 0.152724, 0.058438, 
0.9623, 0.192724, 0.098422, 
0.9623, 0.152724, 0.098422, 
1.02677, 0.152724, 0.083129, 
0.934961, 0.192724, 0.133188, 
0.934961, 0.152724, 0.133188, 
0.9623, 0.152724, 0.098422, 
0.906342, 0.192724, 0.150908, 
0.906342, 0.152724, 0.150908, 
0.934961, 0.152724, 0.133188, 
0.858338, 0.192724, 0.149104, 
0.858338, 0.152724, 0.149104, 
0.906342, 0.152724, 0.150908, 
0.905641, 0.192724, 0.162189, 
0.905641, 0.152724, 0.162189, 
0.858338, 0.152724, 0.149104, 
0.91398, 0.192724, 0.190597, 
0.91398, 0.152724, 0.190597, 
0.905641, 0.152724, 0.162189, 
0.959392, 0.192724, 0.176294, 
0.959392, 0.152724, 0.176294, 
0.91398, 0.152724, 0.190597, 
0.995799, 0.192724, 0.185479, 
0.995799, 0.152724, 0.185479, 
0.959392, 0.152724, 0.176294, 
0.957296, 0.192724, 0.196456, 
0.957296, 0.152724, 0.196456, 
0.995799, 0.152724, 0.185479, 
0.892323, 0.192724, 0.247513, 
0.892323, 0.152724, 0.247513, 
0.957296, 0.152724, 0.196456, 
0.859831, 0.192724, 0.256993, 
0.859831, 0.152724, 0.256993, 
0.892323, 0.152724, 0.247513, 
0.799058, 0.192724, 0.210189, 
0.799058, 0.152724, 0.210189, 
0.859831, 0.152724, 0.256993, 
0.831742, 0.192724, 0.170714, 
0.831742, 0.152724, 0.170714, 
0.799058, 0.152724, 0.210189, 
0.810994, 0.192724, 0.154912, 
0.810994, 0.152724, 0.154912, 
0.831742, 0.152724, 0.170714, 
0.768467, 0.192724, 0.173397, 
0.768467, 0.152724, 0.173397, 
0.810994, 0.152724, 0.154912, 
0.750871, 0.192724, 0.146134, 
0.750871, 0.152724, 0.146134, 
0.768467, 0.152724, 0.173397, 
0.703847, 0.192724, 0.134699, 
0.703847, 0.152724, 0.134699, 
0.750871, 0.152724, 0.146134, 
0.675786, 0.192724, 0.181413, 
0.675786, 0.152724, 0.181413, 
0.703847, 0.152724, 0.134699, 
0.626939, 0.192724, 0.130069, 
0.626939, 0.152724, 0.130069, 
0.675786, 0.152724, 0.181413, 
0.605299, 0.192724, 0.127226, 
0.605299, 0.152724, 0.127226, 
0.626939, 0.152724, 0.130069, 
0.586024, 0.192724, 0.069923, 
0.586024, 0.152724, 0.069923, 
0.605299, 0.152724, 0.127226, 
0.538908, 0.192724, 0.070067, 
0.538908, 0.152724, 0.070067, 
0.586024, 0.152724, 0.069923, 
0.4504, 0.192724, 0.058578, 
0.4504, 0.152724, 0.058578, 
0.538908, 0.152724, 0.070067, 
0.436173, 0.192724, -0.055254, 
0.436173, 0.152724, -0.055254, 
0.4504, 0.152724, 0.058578, 
0.476962, 0.192724, -0.153994, 
0.476962, 0.152724, -0.153994, 
0.436173, 0.152724, -0.055254, 
0.452883, 0.192724, -0.232291, 
0.452883, 0.152724, -0.232291, 
0.476962, 0.152724, -0.153994, 
0.450936, 0.192724, -0.276968, 
0.450936, 0.152724, -0.276968, 
0.452883, 0.152724, -0.232291, 
0.498136, 0.192724, -0.350951, 
0.498136, 0.152724, -0.350951, 
0.450936, 0.152724, -0.276968, 
0.489321, 0.192724, -0.469109, 
0.489321, 0.152724, -0.469109, 
0.498136, 0.152724, -0.350951, 
0.462589, 0.192724, -0.483215, 
0.462589, 0.152724, -0.483215, 
0.489321, 0.152724, -0.469109, 
0.439386, 0.192724, -0.550269, 
0.439386, 0.152724, -0.550269, 
0.462589, 0.152724, -0.483215, 
0.432429, 0.192724, -0.594253, 
0.432429, 0.152724, -0.594253, 
0.439386, 0.152724, -0.550269, 
0.479633, 0.192724, -0.618376, 
0.479633, 0.152724, -0.618376, 
0.432429, 0.152724, -0.594253, 
0.490188, 0.192724, -0.651325, 
0.490188, 0.152724, -0.651325, 
0.479633, 0.152724, -0.618376, 
0.515129, 0.192724, -0.640936, 
0.515129, 0.152724, -0.640936, 
0.490188, 0.152724, -0.651325, 
0.535602, 0.192724, -0.657307, 
0.535602, 0.152724, -0.657307, 
0.515129, 0.152724, -0.640936, 
0.563812, 0.192724, -0.625336, 
0.563812, 0.152724, -0.625336, 
0.535602, 0.152724, -0.657307, 
0.612367, 0.192724, -0.641456, 
0.612367, 0.152724, -0.641456, 
0.563812, 0.152724, -0.625336, 
0.600848, 0.192724, -0.697571, 
0.600848, 0.152724, -0.697571, 
0.612367, 0.152724, -0.641456, 
0.61481, 0.192724, -0.721981, 
0.61481, 0.152724, -0.721981, 
0.600848, 0.152724, -0.697571, 
0.600255, 0.192724, -0.758706, 
0.600255, 0.152724, -0.758706, 
0.61481, 0.152724, -0.721981, 
0.565676, 0.192724, -0.771449, 
0.565676, 0.152724, -0.771449, 
0.600255, 0.152724, -0.758706, 
0.504155, 0.192724, -0.812528, 
0.504155, 0.152724, -0.812528, 
0.565676, 0.152724, -0.771449, 
0.469271, 0.192724, -0.835873, 
0.469271, 0.152724, -0.835873, 
0.504155, 0.152724, -0.812528, 
0, 0, 0, 
0, 0, 0, 
0, 0, 0, 
0, 0, 0, 
0, 0, 0, 
0, 0, 0, 
0, 0, 0, 
0, 0, 0, 
0, 0, 0, 
0, 0, 0, 
0, 0, 0, 
0, 0, 0, 
0, 0, 0, 
0, 0, 0, 
0, 0, 0, 
0, 0, 0, 
0, 0, 0, 
0, 0, 0, 
0, 0, 0, 
0, 0, 0, 
0, 0, 0, 
0, 0, 0, 
0, 0, 0, 
0, 0, 0, 
0, 0, 0, 
0, 0, 0, 
0, 0, 0, 
0, 0, 0, 
0, 0, 0, 
0, 0, 0, 
0, 0, 0, 
0, 0, 0, 
0, 0, 0, 
0, 0, 0, 
0, 0, 0, 
0, 0, 0, 
0, 0, 0, 
0, 0, 0, 
0, 0, 0, 
0, 0, 0, 
0, 0, 0, 
0, 0, 0, 
0, 0, 0, 
0, 0, 0, 
0, 0, 0, 
0, 0, 0, 
0, 0, 0, 
0, 0, 0, 
0, 0, 0, 
0, 0, 0, 
0, 0, 0, 
0, 0, 0, 
0, 0, 0, 
0, 0, 0, 
0, 0, 0, 
0, 0, 0, 
0, 0, 0, 
0, 0, 0, 
0, 0, 0, 
0, 0, 0, 
0, 0, 0, 
0, 0, 0, 
0, 0, 0, 
0, 0, 0, 
0, 0, 0, 
0, 0, 0, 
0, 0, 0, 
0, 0, 0, 
0, 0, 0, 
0, 0, 0, 
0, 0, 0, 
0, 0, 0, 
0, 0, 0, 
0, 0, 0, 
0, 0, 0, 
0, 0, 0, 
0, 0, 0, 
0, 0, 0, 
0, 0, 0, 
0, 0, 0, 
0, 0, 0, 
0, 0, 0, 
0, 0, 0, 
0, 0, 0, 
0, 0, 0, 
0, 0, 0, 
0, 0, 0, 
0, 0, 0, 
0, 0, 0, 
0, 0, 0, 
0, 0, 0, 
0, 0, 0, 
0, 0, 0, 
0, 0, 0, 
0, 0, 0, 
0, 0, 0, 
0, 0, 0, 
0, 0, 0, 
0, 0, 0, 
0, 0, 0, 
0, 0, 0, 
0, 0, 0, 
0, 0, 0, 
0, 0, 0, 
0, 0, 0, 
0, 0, 0, 
0, 0, 0, 
0, 0, 0, 
0, 0, 0, 
0, 0, 0, 
0, 0, 0, 
0, 0, 0, 
0, 0, 0, 
0, 0, 0, 
0, 0, 0, 
0, 0, 0, 
0, 0, 0, 
0, 0, 0, 
0, 0, 0, 
0, 0, 0, 
0, 0, 0, 
0, 0, 0, 
0, 0, 0, 
0, 0, 0, 
0, 0, 0, 
0, 0, 0, 
0, 0, 0, 
0, 0, 0, 
0, 0, 0, 
0, 0, 0, 
0, 0, 0, 
0, 0, 0, 
0, 0, 0, 
0, 0, 0, 
0, 0, 0, 
0, 0, 0, 
0, 0, 0, 
0, 0, 0, 
0, 0, 0, 
0, 0, 0, 
0, 0, 0, 
0, 0, 0, 
0, 0, 0, 
0, 0, 0, 
0, 0, 0, 
0, 0, 0, 
0, 0, 0, 
0, 0, 0, 
0, 0, 0, 
0, 0, 0, 
0, 0, 0, 
0, 0, 0, 
0, 0, 0, 
0, 0, 0, 
0, 0, 0, 
0, 0, 0, 
0, 0, 0, 
0, 0, 0, 
0, 0, 0, 
0, 0, 0, 
0, 0, 0, 
0, 0, 0, 
0, 0, 0, 
0, 0, 0, 
0, 0, 0, 
0, 0, 0, 
0, 0, 0, 
0, 0, 0, 
0, 0, 0, 
0, 0, 0, 
0, 0, 0, 
0, 0, 0, 
0, 0, 0, 
0, 0, 0, 
0, 0, 0, 
0, 0, 0, 
0, 0, 0, 
0, 0, 0, 
0, 0, 0, 
0, 0, 0, 
0, 0, 0, 
0, 0, 0, 
0, 0, 0, 
0, 0, 0, 
0, 0, 0, 
0, 0, 0, 
0, 0, 0, 
0, 0, 0, 
0, 0, 0, 
0, 0, 0, 
0, 0, 0, 
0, 0, 0, 
0, 0, 0, 
0, 0, 0, 
0, 0, 0, 
0, 0, 0, 
0, 0, 0, 
0, 0, 0, 
0, 0, 0, 
0, 0, 0, 
0, 0, 0, 
0, 0, 0, 
0, 0, 0, 
0, 0, 0, 
0, 0, 0, 
0, 0, 0, 
0, 0, 0, 
0, 0, 0, 
0, 0, 0, 
0, 0, 0, 
0, 0, 0, 
0, 0, 0, 
0, 0, 0, 
0, 0, 0, 
0, 0, 0, 
0, 0, 0, 
0, 0, 0, 
0, 0, 0, 
0, 0, 0, 
0, 0, 0, 
0, 0, 0, 
0, 0, 0, 
0, 0, 0, 
0, 0, 0, 
0, 0, 0, 
0, 0, 0, 
0, 0, 0, 
0, 0, 0, 
0, 0, 0, 
0, 0, 0, 
0, 0, 0, 
0, 0, 0, 
0, 0, 0, 
0, 0, 0, 
0, 0, 0, 
0, 0, 0, 
0, 0, 0, 
0, 0, 0, 
0, 0, 0, 
0, 0, 0, 
0, 0, 0, 
0, 0, 0, 
0, 0, 0, 
0, 0, 0, 
0, 0, 0, 
0, 0, 0, 
0, 0, 0, 
0, 0, 0, 
0, 0, 0, 
0, 0, 0, 
0, 0, 0, 
0, 0, 0, 
0, 0, 0, 
0, 0, 0, 
0, 0, 0, 
0, 0, 0, 
0, 0, 0, 
0, 0, 0, 
0, 0, 0, 
0, 0, 0, 
0, 0, 0, 
0, 0, 0, 
0, 0, 0, 
0, 0, 0, 
0, 0, 0, 
0, 0, 0, 
0, 0, 0, 
0, 0, 0, 
0, 0, 0, 
0, 0, 0, 
0, 0, 0, 
0, 0, 0, 
0, 0, 0, 
0, 0, 0, 
0, 0, 0, 
0, 0, 0, 
0, 0, 0, 
0, 0, 0, 
0, 0, 0, 
0, 0, 0, 
0, 0, 0, 
0, 0, 0, 
0, 0, 0, 
0, 0, 0, 
0, 0, 0, 
0, 0, 0, 
0, 0, 0, 
0, 0, 0, 
0, 0, 0, 
0, 0, 0, 
0, 0, 0, 
0, 0, 0, 
0, 0, 0, 
0, 0, 0, 
0, 0, 0, 
0, 0, 0, 
0, 0, 0, 
0, 0, 0, 
0, 0, 0, 
0, 0, 0, 
0, 0, 0, 
0, 0, 0, 
0, 0, 0, 
0, 0, 0, 
0, 0, 0, 
0, 0, 0, 
0, 0, 0, 
0, 0, 0, 
0, 0, 0, 
0, 0, 0, 
0, 0, 0, 
0, 0, 0, 
0, 0, 0, 
0, 0, 0, 
0, 0, 0, 
0, 0, 0, 
0, 0, 0, 
0, 0, 0, 
0, 0, 0, 
0, 0, 0, 
0, 0, 0, 
0, 0, 0, 
0, 0, 0, 
0, 0, 0, 
0, 0, 0, 
0, 0, 0, 
0, 0, 0, 
0, 0, 0, 
0, 0, 0, 
0, 0, 0, 
0, 0, 0, 
0, 0, 0, 
0, 0, 0, 
0, 0, 0, 
0, 0, 0, 
0, 0, 0, 
0, 0, 0, 
0, 0, 0, 
0, 0, 0, 
0, 0, 0, 
0, 0, 0, 
0, 0, 0, 
0, 0, 0, 
0, 0, 0, 
0, 0, 0, 
0, 0, 0, 
0, 0, 0, 
0, 0, 0, 
0, 0, 0, 
0, 0, 0, 
0, 0, 0, 
0, 0, 0, 
0, 0, 0, 
0, 0, 0, 
0, 0, 0, 
0, 0, 0, 
0, 0, 0, 
0, 0, 0, 
0, 0, 0, 
0, 0, 0, 
0, 0, 0, 
0, 0, 0, 
0, 0, 0, 
0, 0, 0, 
0, 0, 0, 
0, 0, 0, 
0, 0, 0, 
0, 0, 0, 
0, 0, 0, 
0, 0, 0, 
0, 0, 0, 
0, 0, 0, 
0, 0, 0, 
0, 0, 0, 
0, 0, 0, 
0, 0, 0, 
0, 0, 0, 
0, 0, 0, 
0, 0, 0, 
0, 0, 0, 
0, 0, 0, 
0, 0, 0, 
0, 0, 0, 
0, 0, 0, 
0, 0, 0, 
0, 0, 0, 
0, 0, 0, 
0, 0, 0, 
0, 0, 0, 
0, 0, 0, 
0, 0, 0, 
0, 0, 0, 
0, 0, 0, 
0, 0, 0, 
0, 0, 0, 
0, 0, 0, 
0, 0, 0, 
0, 0, 0, 
0, 0, 0, 
0, 0, 0, 
0, 0, 0, 
0, 0, 0, 
0, 0, 0, 
0, 0, 0, 
0, 0, 0, 
0, 0, 0, 
0, 0, 0, 
0, 0, 0, 
0, 0, 0, 
0, 0, 0, 
0, 0, 0, 
0, 0, 0, 
0, 0, 0, 
0, 0, 0, 
0, 0, 0, 
0, 0, 0, 
0, 0, 0, 
0, 0, 0, 
0, 0, 0, 
0, 0, 0, 
0, 0, 0, 
0, 0, 0, 
0, 0, 0, 
0, 0, 0, 
0, 0, 0, 
0, 0, 0, 
0, 0, 0, 
0, 0, 0, 
0, 0, 0, 
0, 0, 0, 
0, 0, 0, 
0, 0, 0, 
0, 0, 0, 
0, 0, 0, 
0, 0, 0, 
0, 0, 0, 
0, 0, 0, 
0, 0, 0, 
0, 0, 0, 
0, 0, 0, 
0, 0, 0, 
0, 0, 0, 
0, 0, 0, 
0, 0, 0, 
0, 0, 0, 
0, 0, 0, 
0, 0, 0, 
0, 0, 0, 
0, 0, 0, 
0, 0, 0, 
0, 0, 0, 
0, 0, 0, 
0, 0, 0, 
0, 0, 0, 
0, 0, 0, 
0, 0, 0, 
0, 0, 0, 
0, 0, 0, 
0, 0, 0, 
0, 0, 0, 
0, 0, 0, 
0, 0, 0, 
0, 0, 0, 
0, 0, 0, 
0, 0, 0, 
0, 0, 0, 
0, 0, 0, 
0, 0, 0, 
0, 0, 0, 
0, 0, 0, 
0, 0, 0, 
0, 0, 0, 
0, 0, 0, 
0, 0, 0, 
0, 0, 0, 
0, 0, 0, 
0, 0, 0, 
0, 0, 0, 
0, 0, 0, 
0, 0, 0, 
0, 0, 0, 
0, 0, 0, 
0, 0, 0, 
0, 0, 0, 
0, 0, 0, 
0, 0, 0, 
0, 0, 0, 
0, 0, 0, 
0, 0, 0, 
0, 0, 0, 
0, 0, 0, 
0, 0, 0, 
0, 0, 0, 
0, 0, 0, 
0, 0, 0, 
0, 0, 0, 
0, 0, 0, 
0, 0, 0, 
0, 0, 0, 
0, 0, 0, 
0, 0, 0, 
0, 0, 0, 
0, 0, 0, 
0, 0, 0, 
0, 0, 0, 
0, 0, 0, 
0, 0, 0, 
0, 0, 0, 
0, 0, 0, 
0, 0, 0, 
0, 0, 0, 
0, 0, 0, 
0, 0, 0, 
0, 0, 0, 
0, 0, 0, 
0, 0, 0, 
0, 0, 0, 
0, 0, 0, 
0, 0, 0, 
0, 0, 0, 
0, 0, 0, 
0, 0, 0, 
0, 0, 0, 
0, 0, 0, 
0, 0, 0, 
0, 0, 0, 
0, 0, 0, 
0, 0, 0, 
0, 0, 0, 
0, 0, 0, 
0, 0, 0, 
0, 0, 0, 
0, 0, 0, 
0, 0, 0, 
0, 0, 0, 
0, 0, 0, 
0, 0, 0, 
0, 0, 0, 
0, 0, 0, 
0, 0, 0, 
0, 0, 0, 
0, 0, 0, 
0, 0, 0, 
0, 0, 0, 
0, 0, 0, 
0, 0, 0, 
0, 0, 0, 
0, 0, 0, 
0, 0, 0, 
0, 0, 0, 
0, 0, 0, 
0, 0, 0, 
0, 0, 0, 
0, 0, 0, 
0, 0, 0, 
0, 0, 0, 
0, 0, 0, 
0, 0, 0, 
0, 0, 0, 
0, 0, 0, 
0, 0, 0, 
0, 0, 0, 
0, 0, 0, 
0, 0, 0, 
0, 0, 0, 
0, 0, 0, 
0, 0, 0, 
0, 0, 0, 
0, 0, 0, 
0, 0, 0, 
0, 0, 0, 
0, 0, 0, 
0, 0, 0, 
0, 0, 0, 
0, 0, 0, 
0, 0, 0, 
0, 0, 0, 
0, 0, 0, 
0, 0, 0, 
0, 0, 0, 
0, 0, 0, 
0, 0, 0, 
0, 0, 0, 
0, 0, 0, 
0, 0, 0, 
0, 0, 0, 
0, 0, 0, 
0, 0, 0, 
0, 0, 0, 
0, 0, 0, 
0, 0, 0, 
0, 0, 0, 
0, 0, 0, 
0, 0, 0, 
0, 0, 0, 
0, 0, 0, 
0, 0, 0, 
0, 0, 0, 
0, 0, 0, 
0, 0, 0, 
0, 0, 0, 
0, 0, 0, 
0, 0, 0, 
0, 0, 0, 
0, 0, 0, 
0, 0, 0, 
0, 0, 0, 
0, 0, 0, 
0, 0, 0, 
0, 0, 0, 
0, 0, 0, 
0, 0, 0, 
0, 0, 0, 
0, 0, 0, 
0, 0, 0, 
0, 0, 0, 
0, 0, 0, 
0, 0, 0, 
0, 0, 0, 
0, 0, 0, 
0, 0, 0, 
0, 0, 0, 
0, 0, 0, 
0, 0, 0, 
0, 0, 0, 
0, 0, 0, 
0, 0, 0, 
0, 0, 0, 
0, 0, 0, 
0, 0, 0, 
0, 0, 0, 
0, 0, 0, 
0, 0, 0, 
0, 0, 0, 
0, 0, 0, 
0, 0, 0, 
0, 0, 0, 
0, 0, 0, 
0, 0, 0, 
0, 0, 0, 
0, 0, 0, 
0, 0, 0, 
0, 0, 0, 
0, 0, 0, 
0, 0, 0, 
0, 0, 0, 
0, 0, 0, 
0, 0, 0, 
0, 0, 0, 
0, 0, 0, 
0, 0, 0, 
0, 0, 0, 
0, 0, 0, 
0, 0, 0, 
0, 0, 0, 
0, 0, 0, 
0, 0, 0, 
0, 0, 0, 
0, 0, 0, 
0, 0, 0, 
0, 0, 0, 
0, 0, 0, 
0, 0, 0, 
0, 0, 0, 
0, 0, 0, 
0, 0, 0, 
0, 0, 0, 
0, 0, 0, 
0, 0, 0, 
0, 0, 0, 
0, 0, 0, 
0, 0, 0, 
0, 0, 0, 
0, 0, 0, 
0, 0, 0, 
0, 0, 0, 
0, 0, 0, 
0, 0, 0, 
0, 0, 0, 
0, 0, 0, 
0, 0, 0, 
0, 0, 0, 
0, 0, 0, 
0, 0, 0, 
0, 0, 0, 
0, 0, 0, 
0, 0, 0, 
0, 0, 0, 
0, 0, 0, 
0, 0, 0, 
0, 0, 0, 
0, 0, 0, 
0, 0, 0, 
0, 0, 0, 
0, 0, 0, 
0, 0, 0, 
0, 0, 0, 
0, 0, 0, 
0, 0, 0, 
0, 0, 0, 
0, 0, 0, 
0, 0, 0, 
0, 0, 0, 
0, 0, 0, 
0, 0, 0, 
0, 0, 0, 
0, 0, 0, 
0, 0, 0, 
0, 0, 0, 
0, 0, 0, 
0, 0, 0, 
0, 0, 0, 
0, 0, 0, 
0, 0, 0, 
0, 0, 0, 
0, 0, 0, 
0, 0, 0, 
0, 0, 0, 
0, 0, 0, 
0, 0, 0, 
0, 0, 0, 
0, 0, 0, 
0, 0, 0, 
0, 0, 0, 
0, 0, 0, 
0, 0, 0, 
0, 0, 0, 
0, 0, 0, 
0, 0, 0, 
0, 0, 0, 
0, 0, 0, 
0, 0, 0, 
0, 0, 0, 
0, 0, 0, 
0, 0, 0, 
0, 0, 0, 
0, 0, 0, 
0, 0, 0, 
0, 0, 0, 
0, 0, 0, 
0, 0, 0, 
0, 0, 0, 
0, 0, 0, 
0, 0, 0, 
0, 0, 0, 
0, 0, 0, 
0, 0, 0, 
0, 0, 0, 
0, 0, 0, 
0, 0, 0, 
0, 0, 0, 
0, 0, 0, 
0, 0, 0, 
0, 0, 0, 
0, 0, 0, 
0, 0, 0, 
0, 0, 0, 
0, 0, 0, 
0, 0, 0, 
0, 0, 0, 
0, 0, 0, 
0, 0, 0, 
0, 0, 0, 
0, 0, 0, 
0, 0, 0, 
0, 0, 0, 
0, 0, 0, 
0, 0, 0, 
0, 0, 0, 
0, 0, 0, 
0, 0, 0, 
0, 0, 0, 
0, 0, 0, 
0, 0, 0, 
0, 0, 0, 
0, 0, 0, 
0, 0, 0, 
0, 0, 0, 
0, 0, 0, 
0, 0, 0, 
0, 0, 0, 
0, 0, 0, 
0, 0, 0, 
0, 0, 0, 
0, 0, 0, 
0, 0, 0, 
0, 0, 0, 
0, 0, 0, 
0, 0, 0, 
0, 0, 0, 
0, 0, 0, 
0, 0, 0, 
0, 0, 0, 
0, 0, 0, 
0, 0, 0, 
0, 0, 0, 
0, 0, 0, 
0, 0, 0, 
0, 0, 0, 
0, 0, 0, 
0, 0, 0, 
0, 0, 0, 
0, 0, 0, 
0, 0, 0, 
0, 0, 0, 
0, 0, 0, 
0, 0, 0, 
0, 0, 0, 
0, 0, 0, 
0, 0, 0, 
0, 0, 0, 
0, 0, 0, 
0, 0, 0, 
0, 0, 0, 
0, 0, 0, 
0, 0, 0, 
0, 0, 0, 
0, 0, 0, 
0, 0, 0, 
0, 0, 0, 
0, 0, 0, 
0, 0, 0, 
0, 0, 0, 
0, 0, 0, 
0, 0, 0, 
0, 0, 0, 
0, 0, 0, 
0, 0, 0, 
0, 0, 0, 
0, 0, 0, 
0, 0, 0, 
0, 0, 0, 
0, 0, 0, 
0, 0, 0, 
0, 0, 0, 
0, 0, 0, 
0, 0, 0, 
0, 0, 0, 
0, 0, 0, 
0, 0, 0, 
0, 0, 0, 
0, 0, 0, 
0, 0, 0, 
0, 0, 0, 
0, 0, 0, 
0, 0, 0, 
0, 0, 0, 
0, 0, 0, 
0, 0, 0, 
0, 0, 0, 
0, 0, 0, 
0, 0, 0, 
0, 0, 0, 
0, 0, 0, 
0, 0, 0, 
0, 0, 0, 
0, 0, 0, 
0, 0, 0, 
0, 0, 0, 
0, 0, 0, 
0, 0, 0, 
0, 0, 0, 
0, 0, 0, 
0, 0, 0, 
0, 0, 0, 
0, 0, 0, 
0, 0, 0, 
0, 0, 0, 
0, 0, 0, 
0, 0, 0, 
0, 0, 0, 
0, 0, 0, 
0, 0, 0, 
0, 0, 0, 
0, 0, 0, 
0, 0, 0, 
0, 0, 0, 
0, 0, 0, 
0, 0, 0, 
0, 0, 0, 
0, 0, 0, 
0, 0, 0, 
0, 0, 0, 
0, 0, 0, 
0, 0, 0, 
0, 0, 0, 
0, 0, 0, 
0, 0, 0, 
0, 0, 0, 
0, 0, 0, 
0, 0, 0, 
0, 0, 0, 
0, 0, 0, 
0, 0, 0, 
0, 0, 0, 
0, 0, 0, 
0, 0, 0, 
0, 0, 0, 
0, 0, 0, 
0, 0, 0, 
0, 0, 0, 
0, 0, 0, 
0, 0, 0, 
0, 0, 0, 
0, 0, 0, 
0, 0, 0, 
0, 0, 0, 
0, 0, 0, 
0, 0, 0, 
0, 0, 0, 
0, 0, 0, 
0, 0, 0, 
0, 0, 0, 
0, 0, 0, 
0, 0, 0, 
0, 0, 0, 
0, 0, 0, 
0, 0, 0, 
0, 0, 0, 
0, 0, 0, 
0, 0, 0, 
0, 0, 0, 
0, 0, 0, 
0, 0, 0, 
0, 0, 0, 
0, 0, 0, 
0, 0, 0, 
0, 0, 0, 
0, 0, 0, 
0, 0, 0, 
0, 0, 0, 
0, 0, 0, 
0, 0, 0, 
0, 0, 0, 
0, 0, 0, 
0, 0, 0, 
0, 0, 0, 
0, 0, 0, 
0, 0, 0, 
0, 0, 0, 
0, 0, 0, 
0, 0, 0, 
0, 0, 0, 
0, 0, 0, 
0, 0, 0, 
0, 0, 0, 
0, 0, 0, 
0, 0, 0, 
0, 0, 0, 
0, 0, 0, 
0, 0, 0, 
0, 0, 0, 
0, 0, 0, 
0, 0, 0, 
0, 0, 0, 
0, 0, 0, 
0, 0, 0, 
0, 0, 0, 
0, 0, 0, 
0, 0, 0, 
0, 0, 0, 
0, 0, 0, 
0, 0, 0, 
0, 0, 0, 
0, 0, 0, 
0, 0, 0, 
0, 0, 0, 
0, 0, 0, 
0, 0, 0, 
0, 0, 0, 
0, 0, 0, 
0, 0, 0, 
0, 0, 0, 
0, 0, 0, 
0, 0, 0, 
0, 0, 0, 
0, 0, 0, 
0, 0, 0, 
0, 0, 0, 
0, 0, 0, 
0, 0, 0, 
0, 0, 0, 
0, 0, 0, 
0, 0, 0, 
0, 0, 0, 
0, 0, 0, 
0, 0, 0, 
0, 0, 0, 
0, 0, 0, 
0, 0, 0, 
0, 0, 0, 
0, 0, 0, 
0, 0, 0, 
0, 0, 0, 
0, 0, 0, 
0, 0, 0, 
0, 0, 0, 
0, 0, 0, 
0, 0, 0, 
0, 0, 0, 
0, 0, 0, 
0, 0, 0, 
0, 0, 0, 
0, 0, 0, 
0, 0, 0, 
0, 0, 0, 
0, 0, 0, 
0, 0, 0, 
0, 0, 0, 
0, 0, 0, 
0, 0, 0, 
0, 0, 0, 
0, 0, 0, 
0, 0, 0, 
0, 0, 0, 
0, 0, 0, 
0, 0, 0, 
0, 0, 0, 
0, 0, 0, 
0, 0, 0, 
0, 0, 0, 
0, 0, 0, 
0, 0, 0, 
0, 0, 0, 
0, 0, 0, 
0, 0, 0, 
0, 0, 0, 
0, 0, 0, 
0, 0, 0, 
0, 0, 0, 
0, 0, 0, 
0, 0, 0, 
0, 0, 0, 
0, 0, 0, 
0, 0, 0, 
0, 0, 0, 
0, 0, 0, 
0, 0, 0, 
0, 0, 0, 
0, 0, 0, 
0, 0, 0, 
0, 0, 0, 
0, 0, 0, 
0, 0, 0, 
0, 0, 0, 
0, 0, 0, 
0, 0, 0, 
0, 0, 0, 
0, 0, 0, 
0, 0, 0, 
0, 0, 0, 
0, 0, 0, 
0, 0, 0, 
0, 0, 0, 
0, 0, 0, 
0, 0, 0, 
0, 0, 0, 
0, 0, 0, 
0, 0, 0, 
0, 0, 0, 
0, 0, 0, 
0, 0, 0, 
0, 0, 0, 
0, 0, 0, 
0, 0, 0, 
0, 0, 0, 
0, 0, 0, 
0, 0, 0, 
0, 0, 0, 
0, 0, 0, 
0, 0, 0, 
0, 0, 0, 
0, 0, 0, 
0, 0, 0, 
0, 0, 0, 
0, 0, 0, 
0, 0, 0, 
0, 0, 0, 
0, 0, 0, 
0, 0, 0, 
0, 0, 0, 
0, 0, 0, 
0, 0, 0, 
0, 0, 0, 
0, 0, 0, 
0, 0, 0, 
0, 0, 0, 
0, 0, 0, 
0, 0, 0, 
0, 0, 0, 
0, 0, 0, 
0, 0, 0, 
0, 0, 0, 
0, 0, 0, 
0, 0, 0, 
0, 0, 0, 
0, 0, 0, 
0, 0, 0, 
0, 0, 0, 
0, 0, 0, 
0, 0, 0, 
0, 0, 0, 
0, 0, 0, 
0, 0, 0, 
0, 0, 0, 
0, 0, 0, 
0, 0, 0, 
0, 0, 0, 
0, 0, 0, 
0, 0, 0, 
0, 0, 0, 
0, 0, 0, 
0, 0, 0, 
0, 0, 0, 
0, 0, 0, 
0, 0, 0, 
0, 0, 0, 
0, 0, 0, 
0, 0, 0, 
0, 0, 0, 
0, 0, 0, 
0, 0, 0, 
0, 0, 0, 
0, 0, 0, 
0, 0, 0, 
0, 0, 0, 
0, 0, 0, 
0, 0, 0, 
0, 0, 0, 
0, 0, 0, 
0, 0, 0, 
0, 0, 0, 
0, 0, 0, 
0, 0, 0, 
0, 0, 0, 
0, 0, 0, 
0, 0, 0, 
0, 0, 0, 
0, 0, 0, 
0, 0, 0, 
0, 0, 0, 
0, 0, 0, 
0, 0, 0, 
0, 0, 0, 
0, 0, 0, 
0, 0, 0, 
0, 0, 0, 
0, 0, 0, 
0, 0, 0, 
0, 0, 0, 
0, 0, 0, 
0, 0, 0, 
0, 0, 0, 
0, 0, 0, 
0, 0, 0, 
0, 0, 0, 
0, 0, 0, 
0, 0, 0, 
0, 0, 0, 
0, 0, 0, 
0, 0, 0, 
0, 0, 0, 
0, 0, 0, 
0, 0, 0, 
0, 0, 0, 
0, 0, 0, 
0, 0, 0, 
0, 0, 0, 
0, 0, 0, 
0, 0, 0, 
0, 0, 0, 
0, 0, 0, 
0, 0, 0, 
0, 0, 0, 
0, 0, 0, 
0, 0, 0, 
0, 0, 0, 
0, 0, 0, 
0, 0, 0, 
0, 0, 0, 
0, 0, 0, 
0, 0, 0, 
0, 0, 0, 
0, 0, 0, 
0, 0, 0, 
0, 0, 0, 
0, 0, 0, 
0, 0, 0, 
0, 0, 0, 
0, 0, 0, 
0, 0, 0, 
0, 0, 0, 
0, 0, 0, 
0, 0, 0, 
0, 0, 0, 
0, 0, 0, 
0, 0, 0, 
0, 0, 0, 
0, 0, 0, 
0, 0, 0, 
0, 0, 0, 
0, 0, 0, 
0, 0, 0, 
0, 0, 0, 
0, 0, 0, 
0, 0, 0, 
0, 0, 0, 
0, 0, 0, 
0, 0, 0, 
0, 0, 0, 
0, 0, 0, 
0, 0, 0, 
0, 0, 0, 
0, 0, 0, 
0, 0, 0, 
0, 0, 0, 
0, 0, 0, 
0, 0, 0, 
0, 0, 0, 
0, 0, 0, 
0, 0, 0, 
0, 0, 0, 
0, 0, 0, 
0, 0, 0, 
0, 0, 0, 
0, 0, 0, 
0, 0, 0, 
0, 0, 0, 
0, 0, 0, 
0, 0, 0, 
0, 0, 0, 
0, 0, 0, 
0, 0, 0, 
0, 0, 0, 
0, 0, 0, 
0, 0, 0, 
0, 0, 0, 
0, 0, 0, 
0, 0, 0, 
0, 0, 0, 
0, 0, 0, 
0, 0, 0, 
0, 0, 0, 
0, 0, 0, 
0, 0, 0, 
0, 0, 0, 
0, 0, 0, 
0, 0, 0, 
0, 0, 0, 
0, 0, 0, 
0, 0, 0, 
0, 0, 0, 
0, 0, 0, 
0, 0, 0, 
0, 0, 0, 
0, 0, 0, 
0, 0, 0, 
0, 0, 0, 
0, 0, 0, 
0, 0, 0, 
0, 0, 0, 
0, 0, 0, 
0, 0, 0, 
0, 0, 0, 
0, 0, 0, 
0, 0, 0, 
0, 0, 0, 
0, 0, 0, 
0, 0, 0, 
0, 0, 0, 
0, 0, 0, 
0, 0, 0, 
0, 0, 0, 
0, 0, 0, 
0, 0, 0, 
0, 0, 0, 
0, 0, 0, 
0, 0, 0, 
0, 0, 0, 
0, 0, 0, 
0, 0, 0, 
0, 0, 0, 
0, 0, 0, 
0, 0, 0, 
0, 0, 0, 
0, 0, 0, 
0, 0, 0, 
0, 0, 0, 
0, 0, 0, 
0, 0, 0, 
0, 0, 0, 
0, 0, 0, 
0, 0, 0, 
0, 0, 0, 
0, 0, 0, 
0, 0, 0, 
0, 0, 0, 
0, 0, 0, 
0, 0, 0, 
0, 0, 0, 
0, 0, 0, 
0, 0, 0, 
0, 0, 0, 
0, 0, 0, 
0, 0, 0, 
0, 0, 0, 
0, 0, 0, 
0, 0, 0, 
0, 0, 0, 
0, 0, 0, 
0, 0, 0, 
0, 0, 0, 
0, 0, 0, 
0, 0, 0, 
0, 0, 0, 
0, 0, 0, 
0, 0, 0, 
0, 0, 0, 
0, 0, 0, 
0, 0, 0, 
0, 0, 0, 
0, 0, 0, 
0, 0, 0, 
0, 0, 0, 
0, 0, 0, 
0, 0, 0, 
0, 0, 0, 
0, 0, 0, 
0, 0, 0, 
0, 0, 0, 
0, 0, 0, 
0, 0, 0, 
0, 0, 0, 
0, 0, 0, 
0, 0, 0, 
0, 0, 0, 
0, 0, 0, 
0, 0, 0, 
0, 0, 0, 
0, 0, 0, 
0, 0, 0, 
0, 0, 0, 
0, 0, 0, 
0, 0, 0, 
0, 0, 0, 
0, 0, 0, 
0, 0, 0, 
0, 0, 0, 
0, 0, 0, 
0, 0, 0, 
0, 0, 0, 
0, 0, 0, 
0, 0, 0, 
0, 0, 0, 
0, 0, 0, 
0, 0, 0, 
]);
var u1n = new Float32Array([
0, 1, 0, 
0, 1, 0, 
0, 1, 0, 
0, 1, 0, 
0, 1, 0, 
0, 1, 0, 
0, 1, 0, 
0, 1, 0, 
0, 1, 0, 
0, 1, 0, 
0, 1, 0, 
0, 1, 0, 
0, 1, 0, 
0, 1, 0, 
0, 1, 0, 
0, 1, 0, 
0, 1, 0, 
0, 1, 0, 
0, 1, 0, 
0, 1, 0, 
0, 1, 0, 
0, 1, 0, 
0, 1, 0, 
0, 1, 0, 
0, 1, 0, 
0, 1, 0, 
0, 1, 0, 
0, 1, 0, 
0, 1, 0, 
0, 1, 0, 
0, 1, 0, 
0, 1, 0, 
0, 1, 0, 
0, 1, 0, 
0, 1, 0, 
0, 1, 0, 
0, 1, 0, 
0, 1, 0, 
0, 1, 0, 
0, 1, 0, 
0, 1, 0, 
0, 1, 0, 
0, 1, 0, 
0, 1, 0, 
0, 1, 0, 
0, 1, 0, 
0, 1, 0, 
0, 1, 0, 
0, 1, 0, 
0, 1, 0, 
0, 1, 0, 
0, 1, 0, 
0, 1, 0, 
0, 1, 0, 
0, 1, 0, 
0, 1, 0, 
0, 1, 0, 
0, 1, 0, 
0, 1, 0, 
0, 1, 0, 
0, 1, 0, 
0, 1, 0, 
0, 1, 0, 
0, 1, 0, 
0, 1, 0, 
0, 1, 0, 
0, 1, 0, 
0, 1, 0, 
0, 1, 0, 
0, 1, 0, 
0, 1, 0, 
0, 1, 0, 
0, 1, 0, 
0, 1, 0, 
0, 1, 0, 
0, 1, 0, 
0, 1, 0, 
0, 1, 0, 
0, 1, 0, 
0, 1, 0, 
0, 1, 0, 
0, 1, 0, 
0, 1, 0, 
0, 1, 0, 
0, 1, 0, 
0, 1, 0, 
0, 1, 0, 
0, 1, 0, 
0, 1, 0, 
0, 1, 0, 
0, 1, 0, 
0, 1, 0, 
0, 1, 0, 
0, 1, 0, 
0, 1, 0, 
0, 1, 0, 
0, 1, 0, 
0, 1, 0, 
0, 1, 0, 
0, 1, 0, 
0, 1, 0, 
0, 1, 0, 
0, 1, 0, 
0, 1, 0, 
0, 1, 0, 
0, 1, 0, 
0, 1, 0, 
0, 1, 0, 
0, 1, 0, 
0, 1, 0, 
0, 1, 0, 
0, 1, 0, 
0, 1, 0, 
0, 1, 0, 
0, 1, 0, 
0, 1, 0, 
0, 1, 0, 
0, 1, 0, 
0, 1, 0, 
0, 1, 0, 
0, 1, 0, 
0, 1, 0, 
0, 1, 0, 
0, 1, 0, 
0, 1, 0, 
0, 1, 0, 
0, 1, 0, 
0, 1, 0, 
0, 1, 0, 
0, 1, 0, 
0, 1, 0, 
0, 1, 0, 
0, 1, 0, 
0, 1, 0, 
0, 1, 0, 
0, 1, 0, 
0, 1, 0, 
0, 1, 0, 
0, 1, 0, 
0, 1, 0, 
0, 1, 0, 
0, 1, 0, 
0, 1, 0, 
0, 1, 0, 
0, 1, 0, 
0, 1, 0, 
0, 1, 0, 
0, 1, 0, 
0, 1, 0, 
0, 1, 0, 
0, 1, 0, 
0, 1, 0, 
0, 1, 0, 
0, 1, 0, 
0, 1, 0, 
0, 1, 0, 
0, 1, 0, 
0, 1, 0, 
0, 1, 0, 
0, 1, 0, 
0, 1, 0, 
0, 1, 0, 
0, 1, 0, 
0, 1, 0, 
0, 1, 0, 
0, 1, 0, 
0, 1, 0, 
0, 1, 0, 
0, 1, 0, 
0, 1, 0, 
0, 1, 0, 
0, -1, 0, 
0, -1, 0, 
0, -1, 0, 
0, -1, 0, 
0, -1, 0, 
0, -1, 0, 
0, -1, 0, 
0, -1, 0, 
0, -1, 0, 
0, -1, 0, 
0, -1, 0, 
0, -1, 0, 
0, -1, 0, 
0, -1, 0, 
0, -1, 0, 
0, -1, 0, 
0, -1, 0, 
0, -1, 0, 
0, -1, 0, 
0, -1, 0, 
0, -1, 0, 
0, -1, 0, 
0, -1, 0, 
0, -1, 0, 
0, -1, 0, 
0, -1, 0, 
0, -1, 0, 
0, -1, 0, 
0, -1, 0, 
0, -1, 0, 
0, -1, 0, 
0, -1, 0, 
0, -1, 0, 
0, -1, 0, 
0, -1, 0, 
0, -1, 0, 
0, -1, 0, 
0, -1, 0, 
0, -1, 0, 
0, -1, 0, 
0, -1, 0, 
0, -1, 0, 
0, -1, 0, 
0, -1, 0, 
0, -1, 0, 
0, -1, 0, 
0, -1, 0, 
0, -1, 0, 
0, -1, 0, 
0, -1, 0, 
0, -1, 0, 
0, -1, 0, 
0, -1, 0, 
0, -1, 0, 
0, -1, 0, 
0, -1, 0, 
0, -1, 0, 
0, -1, 0, 
0, -1, 0, 
0, -1, 0, 
0, -1, 0, 
0, -1, 0, 
0, -1, 0, 
0, -1, 0, 
0, -1, 0, 
0, -1, 0, 
0, -1, 0, 
0, -1, 0, 
0, -1, 0, 
0, -1, 0, 
0, -1, 0, 
0, -1, 0, 
0, -1, 0, 
0, -1, 0, 
0, -1, 0, 
0, -1, 0, 
0, -1, 0, 
0, -1, 0, 
0, -1, 0, 
0, -1, 0, 
0, -1, 0, 
0, -1, 0, 
0, -1, 0, 
0, -1, 0, 
0, -1, 0, 
0, -1, 0, 
0, -1, 0, 
0, -1, 0, 
0, -1, 0, 
0, -1, 0, 
0, -1, 0, 
0, -1, 0, 
0, -1, 0, 
0, -1, 0, 
0, -1, 0, 
0, -1, 0, 
0, -1, 0, 
0, -1, 0, 
0, -1, 0, 
0, -1, 0, 
0, -1, 0, 
0, -1, 0, 
0, -1, 0, 
0, -1, 0, 
0, -1, 0, 
0, -1, 0, 
0, -1, 0, 
0, -1, 0, 
0, -1, 0, 
0, -1, 0, 
0, -1, 0, 
0, -1, 0, 
0, -1, 0, 
0, -1, 0, 
0, -1, 0, 
0, -1, 0, 
0, -1, 0, 
0, -1, 0, 
0, -1, 0, 
0, -1, 0, 
0, -1, 0, 
0, -1, 0, 
0, -1, 0, 
0, -1, 0, 
0, -1, 0, 
0, -1, 0, 
0, -1, 0, 
0, -1, 0, 
0, -1, 0, 
0, -1, 0, 
0, -1, 0, 
0, -1, 0, 
0, -1, 0, 
0, -1, 0, 
0, -1, 0, 
0, -1, 0, 
0, -1, 0, 
0, -1, 0, 
0, -1, 0, 
0, -1, 0, 
0, -1, 0, 
0, -1, 0, 
0, -1, 0, 
0, -1, 0, 
0, -1, 0, 
0, -1, 0, 
0, -1, 0, 
0, -1, 0, 
0, -1, 0, 
0, -1, 0, 
0, -1, 0, 
0, -1, 0, 
0, -1, 0, 
0, -1, 0, 
0, -1, 0, 
0, -1, 0, 
0, -1, 0, 
0, -1, 0, 
0, -1, 0, 
0, -1, 0, 
0, -1, 0, 
0, -1, 0, 
0, -1, 0, 
0, -1, 0, 
0, -1, 0, 
-0.864, 0, -0.5035, 
-0.7324, 0, 0.6809, 
-0.7324, 0, 0.6809, 
0.7069, 0, -0.7073, 
-0.864, 0, -0.5035, 
-0.864, 0, -0.5035, 
0.647, 0, 0.7625, 
0.7069, 0, -0.7073, 
0.7069, 0, -0.7073, 
-0.5104, 0, 0.8599, 
0.647, 0, 0.7625, 
0.647, 0, 0.7625, 
-0.4515, 0, 0.8923, 
-0.5104, 0, 0.8599, 
-0.5104, 0, 0.8599, 
-0.6066, 0, 0.795, 
-0.4515, 0, 0.8923, 
-0.4515, 0, 0.8923, 
-0.7087, 0, 0.7055, 
-0.6066, 0, 0.795, 
-0.6066, 0, 0.795, 
-0.9462, 0, 0.3236, 
-0.7087, 0, 0.7055, 
-0.7087, 0, 0.7055, 
-0.9769, 0, -0.2139, 
-0.9462, 0, 0.3236, 
-0.9462, 0, 0.3236, 
-0.9549, 0, -0.2968, 
-0.9769, 0, -0.2139, 
-0.9769, 0, -0.2139, 
-0.8707, 0, 0.4918, 
-0.9549, 0, -0.2968, 
-0.9549, 0, -0.2968, 
0.7861, 0, 0.6182, 
-0.8707, 0, 0.4918, 
-0.8707, 0, 0.4918, 
0.7845, 0, 0.6202, 
0.7861, 0, 0.6182, 
0.7861, 0, 0.6182, 
0.5385, 0, 0.8426, 
0.7845, 0, 0.6202, 
0.7845, 0, 0.6202, 
0.6664, 0, 0.7456, 
0.5385, 0, 0.8426, 
0.5385, 0, 0.8426, 
0.2556, 0, 0.9668, 
0.6664, 0, 0.7456, 
0.6664, 0, 0.7456, 
0.9882, 0, 0.1531, 
0.2556, 0, 0.9668, 
0.2556, 0, 0.9668, 
0.7015, 0, -0.7126, 
0.9882, 0, 0.1531, 
0.9882, 0, 0.1531, 
0.4707, 0, -0.8823, 
0.7015, 0, -0.7126, 
0.7015, 0, -0.7126, 
-0.029, 0, -0.9996, 
0.4707, 0, -0.8823, 
0.4707, 0, -0.8823, 
0.9999, 0, -0.0153, 
-0.029, 0, -0.9996, 
-0.029, 0, -0.9996, 
0.4546, 0, 0.8907, 
0.9999, 0, -0.0153, 
0.9999, 0, -0.0153, 
0.4573, 0, 0.8893, 
0.4546, 0, 0.8907, 
0.4546, 0, 0.8907, 
-0.1851, 0, 0.9827, 
0.4573, 0, 0.8893, 
0.4573, 0, 0.8893, 
-0.9938, 0, 0.1113, 
-0.1851, 0, 0.9827, 
-0.1851, 0, 0.9827, 
-0.9935, 0, 0.1139, 
-0.9938, 0, 0.1113, 
-0.9938, 0, 0.1113, 
-0.1201, 0, 0.9928, 
-0.9935, 0, 0.1139, 
-0.9935, 0, 0.1139, 
-0.2896, 0, 0.9571, 
-0.1201, 0, 0.9928, 
-0.1201, 0, 0.9928, 
-0.5795, 0, 0.815, 
-0.2896, 0, 0.9571, 
-0.2896, 0, 0.9571, 
0.3854, 0, 0.9227, 
-0.5795, 0, 0.815, 
-0.5795, 0, 0.815, 
0.1096, 0, 0.994, 
0.3854, 0, 0.9227, 
0.3854, 0, 0.9227, 
-0.4533, 0, 0.8914, 
0.1096, 0, 0.994, 
0.1096, 0, 0.994, 
-0.6354, 0, 0.7722, 
-0.4533, 0, 0.8914, 
-0.4533, 0, 0.8914, 
-0.5824, 0, 0.8129, 
-0.6354, 0, 0.7722, 
-0.6354, 0, 0.7722, 
-0.063, 0, 0.998, 
-0.5824, 0, 0.8129, 
-0.5824, 0, 0.8129, 
-0.7088, 0, 0.7054, 
-0.063, 0, 0.998, 
-0.063, 0, 0.998, 
-0.9911, 0, -0.1333, 
-0.7088, 0, 0.7054, 
-0.7088, 0, 0.7054, 
-0.9989, 0, -0.0467, 
-0.9911, 0, -0.1333, 
-0.9911, 0, -0.1333, 
-0.9854, 0, 0.1701, 
-0.9989, 0, -0.0467, 
-0.9989, 0, -0.0467, 
-0.9658, 0, -0.2592, 
-0.9854, 0, 0.1701, 
-0.9854, 0, 0.1701, 
-0.9697, 0, -0.2442, 
-0.9658, 0, -0.2592, 
-0.9658, 0, -0.2592, 
-0.8365, 0, 0.5479, 
-0.9697, 0, -0.2442, 
-0.9697, 0, -0.2442, 
-0.7589, 0, 0.6512, 
-0.8365, 0, 0.5479, 
-0.8365, 0, 0.5479, 
-0.9701, 0, 0.2426, 
-0.7589, 0, 0.6512, 
-0.7589, 0, 0.6512, 
-0.8912, 0, -0.4535, 
-0.9701, 0, 0.2426, 
-0.9701, 0, 0.2426, 
-0.7621, 0, -0.6474, 
-0.8912, 0, -0.4535, 
-0.8912, 0, -0.4535, 
-0.4196, 0, -0.9077, 
-0.7621, 0, -0.6474, 
-0.7621, 0, -0.6474, 
-0.1395, 0, -0.9902, 
-0.4196, 0, -0.9077, 
-0.4196, 0, -0.9077, 
0.0866, 0, -0.9962, 
-0.1395, 0, -0.9902, 
-0.1395, 0, -0.9902, 
0.2606, 0, -0.9654, 
0.0866, 0, -0.9962, 
0.0866, 0, -0.9962, 
-0.8659, 0, -0.5003, 
0.2606, 0, -0.9654, 
0.2606, 0, -0.9654, 
-0.9875, 0, -0.1579, 
-0.8659, 0, -0.5003, 
-0.8659, 0, -0.5003, 
-0.9975, 0, -0.071, 
-0.9875, 0, -0.1579, 
-0.9875, 0, -0.1579, 
-0.6985, 0, 0.7156, 
-0.9975, 0, -0.071, 
-0.9975, 0, -0.071, 
-0.4537, 0, 0.8912, 
-0.6985, 0, 0.7156, 
-0.6985, 0, 0.7156, 
-0.5557, 0, 0.8314, 
-0.4537, 0, 0.8912, 
-0.4537, 0, 0.8912, 
-0.7324, 0, 0.6809, 
-0.5557, 0, 0.8314, 
-0.5557, 0, 0.8314, 
-0.864, 0, -0.5035, 
-0.864, 0, -0.5035, 
-0.7324, 0, 0.6809, 
0.7069, 0, -0.7073, 
0.7069, 0, -0.7073, 
-0.864, 0, -0.5035, 
0.647, 0, 0.7625, 
0.647, 0, 0.7625, 
0.7069, 0, -0.7073, 
-0.5104, 0, 0.8599, 
-0.5104, 0, 0.8599, 
0.647, 0, 0.7625, 
-0.4515, 0, 0.8923, 
-0.4515, 0, 0.8923, 
-0.5104, 0, 0.8599, 
-0.6066, 0, 0.795, 
-0.6066, 0, 0.795, 
-0.4515, 0, 0.8923, 
-0.7087, 0, 0.7055, 
-0.7087, 0, 0.7055, 
-0.6066, 0, 0.795, 
-0.9462, 0, 0.3236, 
-0.9462, 0, 0.3236, 
-0.7087, 0, 0.7055, 
-0.9769, 0, -0.2139, 
-0.9769, 0, -0.2139, 
-0.9462, 0, 0.3236, 
-0.9549, 0, -0.2968, 
-0.9549, 0, -0.2968, 
-0.9769, 0, -0.2139, 
-0.8707, 0, 0.4918, 
-0.8707, 0, 0.4918, 
-0.9549, 0, -0.2968, 
0.7861, 0, 0.6182, 
0.7861, 0, 0.6182, 
-0.8707, 0, 0.4918, 
0.7845, 0, 0.6202, 
0.7845, 0, 0.6202, 
0.7861, 0, 0.6182, 
0.5385, 0, 0.8426, 
0.5385, 0, 0.8426, 
0.7845, 0, 0.6202, 
0.6664, 0, 0.7456, 
0.6664, 0, 0.7456, 
0.5385, 0, 0.8426, 
0.2556, 0, 0.9668, 
0.2556, 0, 0.9668, 
0.6664, 0, 0.7456, 
0.9882, 0, 0.1531, 
0.9882, 0, 0.1531, 
0.2556, 0, 0.9668, 
0.7015, 0, -0.7126, 
0.7015, 0, -0.7126, 
0.9882, 0, 0.1531, 
0.4707, 0, -0.8823, 
0.4707, 0, -0.8823, 
0.7015, 0, -0.7126, 
-0.029, 0, -0.9996, 
-0.029, 0, -0.9996, 
0.4707, 0, -0.8823, 
0.9999, 0, -0.0153, 
0.9999, 0, -0.0153, 
-0.029, 0, -0.9996, 
0.4546, 0, 0.8907, 
0.4546, 0, 0.8907, 
0.9999, 0, -0.0153, 
0.4573, 0, 0.8893, 
0.4573, 0, 0.8893, 
0.4546, 0, 0.8907, 
-0.1851, 0, 0.9827, 
-0.1851, 0, 0.9827, 
0.4573, 0, 0.8893, 
-0.9938, 0, 0.1113, 
-0.9938, 0, 0.1113, 
-0.1851, 0, 0.9827, 
-0.9935, 0, 0.1139, 
-0.9935, 0, 0.1139, 
-0.9938, 0, 0.1113, 
-0.1201, 0, 0.9928, 
-0.1201, 0, 0.9928, 
-0.9935, 0, 0.1139, 
-0.2896, 0, 0.9571, 
-0.2896, 0, 0.9571, 
-0.1201, 0, 0.9928, 
-0.5795, 0, 0.815, 
-0.5795, 0, 0.815, 
-0.2896, 0, 0.9571, 
0.3854, 0, 0.9227, 
0.3854, 0, 0.9227, 
-0.5795, 0, 0.815, 
0.1096, 0, 0.994, 
0.1096, 0, 0.994, 
0.3854, 0, 0.9227, 
-0.4533, 0, 0.8914, 
-0.4533, 0, 0.8914, 
0.1096, 0, 0.994, 
-0.6354, 0, 0.7722, 
-0.6354, 0, 0.7722, 
-0.4533, 0, 0.8914, 
-0.5824, 0, 0.8129, 
-0.5824, 0, 0.8129, 
-0.6354, 0, 0.7722, 
-0.063, 0, 0.998, 
-0.063, 0, 0.998, 
-0.5824, 0, 0.8129, 
-0.7088, 0, 0.7054, 
-0.7088, 0, 0.7054, 
-0.063, 0, 0.998, 
-0.9911, 0, -0.1333, 
-0.9911, 0, -0.1333, 
-0.7088, 0, 0.7054, 
-0.9989, 0, -0.0467, 
-0.9989, 0, -0.0467, 
-0.9911, 0, -0.1333, 
-0.9854, 0, 0.1701, 
-0.9854, 0, 0.1701, 
-0.9989, 0, -0.0467, 
-0.9658, 0, -0.2592, 
-0.9658, 0, -0.2592, 
-0.9854, 0, 0.1701, 
-0.9697, 0, -0.2442, 
-0.9697, 0, -0.2442, 
-0.9658, 0, -0.2592, 
-0.8365, 0, 0.5479, 
-0.8365, 0, 0.5479, 
-0.9697, 0, -0.2442, 
-0.7589, 0, 0.6512, 
-0.7589, 0, 0.6512, 
-0.8365, 0, 0.5479, 
-0.9701, 0, 0.2426, 
-0.9701, 0, 0.2426, 
-0.7589, 0, 0.6512, 
-0.8912, 0, -0.4535, 
-0.8912, 0, -0.4535, 
-0.9701, 0, 0.2426, 
-0.7621, 0, -0.6474, 
-0.7621, 0, -0.6474, 
-0.8912, 0, -0.4535, 
-0.4196, 0, -0.9077, 
-0.4196, 0, -0.9077, 
-0.7621, 0, -0.6474, 
-0.1395, 0, -0.9902, 
-0.1395, 0, -0.9902, 
-0.4196, 0, -0.9077, 
0.0866, 0, -0.9962, 
0.0866, 0, -0.9962, 
-0.1395, 0, -0.9902, 
0.2606, 0, -0.9654, 
0.2606, 0, -0.9654, 
0.0866, 0, -0.9962, 
-0.8659, 0, -0.5003, 
-0.8659, 0, -0.5003, 
0.2606, 0, -0.9654, 
-0.9875, 0, -0.1579, 
-0.9875, 0, -0.1579, 
-0.8659, 0, -0.5003, 
-0.9975, 0, -0.071, 
-0.9975, 0, -0.071, 
-0.9875, 0, -0.1579, 
-0.6985, 0, 0.7156, 
-0.6985, 0, 0.7156, 
-0.9975, 0, -0.071, 
-0.4537, 0, 0.8912, 
-0.4537, 0, 0.8912, 
-0.6985, 0, 0.7156, 
-0.5557, 0, 0.8314, 
-0.5557, 0, 0.8314, 
-0.4537, 0, 0.8912, 
-0.7324, 0, 0.6809, 
-0.7324, 0, 0.6809, 
-0.5557, 0, 0.8314, 
0, 0, 0, 
0, 0, 0, 
0, 0, 0, 
0, 0, 0, 
0, 0, 0, 
0, 0, 0, 
0, 0, 0, 
0, 0, 0, 
0, 0, 0, 
0, 0, 0, 
0, 0, 0, 
0, 0, 0, 
0, 0, 0, 
0, 0, 0, 
0, 0, 0, 
0, 0, 0, 
0, 0, 0, 
0, 0, 0, 
0, 0, 0, 
0, 0, 0, 
0, 0, 0, 
0, 0, 0, 
0, 0, 0, 
0, 0, 0, 
0, 0, 0, 
0, 0, 0, 
0, 0, 0, 
0, 0, 0, 
0, 0, 0, 
0, 0, 0, 
0, 0, 0, 
0, 0, 0, 
0, 0, 0, 
0, 0, 0, 
0, 0, 0, 
0, 0, 0, 
0, 0, 0, 
0, 0, 0, 
0, 0, 0, 
0, 0, 0, 
0, 0, 0, 
0, 0, 0, 
0, 0, 0, 
0, 0, 0, 
0, 0, 0, 
0, 0, 0, 
0, 0, 0, 
0, 0, 0, 
0, 0, 0, 
0, 0, 0, 
0, 0, 0, 
0, 0, 0, 
0, 0, 0, 
0, 0, 0, 
0, 0, 0, 
0, 0, 0, 
0, 0, 0, 
0, 0, 0, 
0, 0, 0, 
0, 0, 0, 
0, 0, 0, 
0, 0, 0, 
0, 0, 0, 
0, 0, 0, 
0, 0, 0, 
0, 0, 0, 
0, 0, 0, 
0, 0, 0, 
0, 0, 0, 
0, 0, 0, 
0, 0, 0, 
0, 0, 0, 
0, 0, 0, 
0, 0, 0, 
0, 0, 0, 
0, 0, 0, 
0, 0, 0, 
0, 0, 0, 
0, 0, 0, 
0, 0, 0, 
0, 0, 0, 
0, 0, 0, 
0, 0, 0, 
0, 0, 0, 
0, 0, 0, 
0, 0, 0, 
0, 0, 0, 
0, 0, 0, 
0, 0, 0, 
0, 0, 0, 
0, 0, 0, 
0, 0, 0, 
0, 0, 0, 
0, 0, 0, 
0, 0, 0, 
0, 0, 0, 
0, 0, 0, 
0, 0, 0, 
0, 0, 0, 
0, 0, 0, 
0, 0, 0, 
0, 0, 0, 
0, 0, 0, 
0, 0, 0, 
0, 0, 0, 
0, 0, 0, 
0, 0, 0, 
0, 0, 0, 
0, 0, 0, 
0, 0, 0, 
0, 0, 0, 
0, 0, 0, 
0, 0, 0, 
0, 0, 0, 
0, 0, 0, 
0, 0, 0, 
0, 0, 0, 
0, 0, 0, 
0, 0, 0, 
0, 0, 0, 
0, 0, 0, 
0, 0, 0, 
0, 0, 0, 
0, 0, 0, 
0, 0, 0, 
0, 0, 0, 
0, 0, 0, 
0, 0, 0, 
0, 0, 0, 
0, 0, 0, 
0, 0, 0, 
0, 0, 0, 
0, 0, 0, 
0, 0, 0, 
0, 0, 0, 
0, 0, 0, 
0, 0, 0, 
0, 0, 0, 
0, 0, 0, 
0, 0, 0, 
0, 0, 0, 
0, 0, 0, 
0, 0, 0, 
0, 0, 0, 
0, 0, 0, 
0, 0, 0, 
0, 0, 0, 
0, 0, 0, 
0, 0, 0, 
0, 0, 0, 
0, 0, 0, 
0, 0, 0, 
0, 0, 0, 
0, 0, 0, 
0, 0, 0, 
0, 0, 0, 
0, 0, 0, 
0, 0, 0, 
0, 0, 0, 
0, 0, 0, 
0, 0, 0, 
0, 0, 0, 
0, 0, 0, 
0, 0, 0, 
0, 0, 0, 
0, 0, 0, 
0, 0, 0, 
0, 0, 0, 
0, 0, 0, 
0, 0, 0, 
0, 0, 0, 
0, 0, 0, 
0, 0, 0, 
0, 0, 0, 
0, 0, 0, 
0, 0, 0, 
0, 0, 0, 
0, 0, 0, 
0, 0, 0, 
0, 0, 0, 
0, 0, 0, 
0, 0, 0, 
0, 0, 0, 
0, 0, 0, 
0, 0, 0, 
0, 0, 0, 
0, 0, 0, 
0, 0, 0, 
0, 0, 0, 
0, 0, 0, 
0, 0, 0, 
0, 0, 0, 
0, 0, 0, 
0, 0, 0, 
0, 0, 0, 
0, 0, 0, 
0, 0, 0, 
0, 0, 0, 
0, 0, 0, 
0, 0, 0, 
0, 0, 0, 
0, 0, 0, 
0, 0, 0, 
0, 0, 0, 
0, 0, 0, 
0, 0, 0, 
0, 0, 0, 
0, 0, 0, 
0, 0, 0, 
0, 0, 0, 
0, 0, 0, 
0, 0, 0, 
0, 0, 0, 
0, 0, 0, 
0, 0, 0, 
0, 0, 0, 
0, 0, 0, 
0, 0, 0, 
0, 0, 0, 
0, 0, 0, 
0, 0, 0, 
0, 0, 0, 
0, 0, 0, 
0, 0, 0, 
0, 0, 0, 
0, 0, 0, 
0, 0, 0, 
0, 0, 0, 
0, 0, 0, 
0, 0, 0, 
0, 0, 0, 
0, 0, 0, 
0, 0, 0, 
0, 0, 0, 
0, 0, 0, 
0, 0, 0, 
0, 0, 0, 
0, 0, 0, 
0, 0, 0, 
0, 0, 0, 
0, 0, 0, 
0, 0, 0, 
0, 0, 0, 
0, 0, 0, 
0, 0, 0, 
0, 0, 0, 
0, 0, 0, 
0, 0, 0, 
0, 0, 0, 
0, 0, 0, 
0, 0, 0, 
0, 0, 0, 
0, 0, 0, 
0, 0, 0, 
0, 0, 0, 
0, 0, 0, 
0, 0, 0, 
0, 0, 0, 
0, 0, 0, 
0, 0, 0, 
0, 0, 0, 
0, 0, 0, 
0, 0, 0, 
0, 0, 0, 
0, 0, 0, 
0, 0, 0, 
0, 0, 0, 
0, 0, 0, 
0, 0, 0, 
0, 0, 0, 
0, 0, 0, 
0, 0, 0, 
0, 0, 0, 
0, 0, 0, 
0, 0, 0, 
0, 0, 0, 
0, 0, 0, 
0, 0, 0, 
0, 0, 0, 
0, 0, 0, 
0, 0, 0, 
0, 0, 0, 
0, 0, 0, 
0, 0, 0, 
0, 0, 0, 
0, 0, 0, 
0, 0, 0, 
0, 0, 0, 
0, 0, 0, 
0, 0, 0, 
0, 0, 0, 
0, 0, 0, 
0, 0, 0, 
0, 0, 0, 
0, 0, 0, 
0, 0, 0, 
0, 0, 0, 
0, 0, 0, 
0, 0, 0, 
0, 0, 0, 
0, 0, 0, 
0, 0, 0, 
0, 0, 0, 
0, 0, 0, 
0, 0, 0, 
0, 0, 0, 
0, 0, 0, 
0, 0, 0, 
0, 0, 0, 
0, 0, 0, 
0, 0, 0, 
0, 0, 0, 
0, 0, 0, 
0, 0, 0, 
0, 0, 0, 
0, 0, 0, 
0, 0, 0, 
0, 0, 0, 
0, 0, 0, 
0, 0, 0, 
0, 0, 0, 
0, 0, 0, 
0, 0, 0, 
0, 0, 0, 
0, 0, 0, 
0, 0, 0, 
0, 0, 0, 
0, 0, 0, 
0, 0, 0, 
0, 0, 0, 
0, 0, 0, 
0, 0, 0, 
0, 0, 0, 
0, 0, 0, 
0, 0, 0, 
0, 0, 0, 
0, 0, 0, 
0, 0, 0, 
0, 0, 0, 
0, 0, 0, 
0, 0, 0, 
0, 0, 0, 
0, 0, 0, 
0, 0, 0, 
0, 0, 0, 
0, 0, 0, 
0, 0, 0, 
0, 0, 0, 
0, 0, 0, 
0, 0, 0, 
0, 0, 0, 
0, 0, 0, 
0, 0, 0, 
0, 0, 0, 
0, 0, 0, 
0, 0, 0, 
0, 0, 0, 
0, 0, 0, 
0, 0, 0, 
0, 0, 0, 
0, 0, 0, 
0, 0, 0, 
0, 0, 0, 
0, 0, 0, 
0, 0, 0, 
0, 0, 0, 
0, 0, 0, 
0, 0, 0, 
0, 0, 0, 
0, 0, 0, 
0, 0, 0, 
0, 0, 0, 
0, 0, 0, 
0, 0, 0, 
0, 0, 0, 
0, 0, 0, 
0, 0, 0, 
0, 0, 0, 
0, 0, 0, 
0, 0, 0, 
0, 0, 0, 
0, 0, 0, 
0, 0, 0, 
0, 0, 0, 
0, 0, 0, 
0, 0, 0, 
0, 0, 0, 
0, 0, 0, 
0, 0, 0, 
0, 0, 0, 
0, 0, 0, 
0, 0, 0, 
0, 0, 0, 
0, 0, 0, 
0, 0, 0, 
0, 0, 0, 
0, 0, 0, 
0, 0, 0, 
0, 0, 0, 
0, 0, 0, 
0, 0, 0, 
0, 0, 0, 
0, 0, 0, 
0, 0, 0, 
0, 0, 0, 
0, 0, 0, 
0, 0, 0, 
0, 0, 0, 
0, 0, 0, 
0, 0, 0, 
0, 0, 0, 
0, 0, 0, 
0, 0, 0, 
0, 0, 0, 
0, 0, 0, 
0, 0, 0, 
0, 0, 0, 
0, 0, 0, 
0, 0, 0, 
0, 0, 0, 
0, 0, 0, 
0, 0, 0, 
0, 0, 0, 
0, 0, 0, 
0, 0, 0, 
0, 0, 0, 
0, 0, 0, 
0, 0, 0, 
0, 0, 0, 
0, 0, 0, 
0, 0, 0, 
0, 0, 0, 
0, 0, 0, 
0, 0, 0, 
0, 0, 0, 
0, 0, 0, 
0, 0, 0, 
0, 0, 0, 
0, 0, 0, 
0, 0, 0, 
0, 0, 0, 
0, 0, 0, 
0, 0, 0, 
0, 0, 0, 
0, 0, 0, 
0, 0, 0, 
0, 0, 0, 
0, 0, 0, 
0, 0, 0, 
0, 0, 0, 
0, 0, 0, 
0, 0, 0, 
0, 0, 0, 
0, 0, 0, 
0, 0, 0, 
0, 0, 0, 
0, 0, 0, 
0, 0, 0, 
0, 0, 0, 
0, 0, 0, 
0, 0, 0, 
0, 0, 0, 
0, 0, 0, 
0, 0, 0, 
0, 0, 0, 
0, 0, 0, 
0, 0, 0, 
0, 0, 0, 
0, 0, 0, 
0, 0, 0, 
0, 0, 0, 
0, 0, 0, 
0, 0, 0, 
0, 0, 0, 
0, 0, 0, 
0, 0, 0, 
0, 0, 0, 
0, 0, 0, 
0, 0, 0, 
0, 0, 0, 
0, 0, 0, 
0, 0, 0, 
0, 0, 0, 
0, 0, 0, 
0, 0, 0, 
0, 0, 0, 
0, 0, 0, 
0, 0, 0, 
0, 0, 0, 
0, 0, 0, 
0, 0, 0, 
0, 0, 0, 
0, 0, 0, 
0, 0, 0, 
0, 0, 0, 
0, 0, 0, 
0, 0, 0, 
0, 0, 0, 
0, 0, 0, 
0, 0, 0, 
0, 0, 0, 
0, 0, 0, 
0, 0, 0, 
0, 0, 0, 
0, 0, 0, 
0, 0, 0, 
0, 0, 0, 
0, 0, 0, 
0, 0, 0, 
0, 0, 0, 
0, 0, 0, 
0, 0, 0, 
0, 0, 0, 
0, 0, 0, 
0, 0, 0, 
0, 0, 0, 
0, 0, 0, 
0, 0, 0, 
0, 0, 0, 
0, 0, 0, 
0, 0, 0, 
0, 0, 0, 
0, 0, 0, 
0, 0, 0, 
0, 0, 0, 
0, 0, 0, 
0, 0, 0, 
0, 0, 0, 
0, 0, 0, 
0, 0, 0, 
0, 0, 0, 
0, 0, 0, 
0, 0, 0, 
0, 0, 0, 
0, 0, 0, 
0, 0, 0, 
0, 0, 0, 
0, 0, 0, 
0, 0, 0, 
0, 0, 0, 
0, 0, 0, 
0, 0, 0, 
0, 0, 0, 
0, 0, 0, 
0, 0, 0, 
0, 0, 0, 
0, 0, 0, 
0, 0, 0, 
0, 0, 0, 
0, 0, 0, 
0, 0, 0, 
0, 0, 0, 
0, 0, 0, 
0, 0, 0, 
0, 0, 0, 
0, 0, 0, 
0, 0, 0, 
0, 0, 0, 
0, 0, 0, 
0, 0, 0, 
0, 0, 0, 
0, 0, 0, 
0, 0, 0, 
0, 0, 0, 
0, 0, 0, 
0, 0, 0, 
0, 0, 0, 
0, 0, 0, 
0, 0, 0, 
0, 0, 0, 
0, 0, 0, 
0, 0, 0, 
0, 0, 0, 
0, 0, 0, 
0, 0, 0, 
0, 0, 0, 
0, 0, 0, 
0, 0, 0, 
0, 0, 0, 
0, 0, 0, 
0, 0, 0, 
0, 0, 0, 
0, 0, 0, 
0, 0, 0, 
0, 0, 0, 
0, 0, 0, 
0, 0, 0, 
0, 0, 0, 
0, 0, 0, 
0, 0, 0, 
0, 0, 0, 
0, 0, 0, 
0, 0, 0, 
0, 0, 0, 
0, 0, 0, 
0, 0, 0, 
0, 0, 0, 
0, 0, 0, 
0, 0, 0, 
0, 0, 0, 
0, 0, 0, 
0, 0, 0, 
0, 0, 0, 
0, 0, 0, 
0, 0, 0, 
0, 0, 0, 
0, 0, 0, 
0, 0, 0, 
0, 0, 0, 
0, 0, 0, 
0, 0, 0, 
0, 0, 0, 
0, 0, 0, 
0, 0, 0, 
0, 0, 0, 
0, 0, 0, 
0, 0, 0, 
0, 0, 0, 
0, 0, 0, 
0, 0, 0, 
0, 0, 0, 
0, 0, 0, 
0, 0, 0, 
0, 0, 0, 
0, 0, 0, 
0, 0, 0, 
0, 0, 0, 
0, 0, 0, 
0, 0, 0, 
0, 0, 0, 
0, 0, 0, 
0, 0, 0, 
0, 0, 0, 
0, 0, 0, 
0, 0, 0, 
0, 0, 0, 
0, 0, 0, 
0, 0, 0, 
0, 0, 0, 
0, 0, 0, 
0, 0, 0, 
0, 0, 0, 
0, 0, 0, 
0, 0, 0, 
0, 0, 0, 
0, 0, 0, 
0, 0, 0, 
0, 0, 0, 
0, 0, 0, 
0, 0, 0, 
0, 0, 0, 
0, 0, 0, 
0, 0, 0, 
0, 0, 0, 
0, 0, 0, 
0, 0, 0, 
0, 0, 0, 
0, 0, 0, 
0, 0, 0, 
0, 0, 0, 
0, 0, 0, 
0, 0, 0, 
0, 0, 0, 
0, 0, 0, 
0, 0, 0, 
0, 0, 0, 
0, 0, 0, 
0, 0, 0, 
0, 0, 0, 
0, 0, 0, 
0, 0, 0, 
0, 0, 0, 
0, 0, 0, 
0, 0, 0, 
0, 0, 0, 
0, 0, 0, 
0, 0, 0, 
0, 0, 0, 
0, 0, 0, 
0, 0, 0, 
0, 0, 0, 
0, 0, 0, 
0, 0, 0, 
0, 0, 0, 
0, 0, 0, 
0, 0, 0, 
0, 0, 0, 
0, 0, 0, 
0, 0, 0, 
0, 0, 0, 
0, 0, 0, 
0, 0, 0, 
0, 0, 0, 
0, 0, 0, 
0, 0, 0, 
0, 0, 0, 
0, 0, 0, 
0, 0, 0, 
0, 0, 0, 
0, 0, 0, 
0, 0, 0, 
0, 0, 0, 
0, 0, 0, 
0, 0, 0, 
0, 0, 0, 
0, 0, 0, 
0, 0, 0, 
0, 0, 0, 
0, 0, 0, 
0, 0, 0, 
0, 0, 0, 
0, 0, 0, 
0, 0, 0, 
0, 0, 0, 
0, 0, 0, 
0, 0, 0, 
0, 0, 0, 
0, 0, 0, 
0, 0, 0, 
0, 0, 0, 
0, 0, 0, 
0, 0, 0, 
0, 0, 0, 
0, 0, 0, 
0, 0, 0, 
0, 0, 0, 
0, 0, 0, 
0, 0, 0, 
0, 0, 0, 
0, 0, 0, 
0, 0, 0, 
0, 0, 0, 
0, 0, 0, 
0, 0, 0, 
0, 0, 0, 
0, 0, 0, 
0, 0, 0, 
0, 0, 0, 
0, 0, 0, 
0, 0, 0, 
0, 0, 0, 
0, 0, 0, 
0, 0, 0, 
0, 0, 0, 
0, 0, 0, 
0, 0, 0, 
0, 0, 0, 
0, 0, 0, 
0, 0, 0, 
0, 0, 0, 
0, 0, 0, 
0, 0, 0, 
0, 0, 0, 
0, 0, 0, 
0, 0, 0, 
0, 0, 0, 
0, 0, 0, 
0, 0, 0, 
0, 0, 0, 
0, 0, 0, 
0, 0, 0, 
0, 0, 0, 
0, 0, 0, 
0, 0, 0, 
0, 0, 0, 
0, 0, 0, 
0, 0, 0, 
0, 0, 0, 
0, 0, 0, 
0, 0, 0, 
0, 0, 0, 
0, 0, 0, 
0, 0, 0, 
0, 0, 0, 
0, 0, 0, 
0, 0, 0, 
0, 0, 0, 
0, 0, 0, 
0, 0, 0, 
0, 0, 0, 
0, 0, 0, 
0, 0, 0, 
0, 0, 0, 
0, 0, 0, 
0, 0, 0, 
0, 0, 0, 
0, 0, 0, 
0, 0, 0, 
0, 0, 0, 
0, 0, 0, 
0, 0, 0, 
0, 0, 0, 
0, 0, 0, 
0, 0, 0, 
0, 0, 0, 
0, 0, 0, 
0, 0, 0, 
0, 0, 0, 
0, 0, 0, 
0, 0, 0, 
0, 0, 0, 
0, 0, 0, 
0, 0, 0, 
0, 0, 0, 
0, 0, 0, 
0, 0, 0, 
0, 0, 0, 
0, 0, 0, 
0, 0, 0, 
0, 0, 0, 
0, 0, 0, 
0, 0, 0, 
0, 0, 0, 
0, 0, 0, 
0, 0, 0, 
0, 0, 0, 
0, 0, 0, 
0, 0, 0, 
0, 0, 0, 
0, 0, 0, 
0, 0, 0, 
0, 0, 0, 
0, 0, 0, 
0, 0, 0, 
0, 0, 0, 
0, 0, 0, 
0, 0, 0, 
0, 0, 0, 
0, 0, 0, 
0, 0, 0, 
0, 0, 0, 
0, 0, 0, 
0, 0, 0, 
0, 0, 0, 
0, 0, 0, 
0, 0, 0, 
0, 0, 0, 
0, 0, 0, 
0, 0, 0, 
0, 0, 0, 
0, 0, 0, 
0, 0, 0, 
0, 0, 0, 
0, 0, 0, 
0, 0, 0, 
0, 0, 0, 
0, 0, 0, 
0, 0, 0, 
0, 0, 0, 
0, 0, 0, 
0, 0, 0, 
0, 0, 0, 
0, 0, 0, 
0, 0, 0, 
0, 0, 0, 
0, 0, 0, 
0, 0, 0, 
0, 0, 0, 
0, 0, 0, 
0, 0, 0, 
0, 0, 0, 
0, 0, 0, 
0, 0, 0, 
0, 0, 0, 
0, 0, 0, 
0, 0, 0, 
0, 0, 0, 
0, 0, 0, 
0, 0, 0, 
0, 0, 0, 
0, 0, 0, 
0, 0, 0, 
0, 0, 0, 
0, 0, 0, 
0, 0, 0, 
0, 0, 0, 
0, 0, 0, 
0, 0, 0, 
0, 0, 0, 
0, 0, 0, 
0, 0, 0, 
0, 0, 0, 
0, 0, 0, 
0, 0, 0, 
0, 0, 0, 
0, 0, 0, 
0, 0, 0, 
0, 0, 0, 
0, 0, 0, 
0, 0, 0, 
0, 0, 0, 
0, 0, 0, 
0, 0, 0, 
0, 0, 0, 
0, 0, 0, 
0, 0, 0, 
0, 0, 0, 
0, 0, 0, 
0, 0, 0, 
0, 0, 0, 
0, 0, 0, 
0, 0, 0, 
0, 0, 0, 
0, 0, 0, 
0, 0, 0, 
0, 0, 0, 
0, 0, 0, 
0, 0, 0, 
0, 0, 0, 
0, 0, 0, 
0, 0, 0, 
0, 0, 0, 
0, 0, 0, 
0, 0, 0, 
0, 0, 0, 
0, 0, 0, 
0, 0, 0, 
0, 0, 0, 
0, 0, 0, 
0, 0, 0, 
0, 0, 0, 
0, 0, 0, 
0, 0, 0, 
0, 0, 0, 
0, 0, 0, 
0, 0, 0, 
0, 0, 0, 
0, 0, 0, 
0, 0, 0, 
0, 0, 0, 
0, 0, 0, 
0, 0, 0, 
0, 0, 0, 
0, 0, 0, 
0, 0, 0, 
0, 0, 0, 
0, 0, 0, 
0, 0, 0, 
0, 0, 0, 
0, 0, 0, 
0, 0, 0, 
0, 0, 0, 
0, 0, 0, 
0, 0, 0, 
0, 0, 0, 
0, 0, 0, 
0, 0, 0, 
0, 0, 0, 
0, 0, 0, 
0, 0, 0, 
0, 0, 0, 
0, 0, 0, 
0, 0, 0, 
0, 0, 0, 
0, 0, 0, 
0, 0, 0, 
0, 0, 0, 
0, 0, 0, 
0, 0, 0, 
0, 0, 0, 
0, 0, 0, 
0, 0, 0, 
0, 0, 0, 
0, 0, 0, 
0, 0, 0, 
0, 0, 0, 
0, 0, 0, 
0, 0, 0, 
0, 0, 0, 
0, 0, 0, 
0, 0, 0, 
0, 0, 0, 
0, 0, 0, 
0, 0, 0, 
0, 0, 0, 
0, 0, 0, 
0, 0, 0, 
0, 0, 0, 
0, 0, 0, 
0, 0, 0, 
0, 0, 0, 
0, 0, 0, 
0, 0, 0, 
0, 0, 0, 
0, 0, 0, 
0, 0, 0, 
0, 0, 0, 
0, 0, 0, 
0, 0, 0, 
0, 0, 0, 
0, 0, 0, 
0, 0, 0, 
0, 0, 0, 
0, 0, 0, 
0, 0, 0, 
0, 0, 0, 
0, 0, 0, 
0, 0, 0, 
0, 0, 0, 
0, 0, 0, 
0, 0, 0, 
0, 0, 0, 
0, 0, 0, 
0, 0, 0, 
0, 0, 0, 
0, 0, 0, 
0, 0, 0, 
0, 0, 0, 
0, 0, 0, 
0, 0, 0, 
0, 0, 0, 
0, 0, 0, 
0, 0, 0, 
0, 0, 0, 
0, 0, 0, 
0, 0, 0, 
0, 0, 0, 
0, 0, 0, 
0, 0, 0, 
0, 0, 0, 
0, 0, 0, 
0, 0, 0, 
0, 0, 0, 
0, 0, 0, 
0, 0, 0, 
0, 0, 0, 
0, 0, 0, 
0, 0, 0, 
0, 0, 0, 
0, 0, 0, 
0, 0, 0, 
0, 0, 0, 
0, 0, 0, 
0, 0, 0, 
0, 0, 0, 
0, 0, 0, 
0, 0, 0, 
0, 0, 0, 
0, 0, 0, 
0, 0, 0, 
0, 0, 0, 
0, 0, 0, 
0, 0, 0, 
0, 0, 0, 
0, 0, 0, 
0, 0, 0, 
0, 0, 0, 
0, 0, 0, 
0, 0, 0, 
0, 0, 0, 
0, 0, 0, 
0, 0, 0, 
0, 0, 0, 
0, 0, 0, 
0, 0, 0, 
0, 0, 0, 
0, 0, 0, 
0, 0, 0, 
0, 0, 0, 
0, 0, 0, 
0, 0, 0, 
0, 0, 0, 
0, 0, 0, 
0, 0, 0, 
0, 0, 0, 
0, 0, 0, 
0, 0, 0, 
0, 0, 0, 
0, 0, 0, 
0, 0, 0, 
0, 0, 0, 
0, 0, 0, 
0, 0, 0, 
0, 0, 0, 
0, 0, 0, 
0, 0, 0, 
0, 0, 0, 
0, 0, 0, 
0, 0, 0, 
0, 0, 0, 
0, 0, 0, 
0, 0, 0, 
0, 0, 0, 
0, 0, 0, 
0, 0, 0, 
0, 0, 0, 
0, 0, 0, 
0, 0, 0, 
0, 0, 0, 
0, 0, 0, 
0, 0, 0, 
0, 0, 0, 
0, 0, 0, 
0, 0, 0, 
0, 0, 0, 
0, 0, 0, 
0, 0, 0, 
0, 0, 0, 
0, 0, 0, 
0, 0, 0, 
0, 0, 0, 
0, 0, 0, 
0, 0, 0, 
0, 0, 0, 
0, 0, 0, 
0, 0, 0, 
0, 0, 0, 
0, 0, 0, 
0, 0, 0, 
0, 0, 0, 
0, 0, 0, 
0, 0, 0, 
0, 0, 0, 
0, 0, 0, 
0, 0, 0, 
0, 0, 0, 
0, 0, 0, 
0, 0, 0, 
0, 0, 0, 
0, 0, 0, 
0, 0, 0, 
0, 0, 0, 
0, 0, 0, 
0, 0, 0, 
0, 0, 0, 
0, 0, 0, 
0, 0, 0, 
0, 0, 0, 
0, 0, 0, 
0, 0, 0, 
0, 0, 0, 
0, 0, 0, 
0, 0, 0, 
0, 0, 0, 
0, 0, 0, 
0, 0, 0, 
0, 0, 0, 
0, 0, 0, 
0, 0, 0, 
0, 0, 0, 
0, 0, 0, 
0, 0, 0, 
0, 0, 0, 
0, 0, 0, 
0, 0, 0, 
0, 0, 0, 
0, 0, 0, 
0, 0, 0, 
0, 0, 0, 
0, 0, 0, 
0, 0, 0, 
0, 0, 0, 
0, 0, 0, 
0, 0, 0, 
0, 0, 0, 
0, 0, 0, 
0, 0, 0, 
0, 0, 0, 
0, 0, 0, 
0, 0, 0, 
0, 0, 0, 
0, 0, 0, 
0, 0, 0, 
0, 0, 0, 
0, 0, 0, 
0, 0, 0, 
0, 0, 0, 
0, 0, 0, 
0, 0, 0, 
0, 0, 0, 
0, 0, 0, 
0, 0, 0, 
0, 0, 0, 
0, 0, 0, 
0, 0, 0, 
0, 0, 0, 
0, 0, 0, 
0, 0, 0, 
0, 0, 0, 
0, 0, 0, 
0, 0, 0, 
0, 0, 0, 
0, 0, 0, 
0, 0, 0, 
0, 0, 0, 
0, 0, 0, 
0, 0, 0, 
0, 0, 0, 
0, 0, 0, 
0, 0, 0, 
0, 0, 0, 
0, 0, 0, 
0, 0, 0, 
0, 0, 0, 
0, 0, 0, 
0, 0, 0, 
0, 0, 0, 
0, 0, 0, 
0, 0, 0, 
0, 0, 0, 
0, 0, 0, 
0, 0, 0, 
0, 0, 0, 
0, 0, 0, 
0, 0, 0, 
0, 0, 0, 
0, 0, 0, 
0, 0, 0, 
0, 0, 0, 
0, 0, 0, 
0, 0, 0, 
0, 0, 0, 
0, 0, 0, 
0, 0, 0, 
0, 0, 0, 
0, 0, 0, 
0, 0, 0, 
0, 0, 0, 
0, 0, 0, 
0, 0, 0, 
0, 0, 0, 
0, 0, 0, 
0, 0, 0, 
0, 0, 0, 
0, 0, 0, 
0, 0, 0, 
0, 0, 0, 
0, 0, 0, 
0, 0, 0, 
0, 0, 0, 
0, 0, 0, 
0, 0, 0, 
0, 0, 0, 
0, 0, 0, 
0, 0, 0, 
0, 0, 0, 
0, 0, 0, 
0, 0, 0, 
0, 0, 0, 
0, 0, 0, 
0, 0, 0, 
0, 0, 0, 
0, 0, 0, 
0, 0, 0, 
0, 0, 0, 
0, 0, 0, 
0, 0, 0, 
0, 0, 0, 
0, 0, 0, 
0, 0, 0, 
0, 0, 0, 
0, 0, 0, 
0, 0, 0, 
0, 0, 0, 
0, 0, 0, 
0, 0, 0, 
0, 0, 0, 
0, 0, 0, 
0, 0, 0, 
0, 0, 0, 
0, 0, 0, 
0, 0, 0, 
0, 0, 0, 
0, 0, 0, 
0, 0, 0, 
0, 0, 0, 
0, 0, 0, 
0, 0, 0, 
0, 0, 0, 
0, 0, 0, 
0, 0, 0, 
0, 0, 0, 
0, 0, 0, 
0, 0, 0, 
0, 0, 0, 
0, 0, 0, 
0, 0, 0, 
0, 0, 0, 
0, 0, 0, 
0, 0, 0, 
0, 0, 0, 
0, 0, 0, 
0, 0, 0, 
0, 0, 0, 
0, 0, 0, 
0, 0, 0, 
0, 0, 0, 
0, 0, 0, 
0, 0, 0, 
0, 0, 0, 
0, 0, 0, 
0, 0, 0, 
0, 0, 0, 
0, 0, 0, 
0, 0, 0, 
0, 0, 0, 
0, 0, 0, 
0, 0, 0, 
0, 0, 0, 
0, 0, 0, 
0, 0, 0, 
0, 0, 0, 
0, 0, 0, 
0, 0, 0, 
0, 0, 0, 
0, 0, 0, 
0, 0, 0, 
0, 0, 0, 
0, 0, 0, 
0, 0, 0, 
0, 0, 0, 
0, 0, 0, 
0, 0, 0, 
0, 0, 0, 
0, 0, 0, 
0, 0, 0, 
0, 0, 0, 
0, 0, 0, 
0, 0, 0, 
0, 0, 0, 
0, 0, 0, 
0, 0, 0, 
0, 0, 0, 
0, 0, 0, 
0, 0, 0, 
0, 0, 0, 
0, 0, 0, 
0, 0, 0, 
0, 0, 0, 
0, 0, 0, 
0, 0, 0, 
0, 0, 0, 
0, 0, 0, 
0, 0, 0, 
0, 0, 0, 
0, 0, 0, 
0, 0, 0, 
0, 0, 0, 
0, 0, 0, 
0, 0, 0, 
0, 0, 0, 
0, 0, 0, 
0, 0, 0, 
0, 0, 0, 
0, 0, 0, 
0, 0, 0, 
0, 0, 0, 
0, 0, 0, 
0, 0, 0, 
0, 0, 0, 
0, 0, 0, 
0, 0, 0, 
0, 0, 0, 
0, 0, 0, 
0, 0, 0, 
0, 0, 0, 
]);
var u1u = new Float32Array([
1, 0, 
0, 1, 
0, 0, 
1, 0, 
1, 1, 
0, 1, 
0.765582, 0.601672, 
0.765582, 0.601672, 
0.765582, 0.601672, 
0.765582, 0.601672, 
0.765582, 0.601672, 
0.765582, 0.601672, 
0.765582, 0.601672, 
0.765582, 0.601672, 
0.765582, 0.601672, 
0.765582, 0.601672, 
0.765582, 0.601672, 
0.765582, 0.601672, 
0.765582, 0.601672, 
0.765582, 0.601672, 
0.765582, 0.601672, 
0.765582, 0.601672, 
0.765582, 0.601672, 
0.765582, 0.601672, 
0.765582, 0.601672, 
0.765582, 0.601672, 
0.765582, 0.601672, 
0.765582, 0.601672, 
0.765582, 0.601672, 
0.765582, 0.601672, 
0.765582, 0.601672, 
0.765582, 0.601672, 
0.765582, 0.601672, 
0.765582, 0.601672, 
0.765582, 0.601672, 
0.765582, 0.601672, 
0.765582, 0.601672, 
0.765582, 0.601672, 
0.765582, 0.601672, 
0.765582, 0.601672, 
0.765582, 0.601672, 
0.765582, 0.601672, 
0.765582, 0.601672, 
0.765582, 0.601672, 
0.765582, 0.601672, 
0.765582, 0.601672, 
0.765582, 0.601672, 
0.765582, 0.601672, 
0.765582, 0.601672, 
0.765582, 0.601672, 
0.765582, 0.601672, 
0.765582, 0.601672, 
0.765582, 0.601672, 
0.765582, 0.601672, 
0.765582, 0.601672, 
0.765582, 0.601672, 
0.765582, 0.601672, 
0.765582, 0.601672, 
0.765582, 0.601672, 
0.765582, 0.601672, 
0.765582, 0.601672, 
0.765582, 0.601672, 
0.765582, 0.601672, 
0.765582, 0.601672, 
0.765582, 0.601672, 
0.765582, 0.601672, 
0.765582, 0.601672, 
0.765582, 0.601672, 
0.765582, 0.601672, 
0.765582, 0.601672, 
0.765582, 0.601672, 
0.765582, 0.601672, 
0.765582, 0.601672, 
0.765582, 0.601672, 
0.765582, 0.601672, 
0.765582, 0.601672, 
0.765582, 0.601672, 
0.765582, 0.601672, 
0.765582, 0.601672, 
0.765582, 0.601672, 
0.765582, 0.601672, 
0.765582, 0.601672, 
0.765582, 0.601672, 
0.765582, 0.601672, 
0.765582, 0.601672, 
0.765582, 0.601672, 
0.765582, 0.601672, 
0.765582, 0.601672, 
0.765582, 0.601672, 
0.765582, 0.601672, 
0.765582, 0.601672, 
0.765582, 0.601672, 
0.765582, 0.601672, 
0.765582, 0.601672, 
0.765582, 0.601672, 
0.765582, 0.601672, 
0.765582, 0.601672, 
0.765582, 0.601672, 
0.765582, 0.601672, 
0.765582, 0.601672, 
0.765582, 0.601672, 
0.765582, 0.601672, 
0.765582, 0.601672, 
0.765582, 0.601672, 
0.765582, 0.601672, 
0.765582, 0.601672, 
0.765582, 0.601672, 
0.765582, 0.601672, 
0.765582, 0.601672, 
0.765582, 0.601672, 
0.765582, 0.601672, 
0.765582, 0.601672, 
0.765582, 0.601672, 
0.765582, 0.601672, 
0.765582, 0.601672, 
0.765582, 0.601672, 
0.765582, 0.601672, 
0.765582, 0.601672, 
0.765582, 0.601672, 
0.765582, 0.601672, 
0.765582, 0.601672, 
0.765582, 0.601672, 
0.765582, 0.601672, 
0.765582, 0.601672, 
0.765582, 0.601672, 
0.765582, 0.601672, 
0.765582, 0.601672, 
0.765582, 0.601672, 
0.765582, 0.601672, 
0.765582, 0.601672, 
0.765582, 0.601672, 
0.765582, 0.601672, 
0.765582, 0.601672, 
0.765582, 0.601672, 
0.765582, 0.601672, 
0.765582, 0.601672, 
0.765582, 0.601672, 
0.765582, 0.601672, 
0.765582, 0.601672, 
0.765582, 0.601672, 
0.765582, 0.601672, 
0.765582, 0.601672, 
0.765582, 0.601672, 
0.765582, 0.601672, 
0.765582, 0.601672, 
0.765582, 0.601672, 
0.765582, 0.601672, 
0.765582, 0.601672, 
0.765582, 0.601672, 
0.765582, 0.601672, 
0.765582, 0.601672, 
0.765582, 0.601672, 
0.765582, 0.601672, 
0.765582, 0.601672, 
0.765582, 0.601672, 
0.765582, 0.601672, 
0.765582, 0.601672, 
0.765582, 0.601672, 
0.765582, 0.601672, 
0.765582, 0.601672, 
0.765582, 0.601672, 
0.765582, 0.601672, 
0.765582, 0.601672, 
0.765582, 0.601672, 
0.765582, 0.601672, 
0.765582, 0.601672, 
0.765582, 0.601672, 
0.765582, 0.601672, 
0.765582, 0.601672, 
0.765582, 0.601672, 
0.765582, 0.601672, 
0.765582, 0.601672, 
0.765582, 0.601672, 
0.765582, 0.601672, 
0.765582, 0.601672, 
0.765582, 0.601672, 
0.765582, 0.601672, 
0.765582, 0.601672, 
0.765582, 0.601672, 
0.765582, 0.601672, 
0.765582, 0.601672, 
0.765582, 0.601672, 
0.765582, 0.601672, 
0.765582, 0.601672, 
0.765582, 0.601672, 
0.765582, 0.601672, 
0.765582, 0.601672, 
0.765582, 0.601672, 
0.765582, 0.601672, 
0.765582, 0.601672, 
0.765582, 0.601672, 
0.765582, 0.601672, 
0.765582, 0.601672, 
0.765582, 0.601672, 
0.765582, 0.601672, 
0.765582, 0.601672, 
0.765582, 0.601672, 
0.765582, 0.601672, 
0.765582, 0.601672, 
0.765582, 0.601672, 
0.765582, 0.601672, 
0.765582, 0.601672, 
0.765582, 0.601672, 
0.765582, 0.601672, 
0.765582, 0.601672, 
0.765582, 0.601672, 
0.765582, 0.601672, 
0.765582, 0.601672, 
0.765582, 0.601672, 
0.765582, 0.601672, 
0.765582, 0.601672, 
0.765582, 0.601672, 
0.765582, 0.601672, 
0.765582, 0.601672, 
0.765582, 0.601672, 
0.765582, 0.601672, 
0.765582, 0.601672, 
0.765582, 0.601672, 
0.765582, 0.601672, 
0.765582, 0.601672, 
0.765582, 0.601672, 
0.765582, 0.601672, 
0.765582, 0.601672, 
0.765582, 0.601672, 
0.765582, 0.601672, 
0.765582, 0.601672, 
0.765582, 0.601672, 
0.765582, 0.601672, 
0.765582, 0.601672, 
0.765582, 0.601672, 
0.765582, 0.601672, 
0.765582, 0.601672, 
0.765582, 0.601672, 
0.765582, 0.601672, 
0.765582, 0.601672, 
0.765582, 0.601672, 
0.765582, 0.601672, 
0.765582, 0.601672, 
0.765582, 0.601672, 
0.765582, 0.601672, 
0.765582, 0.601672, 
0.765582, 0.601672, 
0.765582, 0.601672, 
0.765582, 0.601672, 
0.765582, 0.601672, 
0.765582, 0.601672, 
0.765582, 0.601672, 
0.765582, 0.601672, 
0.765582, 0.601672, 
0.765582, 0.601672, 
0.765582, 0.601672, 
0.765582, 0.601672, 
0.765582, 0.601672, 
0.765582, 0.601672, 
0.765582, 0.601672, 
0.765582, 0.601672, 
0.765582, 0.601672, 
0.765582, 0.601672, 
0.765582, 0.601672, 
0.765582, 0.601672, 
0.765582, 0.601672, 
0.765582, 0.601672, 
0.765582, 0.601672, 
0.765582, 0.601672, 
0.765582, 0.601672, 
0.765582, 0.601672, 
0.765582, 0.601672, 
0.765582, 0.601672, 
0.765582, 0.601672, 
0.765582, 0.601672, 
0.765582, 0.601672, 
0.765582, 0.601672, 
0.765582, 0.601672, 
0.765582, 0.601672, 
0.765582, 0.601672, 
0.765582, 0.601672, 
0.765582, 0.601672, 
0.765582, 0.601672, 
0.765582, 0.601672, 
0.765582, 0.601672, 
0.765582, 0.601672, 
0.765582, 0.601672, 
0.765582, 0.601672, 
0.765582, 0.601672, 
0.765582, 0.601672, 
0.765582, 0.601672, 
0.765582, 0.601672, 
0.765582, 0.601672, 
0.765582, 0.601672, 
0.765582, 0.601672, 
0.765582, 0.601672, 
0.765582, 0.601672, 
0.765582, 0.601672, 
0.765582, 0.601672, 
0.765582, 0.601672, 
0.765582, 0.601672, 
0.765582, 0.601672, 
0.765582, 0.601672, 
0.765582, 0.601672, 
0.765582, 0.601672, 
0.765582, 0.601672, 
0.765582, 0.601672, 
0.765582, 0.601672, 
0.765582, 0.601672, 
0.765582, 0.601672, 
0.765582, 0.601672, 
0.765582, 0.601672, 
0.765582, 0.601672, 
0.765582, 0.601672, 
0.765582, 0.601672, 
0.765582, 0.601672, 
0.765582, 0.601672, 
0.765582, 0.601672, 
0.765582, 0.601672, 
0.765582, 0.601672, 
0.765582, 0.601672, 
0.765582, 0.601672, 
0.765582, 0.601672, 
0.765582, 0.601672, 
0.765582, 0.601672, 
0.765582, 0.601672, 
0.765582, 0.601672, 
0.765582, 0.601672, 
0.765582, 0.601672, 
0.765582, 0.601672, 
0.765582, 0.601672, 
0.765582, 0.601672, 
0.765582, 0.601672, 
0.765582, 0.601672, 
0.765582, 0.601672, 
0.765582, 0.601672, 
0.765582, 0.601672, 
0.765582, 0.601672, 
0.765582, 0.601672, 
0.765582, 0.601672, 
0.765582, 0.601672, 
0.765582, 0.601672, 
0.765582, 0.601672, 
0.765582, 0.601672, 
0.765582, 0.601672, 
0.765582, 0.601672, 
0.765582, 0.601672, 
0.765582, 0.601672, 
0.765582, 0.601672, 
0.765582, 0.601672, 
0.765582, 0.601672, 
0.765582, 0.601672, 
0.765582, 0.601672, 
0.765582, 0.601672, 
0.765582, 0.601672, 
0.765582, 0.601672, 
0.765582, 0.601672, 
0.765582, 0.601672, 
0.765582, 0.601672, 
0.765582, 0.601672, 
0.765582, 0.601672, 
0.765582, 0.601672, 
0.765582, 0.601672, 
0.765582, 0.601672, 
0.765582, 0.601672, 
0.765582, 0.601672, 
0.765582, 0.601672, 
0.765582, 0.601672, 
0.765582, 0.601672, 
0.765582, 0.601672, 
0.765582, 0.601672, 
0.765582, 0.601672, 
0.765582, 0.601672, 
0.765582, 0.601672, 
0.765582, 0.601672, 
0.765582, 0.601672, 
0.765582, 0.601672, 
0.765582, 0.601672, 
0.765582, 0.601672, 
0.765582, 0.601672, 
0.765582, 0.601672, 
0.765582, 0.601672, 
0.765582, 0.601672, 
0.765582, 0.601672, 
0.765582, 0.601672, 
0.765582, 0.601672, 
0.765582, 0.601672, 
0.765582, 0.601672, 
0.765582, 0.601672, 
0.765582, 0.601672, 
0.765582, 0.601672, 
0.765582, 0.601672, 
0.765582, 0.601672, 
0.765582, 0.601672, 
0.765582, 0.601672, 
0.765582, 0.601672, 
0.765582, 0.601672, 
0.765582, 0.601672, 
0.765582, 0.601672, 
0.765582, 0.601672, 
0.765582, 0.601672, 
0.765582, 0.601672, 
0.765582, 0.601672, 
0.765582, 0.601672, 
0.765582, 0.601672, 
0.765582, 0.601672, 
0.765582, 0.601672, 
0.765582, 0.601672, 
0.765582, 0.601672, 
0.765582, 0.601672, 
0.765582, 0.601672, 
0.765582, 0.601672, 
0.765582, 0.601672, 
0.765582, 0.601672, 
0.765582, 0.601672, 
0.765582, 0.601672, 
0.765582, 0.601672, 
0.765582, 0.601672, 
0.765582, 0.601672, 
0.765582, 0.601672, 
0.765582, 0.601672, 
0.765582, 0.601672, 
0.765582, 0.601672, 
0.765582, 0.601672, 
0.765582, 0.601672, 
0.765582, 0.601672, 
0.765582, 0.601672, 
0.765582, 0.601672, 
0.765582, 0.601672, 
0.765582, 0.601672, 
0.765582, 0.601672, 
0.765582, 0.601672, 
0.765582, 0.601672, 
0.765582, 0.601672, 
0.765582, 0.601672, 
0.765582, 0.601672, 
0.765582, 0.601672, 
0.765582, 0.601672, 
0.765582, 0.601672, 
0.765582, 0.601672, 
0.765582, 0.601672, 
0.765582, 0.601672, 
0.765582, 0.601672, 
0.765582, 0.601672, 
0.765582, 0.601672, 
0.765582, 0.601672, 
0.765582, 0.601672, 
0.765582, 0.601672, 
0.765582, 0.601672, 
0.765582, 0.601672, 
0.765582, 0.601672, 
0.765582, 0.601672, 
0.765582, 0.601672, 
0.765582, 0.601672, 
0.765582, 0.601672, 
0.765582, 0.601672, 
0.765582, 0.601672, 
0.765582, 0.601672, 
0.765582, 0.601672, 
0.765582, 0.601672, 
0.765582, 0.601672, 
0.765582, 0.601672, 
0.765582, 0.601672, 
0.765582, 0.601672, 
0.765582, 0.601672, 
0.765582, 0.601672, 
0.765582, 0.601672, 
0.765582, 0.601672, 
0.765582, 0.601672, 
0.765582, 0.601672, 
0.765582, 0.601672, 
0.765582, 0.601672, 
0.765582, 0.601672, 
0.765582, 0.601672, 
0.765582, 0.601672, 
0.765582, 0.601672, 
0.765582, 0.601672, 
0.765582, 0.601672, 
0.765582, 0.601672, 
0.765582, 0.601672, 
0.765582, 0.601672, 
0.765582, 0.601672, 
0.765582, 0.601672, 
0.765582, 0.601672, 
0.765582, 0.601672, 
0.765582, 0.601672, 
0.765582, 0.601672, 
0.765582, 0.601672, 
0.765582, 0.601672, 
0.765582, 0.601672, 
0.765582, 0.601672, 
0.765582, 0.601672, 
0.765582, 0.601672, 
0.765582, 0.601672, 
0.765582, 0.601672, 
0.765582, 0.601672, 
0.765582, 0.601672, 
0.765582, 0.601672, 
0.765582, 0.601672, 
0.765582, 0.601672, 
0.765582, 0.601672, 
0.765582, 0.601672, 
0.765582, 0.601672, 
0.765582, 0.601672, 
0.765582, 0.601672, 
0.765582, 0.601672, 
0.765582, 0.601672, 
0.765582, 0.601672, 
0.765582, 0.601672, 
0.765582, 0.601672, 
0.765582, 0.601672, 
0.765582, 0.601672, 
0.765582, 0.601672, 
0.765582, 0.601672, 
0.765582, 0.601672, 
0.765582, 0.601672, 
0.765582, 0.601672, 
0.765582, 0.601672, 
0.765582, 0.601672, 
0.765582, 0.601672, 
0.765582, 0.601672, 
0.765582, 0.601672, 
0.765582, 0.601672, 
0.765582, 0.601672, 
0.765582, 0.601672, 
0.765582, 0.601672, 
0.765582, 0.601672, 
0.765582, 0.601672, 
0.765582, 0.601672, 
0.765582, 0.601672, 
0.765582, 0.601672, 
0.765582, 0.601672, 
0.765582, 0.601672, 
0.765582, 0.601672, 
0.765582, 0.601672, 
0.765582, 0.601672, 
0.765582, 0.601672, 
0.765582, 0.601672, 
0.765582, 0.601672, 
0.765582, 0.601672, 
0.765582, 0.601672, 
0.765582, 0.601672, 
0.765582, 0.601672, 
0.765582, 0.601672, 
0.765582, 0.601672, 
0.765582, 0.601672, 
0.765582, 0.601672, 
0.765582, 0.601672, 
0.765582, 0.601672, 
0.765582, 0.601672, 
0.765582, 0.601672, 
0.765582, 0.601672, 
0.765582, 0.601672, 
0.765582, 0.601672, 
0.765582, 0.601672, 
0.765582, 0.601672, 
0.765582, 0.601672, 
0.765582, 0.601672, 
0.765582, 0.601672, 
0.765582, 0.601672, 
0.765582, 0.601672, 
0.765582, 0.601672, 
0.765582, 0.601672, 
0.765582, 0.601672, 
0.765582, 0.601672, 
0.765582, 0.601672, 
0.765582, 0.601672, 
0.765582, 0.601672, 
0.765582, 0.601672, 
0.765582, 0.601672, 
0.765582, 0.601672, 
0.765582, 0.601672, 
0.765582, 0.601672, 
0.765582, 0.601672, 
0.765582, 0.601672, 
0.765582, 0.601672, 
0.765582, 0.601672, 
0.765582, 0.601672, 
0.765582, 0.601672, 
0.765582, 0.601672, 
0.765582, 0.601672, 
0.765582, 0.601672, 
0.765582, 0.601672, 
0.765582, 0.601672, 
0.765582, 0.601672, 
0.765582, 0.601672, 
0.765582, 0.601672, 
0.765582, 0.601672, 
0.765582, 0.601672, 
0.765582, 0.601672, 
0.765582, 0.601672, 
0.765582, 0.601672, 
0.765582, 0.601672, 
0.765582, 0.601672, 
0.765582, 0.601672, 
0.765582, 0.601672, 
0.765582, 0.601672, 
0.765582, 0.601672, 
0.765582, 0.601672, 
0.765582, 0.601672, 
0.765582, 0.601672, 
0.765582, 0.601672, 
0.765582, 0.601672, 
0.765582, 0.601672, 
0.765582, 0.601672, 
0.765582, 0.601672, 
0.765582, 0.601672, 
0.765582, 0.601672, 
0.765582, 0.601672, 
0.765582, 0.601672, 
0.765582, 0.601672, 
0.765582, 0.601672, 
0.765582, 0.601672, 
0.765582, 0.601672, 
0.765582, 0.601672, 
0.765582, 0.601672, 
0.765582, 0.601672, 
0.765582, 0.601672, 
0.765582, 0.601672, 
0.765582, 0.601672, 
0.765582, 0.601672, 
0.765582, 0.601672, 
0.765582, 0.601672, 
0.765582, 0.601672, 
0.765582, 0.601672, 
0.765582, 0.601672, 
0.765582, 0.601672, 
0.765582, 0.601672, 
0.765582, 0.601672, 
0.765582, 0.601672, 
0.765582, 0.601672, 
0.765582, 0.601672, 
0.765582, 0.601672, 
0.765582, 0.601672, 
0.765582, 0.601672, 
0.765582, 0.601672, 
0.765582, 0.601672, 
0.765582, 0.601672, 
0.765582, 0.601672, 
0.765582, 0.601672, 
0.765582, 0.601672, 
0.765582, 0.601672, 
0.765582, 0.601672, 
0.765582, 0.601672, 
0.765582, 0.601672, 
0.765582, 0.601672, 
0.765582, 0.601672, 
0.765582, 0.601672, 
0.765582, 0.601672, 
0.765582, 0.601672, 
0.765582, 0.601672, 
0.765582, 0.601672, 
0.765582, 0.601672, 
0.765582, 0.601672, 
0.765582, 0.601672, 
0.765582, 0.601672, 
0.765582, 0.601672, 
0.765582, 0.601672, 
0.765582, 0.601672, 
0.765582, 0.601672, 
0.765582, 0.601672, 
0.765582, 0.601672, 
0.765582, 0.601672, 
0.765582, 0.601672, 
0.765582, 0.601672, 
0.765582, 0.601672, 
0.765582, 0.601672, 
0.765582, 0.601672, 
0.765582, 0.601672, 
0.765582, 0.601672, 
0.765582, 0.601672, 
0.765582, 0.601672, 
0.765582, 0.601672, 
0.765582, 0.601672, 
0.765582, 0.601672, 
0.765582, 0.601672, 
0.765582, 0.601672, 
0.765582, 0.601672, 
0.765582, 0.601672, 
0.765582, 0.601672, 
0.765582, 0.601672, 
0.765582, 0.601672, 
0.765582, 0.601672, 
0, 0, 
0, 0, 
0, 0, 
0, 0, 
0, 0, 
0, 0, 
0, 0, 
0, 0, 
0, 0, 
0, 0, 
0, 0, 
0, 0, 
0, 0, 
0, 0, 
0, 0, 
0, 0, 
0, 0, 
0, 0, 
0, 0, 
0, 0, 
0, 0, 
0, 0, 
0, 0, 
0, 0, 
0, 0, 
0, 0, 
0, 0, 
0, 0, 
0, 0, 
0, 0, 
0, 0, 
0, 0, 
0, 0, 
0, 0, 
0, 0, 
0, 0, 
0, 0, 
0, 0, 
0, 0, 
0, 0, 
0, 0, 
0, 0, 
0, 0, 
0, 0, 
0, 0, 
0, 0, 
0, 0, 
0, 0, 
0, 0, 
0, 0, 
0, 0, 
0, 0, 
0, 0, 
0, 0, 
0, 0, 
0, 0, 
0, 0, 
0, 0, 
0, 0, 
0, 0, 
0, 0, 
0, 0, 
0, 0, 
0, 0, 
0, 0, 
0, 0, 
0, 0, 
0, 0, 
0, 0, 
0, 0, 
0, 0, 
0, 0, 
0, 0, 
0, 0, 
0, 0, 
0, 0, 
0, 0, 
0, 0, 
0, 0, 
0, 0, 
0, 0, 
0, 0, 
0, 0, 
0, 0, 
0, 0, 
0, 0, 
0, 0, 
0, 0, 
0, 0, 
0, 0, 
0, 0, 
0, 0, 
0, 0, 
0, 0, 
0, 0, 
0, 0, 
0, 0, 
0, 0, 
0, 0, 
0, 0, 
0, 0, 
0, 0, 
0, 0, 
0, 0, 
0, 0, 
0, 0, 
0, 0, 
0, 0, 
0, 0, 
0, 0, 
0, 0, 
0, 0, 
0, 0, 
0, 0, 
0, 0, 
0, 0, 
0, 0, 
0, 0, 
0, 0, 
0, 0, 
0, 0, 
0, 0, 
0, 0, 
0, 0, 
0, 0, 
0, 0, 
0, 0, 
0, 0, 
0, 0, 
0, 0, 
0, 0, 
0, 0, 
0, 0, 
0, 0, 
0, 0, 
0, 0, 
0, 0, 
0, 0, 
0, 0, 
0, 0, 
0, 0, 
0, 0, 
0, 0, 
0, 0, 
0, 0, 
0, 0, 
0, 0, 
0, 0, 
0, 0, 
0, 0, 
0, 0, 
0, 0, 
0, 0, 
0, 0, 
0, 0, 
0, 0, 
0, 0, 
0, 0, 
0, 0, 
0, 0, 
0, 0, 
0, 0, 
0, 0, 
0, 0, 
0, 0, 
0, 0, 
0, 0, 
0, 0, 
0, 0, 
0, 0, 
0, 0, 
0, 0, 
0, 0, 
0, 0, 
0, 0, 
0, 0, 
0, 0, 
0, 0, 
0, 0, 
0, 0, 
0, 0, 
0, 0, 
0, 0, 
0, 0, 
0, 0, 
0, 0, 
0, 0, 
0, 0, 
0, 0, 
0, 0, 
0, 0, 
0, 0, 
0, 0, 
0, 0, 
0, 0, 
0, 0, 
0, 0, 
0, 0, 
0, 0, 
0, 0, 
0, 0, 
0, 0, 
0, 0, 
0, 0, 
0, 0, 
0, 0, 
0, 0, 
0, 0, 
0, 0, 
0, 0, 
0, 0, 
0, 0, 
0, 0, 
0, 0, 
0, 0, 
0, 0, 
0, 0, 
0, 0, 
0, 0, 
0, 0, 
0, 0, 
0, 0, 
0, 0, 
0, 0, 
0, 0, 
0, 0, 
0, 0, 
0, 0, 
0, 0, 
0, 0, 
0, 0, 
0, 0, 
0, 0, 
0, 0, 
0, 0, 
0, 0, 
0, 0, 
0, 0, 
0, 0, 
0, 0, 
0, 0, 
0, 0, 
0, 0, 
0, 0, 
0, 0, 
0, 0, 
0, 0, 
0, 0, 
0, 0, 
0, 0, 
0, 0, 
0, 0, 
0, 0, 
0, 0, 
0, 0, 
0, 0, 
0, 0, 
0, 0, 
0, 0, 
0, 0, 
0, 0, 
0, 0, 
0, 0, 
0, 0, 
0, 0, 
0, 0, 
0, 0, 
0, 0, 
0, 0, 
0, 0, 
0, 0, 
0, 0, 
0, 0, 
0, 0, 
0, 0, 
0, 0, 
0, 0, 
0, 0, 
0, 0, 
0, 0, 
0, 0, 
0, 0, 
0, 0, 
0, 0, 
0, 0, 
0, 0, 
0, 0, 
0, 0, 
0, 0, 
0, 0, 
0, 0, 
0, 0, 
0, 0, 
0, 0, 
0, 0, 
0, 0, 
0, 0, 
0, 0, 
0, 0, 
0, 0, 
0, 0, 
0, 0, 
0, 0, 
0, 0, 
0, 0, 
0, 0, 
0, 0, 
0, 0, 
0, 0, 
0, 0, 
0, 0, 
0, 0, 
0, 0, 
0, 0, 
0, 0, 
0, 0, 
0, 0, 
0, 0, 
0, 0, 
0, 0, 
0, 0, 
0, 0, 
0, 0, 
0, 0, 
0, 0, 
0, 0, 
0, 0, 
0, 0, 
0, 0, 
0, 0, 
0, 0, 
0, 0, 
0, 0, 
0, 0, 
0, 0, 
0, 0, 
0, 0, 
0, 0, 
0, 0, 
0, 0, 
0, 0, 
0, 0, 
0, 0, 
0, 0, 
0, 0, 
0, 0, 
0, 0, 
0, 0, 
0, 0, 
0, 0, 
0, 0, 
0, 0, 
0, 0, 
0, 0, 
0, 0, 
0, 0, 
0, 0, 
0, 0, 
0, 0, 
0, 0, 
0, 0, 
0, 0, 
0, 0, 
0, 0, 
0, 0, 
0, 0, 
0, 0, 
0, 0, 
0, 0, 
0, 0, 
0, 0, 
0, 0, 
0, 0, 
0, 0, 
0, 0, 
0, 0, 
0, 0, 
0, 0, 
0, 0, 
0, 0, 
0, 0, 
0, 0, 
0, 0, 
0, 0, 
0, 0, 
0, 0, 
0, 0, 
0, 0, 
0, 0, 
0, 0, 
0, 0, 
0, 0, 
0, 0, 
0, 0, 
0, 0, 
0, 0, 
0, 0, 
0, 0, 
0, 0, 
0, 0, 
0, 0, 
0, 0, 
0, 0, 
0, 0, 
0, 0, 
0, 0, 
0, 0, 
0, 0, 
0, 0, 
0, 0, 
0, 0, 
0, 0, 
0, 0, 
0, 0, 
0, 0, 
0, 0, 
0, 0, 
0, 0, 
0, 0, 
0, 0, 
0, 0, 
0, 0, 
0, 0, 
0, 0, 
0, 0, 
0, 0, 
0, 0, 
0, 0, 
0, 0, 
0, 0, 
0, 0, 
0, 0, 
0, 0, 
0, 0, 
0, 0, 
0, 0, 
0, 0, 
0, 0, 
0, 0, 
0, 0, 
0, 0, 
0, 0, 
0, 0, 
0, 0, 
0, 0, 
0, 0, 
0, 0, 
0, 0, 
0, 0, 
0, 0, 
0, 0, 
0, 0, 
0, 0, 
0, 0, 
0, 0, 
0, 0, 
0, 0, 
0, 0, 
0, 0, 
0, 0, 
0, 0, 
0, 0, 
0, 0, 
0, 0, 
0, 0, 
0, 0, 
0, 0, 
0, 0, 
0, 0, 
0, 0, 
0, 0, 
0, 0, 
0, 0, 
0, 0, 
0, 0, 
0, 0, 
0, 0, 
0, 0, 
0, 0, 
0, 0, 
0, 0, 
0, 0, 
0, 0, 
0, 0, 
0, 0, 
0, 0, 
0, 0, 
0, 0, 
0, 0, 
0, 0, 
0, 0, 
0, 0, 
0, 0, 
0, 0, 
0, 0, 
0, 0, 
0, 0, 
0, 0, 
0, 0, 
0, 0, 
0, 0, 
0, 0, 
0, 0, 
0, 0, 
0, 0, 
0, 0, 
0, 0, 
0, 0, 
0, 0, 
0, 0, 
0, 0, 
0, 0, 
0, 0, 
0, 0, 
0, 0, 
0, 0, 
0, 0, 
0, 0, 
0, 0, 
0, 0, 
0, 0, 
0, 0, 
0, 0, 
0, 0, 
0, 0, 
0, 0, 
0, 0, 
0, 0, 
0, 0, 
0, 0, 
0, 0, 
0, 0, 
0, 0, 
0, 0, 
0, 0, 
0, 0, 
0, 0, 
0, 0, 
0, 0, 
0, 0, 
0, 0, 
0, 0, 
0, 0, 
0, 0, 
0, 0, 
0, 0, 
0, 0, 
0, 0, 
0, 0, 
0, 0, 
0, 0, 
0, 0, 
0, 0, 
0, 0, 
0, 0, 
0, 0, 
0, 0, 
0, 0, 
0, 0, 
0, 0, 
0, 0, 
0, 0, 
0, 0, 
0, 0, 
0, 0, 
0, 0, 
0, 0, 
0, 0, 
0, 0, 
0, 0, 
0, 0, 
0, 0, 
0, 0, 
0, 0, 
0, 0, 
0, 0, 
0, 0, 
0, 0, 
0, 0, 
0, 0, 
0, 0, 
0, 0, 
0, 0, 
0, 0, 
0, 0, 
0, 0, 
0, 0, 
0, 0, 
0, 0, 
0, 0, 
0, 0, 
0, 0, 
0, 0, 
0, 0, 
0, 0, 
0, 0, 
0, 0, 
0, 0, 
0, 0, 
0, 0, 
0, 0, 
0, 0, 
0, 0, 
0, 0, 
0, 0, 
0, 0, 
0, 0, 
0, 0, 
0, 0, 
0, 0, 
0, 0, 
0, 0, 
0, 0, 
0, 0, 
0, 0, 
0, 0, 
0, 0, 
0, 0, 
0, 0, 
0, 0, 
0, 0, 
0, 0, 
0, 0, 
0, 0, 
0, 0, 
0, 0, 
0, 0, 
0, 0, 
0, 0, 
0, 0, 
0, 0, 
0, 0, 
0, 0, 
0, 0, 
0, 0, 
0, 0, 
0, 0, 
0, 0, 
0, 0, 
0, 0, 
0, 0, 
0, 0, 
0, 0, 
0, 0, 
0, 0, 
0, 0, 
0, 0, 
0, 0, 
0, 0, 
0, 0, 
0, 0, 
0, 0, 
0, 0, 
0, 0, 
0, 0, 
0, 0, 
0, 0, 
0, 0, 
0, 0, 
0, 0, 
0, 0, 
0, 0, 
0, 0, 
0, 0, 
0, 0, 
0, 0, 
0, 0, 
0, 0, 
0, 0, 
0, 0, 
0, 0, 
0, 0, 
0, 0, 
0, 0, 
0, 0, 
0, 0, 
0, 0, 
0, 0, 
0, 0, 
0, 0, 
0, 0, 
0, 0, 
0, 0, 
0, 0, 
0, 0, 
0, 0, 
0, 0, 
0, 0, 
0, 0, 
0, 0, 
0, 0, 
0, 0, 
0, 0, 
0, 0, 
0, 0, 
0, 0, 
0, 0, 
0, 0, 
0, 0, 
0, 0, 
0, 0, 
0, 0, 
0, 0, 
0, 0, 
0, 0, 
0, 0, 
0, 0, 
0, 0, 
0, 0, 
0, 0, 
0, 0, 
0, 0, 
0, 0, 
0, 0, 
0, 0, 
0, 0, 
0, 0, 
0, 0, 
0, 0, 
0, 0, 
0, 0, 
0, 0, 
0, 0, 
0, 0, 
0, 0, 
0, 0, 
0, 0, 
0, 0, 
0, 0, 
0, 0, 
0, 0, 
0, 0, 
0, 0, 
0, 0, 
0, 0, 
0, 0, 
0, 0, 
0, 0, 
0, 0, 
0, 0, 
0, 0, 
0, 0, 
0, 0, 
0, 0, 
0, 0, 
0, 0, 
0, 0, 
0, 0, 
0, 0, 
0, 0, 
0, 0, 
0, 0, 
0, 0, 
0, 0, 
0, 0, 
0, 0, 
0, 0, 
0, 0, 
0, 0, 
0, 0, 
0, 0, 
0, 0, 
0, 0, 
0, 0, 
0, 0, 
0, 0, 
0, 0, 
0, 0, 
0, 0, 
0, 0, 
0, 0, 
0, 0, 
0, 0, 
0, 0, 
0, 0, 
0, 0, 
0, 0, 
0, 0, 
0, 0, 
0, 0, 
0, 0, 
0, 0, 
0, 0, 
0, 0, 
0, 0, 
0, 0, 
0, 0, 
0, 0, 
0, 0, 
0, 0, 
0, 0, 
0, 0, 
0, 0, 
0, 0, 
0, 0, 
0, 0, 
0, 0, 
0, 0, 
0, 0, 
0, 0, 
0, 0, 
0, 0, 
0, 0, 
0, 0, 
0, 0, 
0, 0, 
0, 0, 
0, 0, 
0, 0, 
0, 0, 
0, 0, 
0, 0, 
0, 0, 
0, 0, 
0, 0, 
0, 0, 
0, 0, 
0, 0, 
0, 0, 
0, 0, 
0, 0, 
0, 0, 
0, 0, 
0, 0, 
0, 0, 
0, 0, 
0, 0, 
0, 0, 
0, 0, 
0, 0, 
0, 0, 
0, 0, 
0, 0, 
0, 0, 
0, 0, 
0, 0, 
0, 0, 
0, 0, 
0, 0, 
0, 0, 
0, 0, 
0, 0, 
0, 0, 
0, 0, 
0, 0, 
0, 0, 
0, 0, 
0, 0, 
0, 0, 
0, 0, 
0, 0, 
0, 0, 
0, 0, 
0, 0, 
0, 0, 
0, 0, 
0, 0, 
0, 0, 
0, 0, 
0, 0, 
0, 0, 
0, 0, 
0, 0, 
0, 0, 
0, 0, 
0, 0, 
0, 0, 
0, 0, 
0, 0, 
0, 0, 
0, 0, 
0, 0, 
0, 0, 
0, 0, 
0, 0, 
0, 0, 
0, 0, 
0, 0, 
0, 0, 
0, 0, 
0, 0, 
0, 0, 
0, 0, 
0, 0, 
0, 0, 
0, 0, 
0, 0, 
0, 0, 
0, 0, 
0, 0, 
0, 0, 
0, 0, 
0, 0, 
0, 0, 
0, 0, 
0, 0, 
0, 0, 
0, 0, 
0, 0, 
0, 0, 
0, 0, 
0, 0, 
0, 0, 
0, 0, 
0, 0, 
0, 0, 
0, 0, 
0, 0, 
0, 0, 
0, 0, 
0, 0, 
0, 0, 
0, 0, 
0, 0, 
0, 0, 
0, 0, 
0, 0, 
0, 0, 
0, 0, 
0, 0, 
0, 0, 
0, 0, 
0, 0, 
0, 0, 
0, 0, 
0, 0, 
0, 0, 
0, 0, 
0, 0, 
0, 0, 
0, 0, 
0, 0, 
0, 0, 
0, 0, 
0, 0, 
0, 0, 
0, 0, 
0, 0, 
0, 0, 
0, 0, 
0, 0, 
0, 0, 
0, 0, 
0, 0, 
0, 0, 
0, 0, 
0, 0, 
0, 0, 
0, 0, 
0, 0, 
0, 0, 
0, 0, 
0, 0, 
0, 0, 
0, 0, 
0, 0, 
0, 0, 
0, 0, 
0, 0, 
0, 0, 
0, 0, 
0, 0, 
0, 0, 
0, 0, 
0, 0, 
0, 0, 
0, 0, 
0, 0, 
0, 0, 
0, 0, 
0, 0, 
0, 0, 
0, 0, 
0, 0, 
0, 0, 
0, 0, 
0, 0, 
0, 0, 
0, 0, 
0, 0, 
0, 0, 
0, 0, 
0, 0, 
0, 0, 
0, 0, 
0, 0, 
0, 0, 
0, 0, 
0, 0, 
0, 0, 
0, 0, 
0, 0, 
0, 0, 
0, 0, 
0, 0, 
0, 0, 
0, 0, 
0, 0, 
0, 0, 
0, 0, 
0, 0, 
0, 0, 
0, 0, 
0, 0, 
0, 0, 
0, 0, 
0, 0, 
0, 0, 
0, 0, 
0, 0, 
0, 0, 
0, 0, 
0, 0, 
0, 0, 
0, 0, 
0, 0, 
0, 0, 
0, 0, 
0, 0, 
0, 0, 
0, 0, 
0, 0, 
0, 0, 
0, 0, 
0, 0, 
0, 0, 
0, 0, 
0, 0, 
0, 0, 
0, 0, 
0, 0, 
0, 0, 
0, 0, 
0, 0, 
0, 0, 
0, 0, 
0, 0, 
0, 0, 
0, 0, 
0, 0, 
0, 0, 
0, 0, 
0, 0, 
0, 0, 
0, 0, 
0, 0, 
0, 0, 
0, 0, 
0, 0, 
0, 0, 
0, 0, 
0, 0, 
0, 0, 
0, 0, 
0, 0, 
0, 0, 
0, 0, 
0, 0, 
0, 0, 
0, 0, 
0, 0, 
0, 0, 
0, 0, 
0, 0, 
0, 0, 
0, 0, 
0, 0, 
0, 0, 
0, 0, 
0, 0, 
0, 0, 
0, 0, 
0, 0, 
0, 0, 
0, 0, 
0, 0, 
0, 0, 
0, 0, 
0, 0, 
0, 0, 
0, 0, 
0, 0, 
0, 0, 
0, 0, 
0, 0, 
0, 0, 
0, 0, 
0, 0, 
0, 0, 
0, 0, 
0, 0, 
0, 0, 
0, 0, 
0, 0, 
0, 0, 
0, 0, 
0, 0, 
0, 0, 
0, 0, 
0, 0, 
0, 0, 
0, 0, 
0, 0, 
0, 0, 
0, 0, 
0, 0, 
0, 0, 
0, 0, 
0, 0, 
0, 0, 
0, 0, 
0, 0, 
0, 0, 
0, 0, 
0, 0, 
0, 0, 
0, 0, 
0, 0, 
0, 0, 
0, 0, 
0, 0, 
0, 0, 
0, 0, 
0, 0, 
0, 0, 
0, 0, 
0, 0, 
0, 0, 
0, 0, 
0, 0, 
0, 0, 
0, 0, 
0, 0, 
0, 0, 
0, 0, 
0, 0, 
0, 0, 
0, 0, 
0, 0, 
0, 0, 
0, 0, 
0, 0, 
0, 0, 
0, 0, 
0, 0, 
0, 0, 
0, 0, 
0, 0, 
0, 0, 
0, 0, 
0, 0, 
0, 0, 
0, 0, 
0, 0, 
0, 0, 
0, 0, 
0, 0, 
0, 0, 
0, 0, 
0, 0, 
0, 0, 
0, 0, 
0, 0, 
0, 0, 
0, 0, 
0, 0, 
0, 0, 
0, 0, 
0, 0, 
0, 0, 
0, 0, 
0, 0, 
0, 0, 
0, 0, 
0, 0, 
0, 0, 
0, 0, 
0, 0, 
0, 0, 
0, 0, 
0, 0, 
0, 0, 
0, 0, 
0, 0, 
0, 0, 
0, 0, 
0, 0, 
0, 0, 
0, 0, 
0, 0, 
0, 0, 
0, 0, 
0, 0, 
0, 0, 
0, 0, 
0, 0, 
0, 0, 
0, 0, 
0, 0, 
0, 0, 
0, 0, 
0, 0, 
0, 0, 
0, 0, 
0, 0, 
0, 0, 
0, 0, 
0, 0, 
0, 0, 
0, 0, 
0, 0, 
0, 0, 
0, 0, 
0, 0, 
0, 0, 
0, 0, 
0, 0, 
0, 0, 
0, 0, 
0, 0, 
0, 0, 
0, 0, 
0, 0, 
0, 0, 
0, 0, 
0, 0, 
0, 0, 
0, 0, 
0, 0, 
0, 0, 
0, 0, 
0, 0, 
0, 0, 
0, 0, 
0, 0, 
0, 0, 
0, 0, 
0, 0, 
0, 0, 
0, 0, 
0, 0, 
0, 0, 
0, 0, 
0, 0, 
0, 0, 
0, 0, 
0, 0, 
0, 0, 
0, 0, 
0, 0, 
0, 0, 
0, 0, 
0, 0, 
0, 0, 
0, 0, 
0, 0, 
0, 0, 
0, 0, 
0, 0, 
0, 0, 
0, 0, 
0, 0, 
0, 0, 
0, 0, 
0, 0, 
0, 0, 
0, 0, 
0, 0, 
0, 0, 
0, 0, 
0, 0, 
0, 0, 
0, 0, 
0, 0, 
0, 0, 
0, 0, 
0, 0, 
0, 0, 
0, 0, 
0, 0, 
0, 0, 
0, 0, 
0, 0, 
0, 0, 
0, 0, 
0, 0, 
0, 0, 
0, 0, 
0, 0, 
0, 0, 
0, 0, 
0, 0, 
0, 0, 
0, 0, 
0, 0, 
0, 0, 
0, 0, 
0, 0, 
0, 0, 
0, 0, 
0, 0, 
0, 0, 
0, 0, 
0, 0, 
0, 0, 
0, 0, 
0, 0, 
0, 0, 
0, 0, 
0, 0, 
0, 0, 
0, 0, 
0, 0, 
0, 0, 
0, 0, 
0, 0, 
0, 0, 
0, 0, 
0, 0, 
0, 0, 
0, 0, 
0, 0, 
0, 0, 
0, 0, 
0, 0, 
0, 0, 
0, 0, 
0, 0, 
0, 0, 
0, 0, 
0, 0, 
0, 0, 
0, 0, 
0, 0, 
0, 0, 
0, 0, 
0, 0, 
0, 0, 
0, 0, 
0, 0, 
0, 0, 
0, 0, 
0, 0, 
0, 0, 
0, 0, 
0, 0, 
0, 0, 
0, 0, 
0, 0, 
0, 0, 
0, 0, 
0, 0, 
0, 0, 
0, 0, 
0, 0, 
0, 0, 
]);
