const vtexx = 6;
const vtexy = 6;
const vtex = new Uint8Array([
10,238,208,255,
180,219,179,255,
150,96,38,255,
0,255,255,255,
255,255,238,255,
89,0,0,255,
0,20,47,255,
48,11,27,255,
28,255,255,255,
255,255,255,255,
255,127,0,255,
0,255,0,255,
0,56,56,255,
56,41,41,255,
41,255,255,255,
255,255,255,255,
255,84,178,255,
255,56,56,255,
56,21,20,255,
20,255,255,255,
255,255,255,255,
255,255,255,255,
255,83,224,255,
92,192,204,255,
176,34,34,255,
34,255,255,255,
255,255,255,255,
255,255,255,255,
255,255,238,255,
89,104,112,255,
96,2,2,255,
2,255,255,255,
255,255,255,255,
255,255,255,255,
255,255,106,255,
0,168,168,255,
]);
